30
757
747
15
20
3
29
22
7
16
13
9
26
19
28
10
11
2
15
2
8
15
1 2 379 3793
1 3 751 7512
1 4 606 6062
1 5 437 4371
1 6 629 6287
1 7 599 5993
1 8 187 1870
1 9 863 8635
1 10 277 2774
1 11 499 4993
1 12 677 6774
1 13 368 3683
1 14 890 8902
1 15 396 3963
1 16 231 2306
1 17 388 3881
1 18 354 3544
1 19 892 8923
1 20 166 1659
1 21 182 1824
1 22 629 6291
1 23 533 5326
1 24 395 3948
1 25 636 6361
1 26 1051 10514
1 27 748 7479
1 28 323 3228
1 29 764 7638
1 30 681 6811
2 1 379 3793
2 3 483 4834
2 4 607 6072
2 5 188 1883
2 6 695 6948
2 7 419 4192
2 8 422 4220
2 9 938 9379
2 10 174 1744
2 11 400 3997
2 12 305 3050
2 13 570 5700
2 14 653 6526
2 15 280 2799
2 16 205 2054
2 17 255 2553
2 18 99 991
2 19 908 9080
2 20 266 2657
2 21 223 2226
2 22 521 5212
2 23 264 2642
2 24 652 6518
2 25 435 4354
2 26 775 7750
2 27 655 6551
2 28 160 1598
2 29 640 6397
2 30 369 3693
3 1 751 7512
3 2 483 4834
3 4 466 4659
3 5 646 6462
3 6 589 5893
3 7 194 1940
3 8 665 6652
3 9 759 7585
3 10 479 4786
3 11 319 3188
3 12 333 3333
3 13 687 6875
3 14 173 1734
3 15 364 3642
3 16 522 5223
3 17 366 3664
3 18 582 5815
3 19 662 6621
3 20 586 5856
3 21 668 6678
3 22 292 2917
3 23 228 2282
3 24 793 7926
3 25 153 1527
3 26 302 3018
3 27 356 3561
3 28 435 4352
3 29 303 3034
3 30 137 1371
4 1 606 6062
4 2 607 6072
4 3 466 4659
4 5 791 7914
4 6 123 1235
4 7 292 2916
4 8 432 4319
4 9 336 3362
4 10 462 4625
4 11 219 2186
4 12 689 6889
4 13 327 3269
4 14 485 4850
4 15 327 3273
4 16 469 4692
4 17 352 3520
4 18 686 6858
4 19 305 3049
4 20 480 4801
4 21 647 6472
4 22 174 1744
4 23 434 4342
4 24 415 4147
4 25 323 3227
4 26 668 6683
4 27 190 1903
4 28 454 4539
4 29 239 2394
4 30 525 5255
5 1 437 4371
5 2 188 1883
5 3 646 6462
5 4 791 7914
5 6 873 8729
5 7 605 6047
5 8 544 5436
5 9 1118 11182
5 10 338 3379
5 11 587 5874
5 12 389 3894
5 13 714 7144
5 14 819 8191
5 15 465 4652
5 16 351 3512
5 17 441 4408
5 18 109 1091
5 19 1094 10940
5 20 389 3886
5 21 255 2550
5 22 709 7094
5 23 442 4418
5 24 782 7821
5 25 618 6178
5 26 922 9223
5 27 843 8431
5 28 338 3380
5 29 826 8264
5 30 519 5187
6 1 629 6287
6 2 695 6948
6 3 589 5893
6 4 123 1235
6 5 873 8729
6 7 414 4136
6 8 443 4433
6 9 247 2468
6 10 536 5361
6 11 328 3283
6 12 804 8044
6 13 293 2934
6 14 600 6002
6 15 420 4196
6 16 533 5330
6 17 444 4439
6 18 765 7647
6 19 267 2666
6 20 528 5281
6 21 701 7012
6 22 298 2976
6 23 548 5476
6 24 357 3575
6 25 446 4458
6 26 781 7812
6 27 289 2888
6 28 536 5363
6 29 345 3452
6 30 647 6469
7 1 599 5993
7 2 419 4192
7 3 194 1940
7 4 292 2916
7 5 605 6047
7 6 414 4136
7 8 488 4876
7 9 613 6127
7 10 348 3483
7 11 126 1260
7 12 408 4083
7 13 494 4943
7 14 294 2935
7 15 204 2036
7 16 383 3833
7 17 216 2156
7 18 516 5156
7 19 541 5408
7 20 435 4352
7 21 553 5532
7 22 131 1307
7 23 173 1731
7 24 599 5992
7 25 43 426
7 26 467 4668
7 27 249 2490
7 28 313 3133
7 29 223 2229
7 30 234 2341
8 1 187 1870
8 2 422 4220
8 3 665 6652
8 4 432 4319
8 5 544 5436
8 6 443 4433
8 7 488 4876
8 9 676 6765
8 10 259 2593
8 11 370 3695
8 12 679 6785
8 13 187 1865
8 14 780 7799
8 15 303 3030
8 16 218 2182
8 17 307 3066
8 18 441 4408
8 19 708 7085
8 20 158 1583
8 21 307 3071
8 22 485 4851
8 23 475 4746
8 24 239 2387
8 25 529 5288
8 26 954 9540
8 27 591 5905
8 28 297 2970
8 29 615 6154
8 30 627 6271
9 1 863 8635
9 2 938 9379
9 3 759 7585
9 4 336 3362
9 5 1118 11182
9 6 247 2468
9 7 613 6127
9 8 676 6765
9 10 782 7824
9 11 555 5548
9 12 1019 10191
9 13 505 5053
9 14 717 7172
9 15 660 6596
9 16 780 7798
9 17 684 6842
9 18 1010 10105
9 19 140 1402
9 20 773 7733
9 21 947 9468
9 22 483 4830
9 23 768 7679
9 24 535 5352
9 25 635 6354
9 26 879 8792
9 27 406 4060
9 28 781 7807
9 29 464 4643
9 30 844 8436
10 1 277 2774
10 2 174 1744
10 3 479 4786
10 4 462 4625
10 5 338 3379
10 6 536 5361
10 7 348 3483
10 8 259 2593
10 9 782 7824
10 11 281 2809
10 12 422 4222
10 13 396 3960
10 14 628 6277
10 15 154 1542
10 16 48 481
10 17 135 1354
10 18 229 2290
10 19 767 7674
10 20 120 1196
10 21 206 2061
10 22 415 4152
10 23 256 2558
10 24 480 4805
10 25 379 3790
10 26 780 7802
10 27 548 5480
10 28 46 456
10 29 547 5469
10 30 404 4038
11 1 499 4993
11 2 400 3997
11 3 319 3188
11 4 219 2186
11 5 587 5874
11 6 328 3283
11 7 126 1260
11 8 370 3695
11 9 555 5548
11 10 281 2809
11 12 477 4766
11 13 369 3687
11 14 412 4116
11 15 128 1277
11 16 304 3041
11 17 150 1500
11 18 486 4864
11 19 510 5101
11 20 342 3419
11 21 484 4844
11 22 135 1352
11 23 219 2195
11 24 474 4738
11 25 169 1686
11 26 590 5897
11 27 267 2670
11 28 259 2589
11 29 269 2694
11 30 334 3339
12 1 677 6774
12 2 305 3050
12 3 333 3333
12 4 689 6889
12 5 389 3894
12 6 804 8044
12 7 408 4083
12 8 679 6785
12 9 1019 10191
12 10 422 4222
12 11 477 4766
12 13 783 7827
12 14 497 4968
12 15 419 4193
12 16 468 4683
12 17 402 4017
12 18 375 3745
12 19 948 9482
12 20 539 5393
12 21 528 5275
12 22 539 5389
12 23 257 2573
12 24 880 8802
12 25 393 3932
12 26 557 5566
12 27 648 6481
12 28 382 3817
12 29 608 6076
12 30 200 1995
13 1 368 3683
13 2 570 5700
13 3 687 6875
13 4 327 3269
13 5 714 7144
13 6 293 2934
13 7 494 4943
13 8 187 1865
13 9 505 5053
13 10 396 3960
13 11 369 3687
13 12 783 7827
13 14 765 7651
13 15 366 3664
13 16 368 3678
13 17 382 3816
13 18 608 6075
13 19 558 5578
13 20 327 3268
13 21 490 4902
13 22 442 4421
13 23 544 5441
13 24 105 1051
13 25 537 5366
13 26 948 9484
13 27 512 5123
13 28 421 4208
13 29 553 5525
13 30 686 6865
14 1 890 8902
14 2 653 6526
14 3 173 1734
14 4 485 4850
14 5 819 8191
14 6 600 6002
14 7 294 2935
14 8 780 7799
14 9 717 7172
14 10 628 6277
14 11 412 4116
14 12 497 4968
14 13 765 7651
14 15 494 4942
14 16 668 6677
14 17 503 5026
14 18 751 7514
14 19 599 5991
14 20 725 7249
14 21 826 8257
14 22 326 3258
14 23 391 3911
14 24 867 8674
14 25 255 2545
14 26 185 1846
14 27 320 3198
14 28 587 5872
14 29 260 2599
14 30 308 3082
15 1 396 3963
15 2 280 2799
15 3 364 3642
15 4 327 3273
15 5 465 4652
15 6 420 4196
15 7 204 2036
15 8 303 3030
15 9 660 6596
15 10 154 1542
15 11 128 1277
15 12 419 4193
15 13 366 3664
15 14 494 4942
15 16 182 1824
15 17 25 247
15 18 362 3616
15 19 629 6288
15 20 232 2317
15 21 360 3595
15 22 261 2611
15 23 179 1793
15 24 468 4676
15 25 240 2398
15 26 659 6595
15 27 394 3943
15 28 132 1316
15 29 393 3927
15 30 328 3282
16 1 231 2306
16 2 205 2054
16 3 522 5223
16 4 469 4692
16 5 351 3512
16 6 533 5330
16 7 383 3833
16 8 218 2182
16 9 780 7798
16 10 48 481
16 11 304 3041
16 12 468 4683
16 13 368 3678
16 14 668 6677
16 15 182 1824
16 17 168 1678
16 18 242 2425
16 19 774 7735
16 20 72 717
16 21 182 1815
16 22 439 4393
16 23 302 3020
16 24 447 4465
16 25 416 4164
16 26 824 8236
16 27 570 5696
16 28 93 934
16 29 573 5730
16 30 451 4511
17 1 388 3881
17 2 255 2553
17 3 366 3664
17 4 352 3520
17 5 441 4408
17 6 444 4439
17 7 216 2156
17 8 307 3066
17 9 684 6842
17 10 135 1354
17 11 150 1500
17 12 402 4017
17 13 382 3816
17 14 503 5026
17 15 25 247
17 16 168 1678
17 18 338 3377
17 19 653 6532
17 20 222 2224
17 21 341 3414
17 22 282 2818
17 23 169 1694
17 24 481 4813
17 25 249 2494
17 26 664 6644
17 27 416 4157
17 28 109 1090
17 29 412 4120
17 30 321 3210
18 1 354 3544
18 2 99 991
18 3 582 5815
18 4 686 6858
18 5 109 1091
18 6 765 7647
18 7 516 5156
18 8 441 4408
18 9 1010 10105
18 10 229 2290
18 11 486 4864
18 12 375 3745
18 13 608 6075
18 14 751 7514
18 15 362 3616
18 16 242 2425
18 17 338 3377
18 19 989 9895
18 20 284 2837
18 21 175 1754
18 22 613 6126
18 23 363 3632
18 24 678 6785
18 25 533 5334
18 26 871 8706
18 27 747 7470
18 28 232 2319
18 29 734 7344
18 30 464 4641
19 1 892 8923
19 2 908 9080
19 3 662 6621
19 4 305 3049
19 5 1094 10940
19 6 267 2666
19 7 541 5408
19 8 708 7085
19 9 140 1402
19 10 767 7674
19 11 510 5101
19 12 948 9482
19 13 558 5578
19 14 599 5991
19 15 629 6288
19 16 774 7735
19 17 653 6532
19 18 989 9895
19 20 780 7800
19 21 950 9499
19 22 411 4110
19 23 708 7078
19 24 610 6096
19 25 556 5559
19 26 752 7523
19 27 307 3066
19 28 758 7576
19 29 359 3594
19 30 762 7617
20 1 166 1659
20 2 266 2657
20 3 586 5856
20 4 480 4801
20 5 389 3886
20 6 528 5281
20 7 435 4352
20 8 158 1583
20 9 773 7733
20 10 120 1196
20 11 342 3419
20 12 539 5393
20 13 327 3268
20 14 725 7249
20 15 232 2317
20 16 72 717
20 17 222 2224
20 18 284 2837
20 19 780 7800
20 21 174 1736
20 22 475 4753
20 23 370 3698
20 24 395 3948
20 25 471 4711
20 26 886 8856
20 27 601 6006
20 28 164 1644
20 29 610 6104
20 30 520 5205
21 1 182 1824
21 2 223 2226
21 3 668 6678
21 4 647 6472
21 5 255 2550
21 6 701 7012
21 7 553 5532
21 8 307 3071
21 9 947 9468
21 10 206 2061
21 11 484 4844
21 12 528 5275
21 13 490 4902
21 14 826 8257
21 15 360 3595
21 16 182 1815
21 17 341 3414
21 18 175 1754
21 19 950 9499
21 20 174 1736
21 22 619 6194
21 23 440 4396
21 24 543 5434
21 25 582 5820
21 26 968 9682
21 27 751 7507
21 28 241 2405
21 29 752 7522
21 30 572 5723
22 1 629 6291
22 2 521 5212
22 3 292 2917
22 4 174 1744
22 5 709 7094
22 6 298 2976
22 7 131 1307
22 8 485 4851
22 9 483 4830
22 10 415 4152
22 11 135 1352
22 12 539 5389
22 13 442 4421
22 14 326 3258
22 15 261 2611
22 16 439 4393
22 17 282 2818
22 18 613 6126
22 19 411 4110
22 20 475 4753
22 21 619 6194
22 23 298 2976
22 24 543 5429
22 25 153 1532
22 26 510 5103
22 27 135 1345
22 28 390 3904
22 29 135 1351
22 30 361 3609
23 1 533 5326
23 2 264 2642
23 3 228 2282
23 4 434 4342
23 5 442 4418
23 6 548 5476
23 7 173 1731
23 8 475 4746
23 9 768 7679
23 10 256 2558
23 11 219 2195
23 12 257 2573
23 13 544 5441
23 14 391 3911
23 15 179 1793
23 16 302 3020
23 17 169 1694
23 18 363 3632
23 19 708 7078
23 20 370 3698
23 21 440 4396
23 22 298 2976
23 24 646 6462
23 25 178 1777
23 26 529 5289
23 27 422 4220
23 28 211 2109
23 29 394 3945
23 30 153 1529
24 1 395 3948
24 2 652 6518
24 3 793 7926
24 4 415 4147
24 5 782 7821
24 6 357 3575
24 7 599 5992
24 8 239 2387
24 9 535 5352
24 10 480 4805
24 11 474 4738
24 12 880 8802
24 13 105 1051
24 14 867 8674
24 15 468 4676
24 16 447 4465
24 17 481 4813
24 18 678 6785
24 19 610 6096
24 20 395 3948
24 21 543 5434
24 22 543 5429
24 23 646 6462
24 25 642 6415
24 26 1051 10512
24 27 604 6040
24 28 510 5101
24 29 648 6477
24 30 790 7903
25 1 636 6361
25 2 435 4354
25 3 153 1527
25 4 323 3227
25 5 618 6178
25 6 446 4458
25 7 43 426
25 8 529 5288
25 9 635 6354
25 10 379 3790
25 11 169 1686
25 12 393 3932
25 13 537 5366
25 14 255 2545
25 15 240 2398
25 16 416 4164
25 17 249 2494
25 18 533 5334
25 19 556 5559
25 20 471 4711
25 21 582 5820
25 22 153 1532
25 23 178 1777
25 24 642 6415
25 26 425 4252
25 27 255 2554
25 28 342 3415
25 29 220 2200
25 30 208 2082
26 1 1051 10514
26 2 775 7750
26 3 302 3018
26 4 668 6683
26 5 922 9223
26 6 781 7812
26 7 467 4668
26 8 954 9540
26 9 879 8792
26 10 780 7802
26 11 590 5897
26 12 557 5566
26 13 948 9484
26 14 185 1846
26 15 659 6595
26 16 824 8236
26 17 664 6644
26 18 871 8706
26 19 752 7523
26 20 886 8856
26 21 968 9682
26 22 510 5103
26 23 529 5289
26 24 1051 10512
26 25 425 4252
26 27 496 4959
26 28 737 7369
26 29 437 4370
26 30 407 4066
27 1 748 7479
27 2 655 6551
27 3 356 3561
27 4 190 1903
27 5 843 8431
27 6 289 2888
27 7 249 2490
27 8 591 5905
27 9 406 4060
27 10 548 5480
27 11 267 2670
27 12 648 6481
27 13 512 5123
27 14 320 3198
27 15 394 3943
27 16 570 5696
27 17 416 4157
27 18 747 7470
27 19 307 3066
27 20 601 6006
27 21 751 7507
27 22 135 1345
27 23 422 4220
27 24 604 6040
27 25 255 2554
27 26 496 4959
27 28 524 5245
27 29 60 601
27 30 457 4570
28 1 323 3228
28 2 160 1598
28 3 435 4352
28 4 454 4539
28 5 338 3380
28 6 536 5363
28 7 313 3133
28 8 297 2970
28 9 781 7807
28 10 46 456
28 11 259 2589
28 12 382 3817
28 13 421 4208
28 14 587 5872
28 15 132 1316
28 16 93 934
28 17 109 1090
28 18 232 2319
28 19 758 7576
28 20 164 1644
28 21 241 2405
28 22 390 3904
28 23 211 2109
28 24 510 5101
28 25 342 3415
28 26 737 7369
28 27 524 5245
28 29 519 5191
28 30 358 3582
29 1 764 7638
29 2 640 6397
29 3 303 3034
29 4 239 2394
29 5 826 8264
29 6 345 3452
29 7 223 2229
29 8 615 6154
29 9 464 4643
29 10 547 5469
29 11 269 2694
29 12 608 6076
29 13 553 5525
29 14 260 2599
29 15 393 3927
29 16 573 5730
29 17 412 4120
29 18 734 7344
29 19 359 3594
29 20 610 6104
29 21 752 7522
29 22 135 1351
29 23 394 3945
29 24 648 6477
29 25 220 2200
29 26 437 4370
29 27 60 601
29 28 519 5191
29 30 412 4124
30 1 681 6811
30 2 369 3693
30 3 137 1371
30 4 525 5255
30 5 519 5187
30 6 647 6469
30 7 234 2341
30 8 627 6271
30 9 844 8436
30 10 404 4038
30 11 334 3339
30 12 200 1995
30 13 686 6865
30 14 308 3082
30 15 328 3282
30 16 451 4511
30 17 321 3210
30 18 464 4641
30 19 762 7617
30 20 520 5205
30 21 572 5723
30 22 361 3609
30 23 153 1529
30 24 790 7903
30 25 208 2082
30 26 407 4066
30 27 457 4570
30 28 358 3582
30 29 412 4124
