30
958
717
1
3
13
3
30
13
5
16
17
20
8
15
21
9
22
14
1 2 357 3570
1 3 645 6453
1 4 519 5186
1 5 504 5039
1 6 409 4088
1 7 662 6619
1 8 230 2297
1 9 487 4874
1 10 126 1265
1 11 668 6679
1 12 697 6970
1 13 723 7230
1 14 503 5026
1 15 286 2863
1 16 247 2469
1 17 566 5660
1 18 609 6091
1 19 247 2467
1 20 356 3560
1 21 675 6748
1 22 437 4366
1 23 370 3702
1 24 412 4117
1 25 521 5209
1 26 669 6693
1 27 643 6433
1 28 308 3085
1 29 688 6885
1 30 268 2683
2 1 357 3570
2 3 553 5534
2 4 709 7087
2 5 628 6284
2 6 565 5649
2 7 626 6264
2 8 562 5625
2 9 743 7427
2 10 230 2305
2 11 741 7409
2 12 525 5251
2 13 481 4805
2 14 786 7864
2 15 72 715
2 16 307 3072
2 17 911 9108
2 18 891 8905
2 19 116 1156
2 20 527 5272
2 21 498 4979
2 22 703 7035
2 23 723 7234
2 24 737 7368
2 25 587 5869
2 26 861 8613
2 27 825 8252
2 28 473 4726
2 29 698 6979
2 30 266 2662
3 1 645 6453
3 2 553 5534
3 4 484 4843
3 5 355 3551
3 6 395 3948
3 7 110 1099
3 8 674 6741
3 9 611 6106
3 10 589 5894
3 11 319 3194
3 12 146 1457
3 13 286 2862
3 14 690 6898
3 15 545 5450
3 16 788 7877
3 17 942 9418
3 18 753 7526
3 19 531 5313
3 20 416 4163
3 21 152 1523
3 22 612 6117
3 23 843 8433
3 24 752 7522
3 25 259 2594
3 26 571 5707
3 27 532 5318
3 28 924 9237
3 29 208 2083
3 30 767 7671
4 1 519 5186
4 2 709 7087
4 3 484 4843
4 5 130 1295
4 6 145 1450
4 7 409 4086
4 8 371 3712
4 9 142 1417
4 10 567 5672
4 11 250 2497
4 12 621 6212
4 13 739 7393
4 14 222 2218
4 15 653 6527
4 16 759 7592
4 17 496 4960
4 18 269 2687
4 19 611 6114
4 20 183 1831
4 21 618 6176
4 22 169 1695
4 23 473 4728
4 24 335 3350
4 25 225 2252
4 26 156 1556
4 27 125 1252
4 28 819 8187
4 29 354 3535
4 30 769 7694
5 1 504 5039
5 2 628 6284
5 3 355 3551
5 4 130 1295
5 6 97 974
5 7 285 2846
5 8 413 4129
5 9 259 2593
5 10 523 5234
5 11 172 1720
5 12 492 4917
5 13 612 6116
5 14 340 3400
5 15 580 5803
5 16 728 7281
5 17 606 6057
5 18 398 3975
5 19 543 5432
5 20 150 1498
5 21 488 4884
5 22 270 2702
5 23 549 5489
5 24 428 4282
5 25 96 958
5 26 247 2474
5 27 208 2078
5 28 812 8122
5 29 244 2442
5 30 730 7301
6 1 409 4088
6 2 565 5649
6 3 395 3948
6 4 145 1450
6 5 97 974
6 7 347 3466
6 8 320 3201
6 9 227 2270
6 10 437 4373
6 11 269 2686
6 12 518 5177
6 13 622 6217
6 14 301 3013
6 15 511 5106
6 16 638 6381
6 17 547 5472
6 18 380 3804
6 19 470 4705
6 20 53 530
6 21 509 5094
6 22 219 2186
6 23 467 4667
6 24 360 3596
6 25 154 1544
6 26 296 2965
6 27 261 2612
6 28 717 7166
6 29 326 3265
6 30 643 6431
7 1 662 6619
7 2 626 6264
7 3 110 1099
7 4 409 4086
7 5 285 2846
7 6 347 3466
7 8 652 6524
7 9 544 5438
7 10 626 6259
7 11 214 2143
7 12 252 2523
7 13 395 3954
7 14 625 6246
7 15 608 6075
7 16 832 8321
7 17 888 8883
7 18 676 6763
7 19 587 5870
7 20 380 3801
7 21 262 2615
7 22 553 5532
7 23 811 8112
7 24 705 7051
7 25 195 1945
7 26 476 4759
7 27 438 4383
7 28 956 9559
7 29 98 984
7 30 817 8172
8 1 230 2297
8 2 562 5625
8 3 674 6741
8 4 371 3712
8 5 413 4129
8 6 320 3201
8 7 652 6524
8 9 292 2920
8 10 342 3418
8 11 584 5841
8 12 767 7666
8 13 831 8315
8 14 286 2860
8 15 491 4913
8 16 466 4663
8 17 349 3488
8 18 389 3894
8 19 447 4469
8 20 276 2757
8 21 750 7502
8 22 238 2384
8 23 180 1796
8 24 182 1820
8 25 470 4702
8 26 501 5010
8 27 485 4847
8 28 476 4760
8 29 645 6452
8 30 494 4944
9 1 487 4874
9 2 743 7427
9 3 611 6106
9 4 142 1417
9 5 259 2593
9 6 227 2270
9 7 544 5438
9 8 292 2920
9 10 565 5649
9 11 391 3909
9 12 741 7409
9 13 849 8485
9 14 81 810
9 15 679 6789
9 16 734 7343
9 17 354 3544
9 18 156 1556
9 19 635 6347
9 20 235 2350
9 21 734 7341
9 22 54 536
9 23 351 3509
9 24 204 2038
9 25 353 3530
9 26 218 2177
9 27 212 2118
9 28 765 7655
9 29 494 4943
9 30 753 7532
10 1 126 1265
10 2 230 2305
10 3 589 5894
10 4 567 5672
10 5 523 5234
10 6 437 4373
10 7 626 6259
10 8 342 3418
10 9 565 5649
10 11 673 6726
10 12 618 6176
10 13 624 6241
10 14 594 5937
10 15 160 1599
10 16 210 2096
10 17 687 6866
10 18 701 7005
10 19 122 1218
10 20 388 3881
10 21 593 5933
10 22 518 5184
10 23 495 4946
10 24 522 5219
10 25 517 5170
10 26 722 7225
10 27 692 6917
10 28 334 3345
10 29 670 6697
10 30 207 2067
11 1 668 6679
11 2 741 7409
11 3 319 3194
11 4 250 2497
11 5 172 1720
11 6 269 2686
11 7 214 2143
11 8 584 5841
11 9 391 3909
11 10 673 6726
11 12 465 4648
11 13 605 6047
11 14 470 4698
11 15 704 7037
11 16 881 8812
11 17 745 7453
11 18 498 4978
11 19 672 6721
11 20 320 3199
11 21 471 4712
11 22 417 4173
11 23 712 7124
11 24 582 5819
11 25 157 1573
11 26 271 2705
11 27 236 2365
11 28 976 9761
11 29 126 1257
11 30 878 8781
12 1 697 6970
12 2 525 5251
12 3 146 1457
12 4 621 6212
12 5 492 4917
12 6 518 5177
12 7 252 2523
12 8 767 7666
12 9 741 7409
12 10 618 6176
12 11 465 4648
12 13 146 1459
12 14 818 8181
12 15 536 5359
12 16 798 7976
12 17 1059 10589
12 18 888 8876
12 19 534 5343
12 20 530 5300
12 21 27 273
12 22 736 7363
12 23 942 9424
12 24 866 8661
12 25 397 3966
12 26 715 7151
12 27 676 6759
12 28 948 9476
12 29 350 3499
12 30 769 7690
13 1 723 7230
13 2 481 4805
13 3 286 2862
13 4 739 7393
13 5 612 6116
13 6 622 6217
13 7 395 3954
13 8 831 8315
13 9 849 8485
13 10 624 6241
13 11 605 6047
13 12 146 1459
13 14 922 9223
13 15 510 5102
13 16 778 7779
13 17 1146 11464
13 18 1000 10001
13 19 521 5210
13 20 624 6241
13 21 134 1340
13 22 837 8371
13 23 1011 10108
13 24 952 9522
13 25 520 5196
13 26 846 8456
13 27 806 8058
13 28 938 9377
13 29 494 4937
13 30 742 7423
14 1 503 5026
14 2 786 7864
14 3 690 6898
14 4 222 2218
14 5 340 3400
14 6 301 3013
14 7 625 6246
14 8 286 2860
14 9 81 810
14 10 594 5937
14 11 470 4698
14 12 818 8181
14 13 922 9223
14 15 720 7199
14 16 747 7472
14 17 276 2762
14 18 107 1069
14 19 675 6749
14 20 301 3014
14 21 811 8105
14 22 88 878
14 23 302 3015
14 24 151 1505
14 25 433 4332
14 26 271 2712
14 27 275 2746
14 28 761 7607
14 29 575 5750
14 30 771 7709
15 1 286 2863
15 2 72 715
15 3 545 5450
15 4 653 6527
15 5 580 5803
15 6 511 5106
15 7 608 6075
15 8 491 4913
15 9 679 6789
15 10 160 1599
15 11 704 7037
15 12 536 5359
15 13 510 5102
15 14 720 7199
15 16 268 2677
15 17 839 8394
15 18 825 8248
15 19 45 452
15 20 470 4698
15 21 509 5093
15 22 638 6381
15 23 652 6519
15 24 666 6665
15 25 547 5473
15 26 807 8068
15 27 772 7718
15 28 429 4287
15 29 672 6717
15 30 234 2342
16 1 247 2469
16 2 307 3072
16 3 788 7877
16 4 759 7592
16 5 728 7281
16 6 638 6381
16 7 832 8321
16 8 466 4663
16 9 734 7343
16 10 210 2096
16 11 881 8812
16 12 798 7976
16 13 778 7779
16 14 747 7472
16 15 268 2677
16 17 774 7744
16 18 853 8531
16 19 263 2633
16 20 587 5869
16 21 772 7716
16 22 683 6833
16 23 570 5700
16 24 644 6444
16 25 726 7262
16 26 912 9123
16 27 884 8844
16 28 166 1660
16 29 879 8789
16 30 49 494
17 1 566 5660
17 2 911 9108
17 3 942 9418
17 4 496 4960
17 5 606 6057
17 6 547 5472
17 7 888 8883
17 8 349 3488
17 9 354 3544
17 10 687 6866
17 11 745 7453
17 12 1059 10589
17 13 1146 11464
17 14 276 2762
17 15 839 8394
17 16 774 7744
17 18 289 2893
17 19 795 7954
17 20 529 5290
17 21 1047 10475
17 22 336 3355
17 23 205 2046
17 24 194 1942
17 25 694 6939
17 26 535 5347
17 27 545 5452
17 28 727 7273
17 29 847 8467
17 30 812 8117
18 1 609 6091
18 2 891 8905
18 3 753 7526
18 4 269 2687
18 5 398 3975
18 6 380 3804
18 7 676 6763
18 8 389 3894
18 9 156 1556
18 10 701 7005
18 11 498 4978
18 12 888 8876
18 13 1000 10001
18 14 107 1069
18 15 825 8248
18 16 853 8531
18 17 289 2893
18 19 780 7799
18 20 391 3907
18 21 882 8825
18 22 187 1872
18 23 376 3760
18 24 233 2328
18 25 493 4933
18 26 254 2537
18 27 272 2724
18 28 861 8612
18 29 614 6141
18 30 877 8774
19 1 247 2467
19 2 116 1156
19 3 531 5313
19 4 611 6114
19 5 543 5432
19 6 470 4705
19 7 587 5870
19 8 447 4469
19 9 635 6347
19 10 122 1218
19 11 672 6721
19 12 534 5343
19 13 521 5210
19 14 675 6749
19 15 45 452
19 16 263 2633
19 17 795 7954
19 18 780 7799
19 20 428 4284
19 21 508 5084
19 22 593 5934
19 23 609 6093
19 24 621 6215
19 25 515 5150
19 26 766 7661
19 27 732 7316
19 28 418 4175
19 29 646 6464
19 30 237 2368
20 1 356 3560
20 2 527 5272
20 3 416 4163
20 4 183 1831
20 5 150 1498
20 6 53 530
20 7 380 3801
20 8 276 2757
20 9 235 2350
20 10 388 3881
20 11 320 3199
20 12 530 5300
20 13 624 6241
20 14 301 3014
20 15 470 4698
20 16 587 5869
20 17 529 5290
20 18 391 3907
20 19 428 4284
20 21 519 5191
20 22 214 2144
20 23 431 4315
20 24 337 3369
20 25 195 1945
20 26 338 3383
20 27 305 3052
20 28 664 6637
20 29 370 3698
20 30 593 5931
21 1 675 6748
21 2 498 4979
21 3 152 1523
21 4 618 6176
21 5 488 4884
21 6 509 5094
21 7 262 2615
21 8 750 7502
21 9 734 7341
21 10 593 5933
21 11 471 4712
21 12 27 273
21 13 134 1340
21 14 811 8105
21 15 509 5093
21 16 772 7716
21 17 1047 10475
21 18 882 8825
21 19 508 5084
21 20 519 5191
21 22 728 7277
21 23 927 9270
21 24 854 8541
21 25 394 3942
21 26 716 7165
21 27 677 6770
21 28 922 9224
21 29 360 3598
21 30 743 7426
22 1 437 4366
22 2 703 7035
22 3 612 6117
22 4 169 1695
22 5 270 2702
22 6 219 2186
22 7 553 5532
22 8 238 2384
22 9 54 536
22 10 518 5184
22 11 417 4173
22 12 736 7363
22 13 837 8371
22 14 88 878
22 15 638 6381
22 16 683 6833
22 17 336 3355
22 18 187 1872
22 19 593 5934
22 20 214 2144
22 21 728 7277
22 23 306 3065
22 24 165 1655
22 25 359 3592
22 26 268 2682
22 27 258 2585
22 28 712 7121
22 29 512 5123
22 30 703 7035
23 1 370 3702
23 2 723 7234
23 3 843 8433
23 4 473 4728
23 5 549 5489
23 6 467 4667
23 7 811 8112
23 8 180 1796
23 9 351 3509
23 10 495 4946
23 11 712 7124
23 12 942 9424
23 13 1011 10108
23 14 302 3015
23 15 652 6519
23 16 570 5700
23 17 205 2046
23 18 376 3760
23 19 609 6093
23 20 431 4315
23 21 927 9270
23 22 306 3065
23 24 151 1511
23 25 621 6211
23 26 567 5669
23 27 563 5627
23 28 527 5272
23 29 791 7913
23 30 608 6079
24 1 412 4117
24 2 737 7368
24 3 752 7522
24 4 335 3350
24 5 428 4282
24 6 360 3596
24 7 705 7051
24 8 182 1820
24 9 204 2038
24 10 522 5219
24 11 582 5819
24 12 866 8661
24 13 952 9522
24 14 151 1505
24 15 666 6665
24 16 644 6444
24 17 194 1942
24 18 233 2328
24 19 621 6215
24 20 337 3369
24 21 854 8541
24 22 165 1655
24 23 151 1511
24 25 511 5108
24 26 417 4171
24 27 415 4150
24 28 635 6348
24 29 672 6723
24 30 675 6747
25 1 521 5209
25 2 587 5869
25 3 259 2594
25 4 225 2252
25 5 96 958
25 6 154 1544
25 7 195 1945
25 8 470 4702
25 9 353 3530
25 10 517 5170
25 11 157 1573
25 12 397 3966
25 13 520 5196
25 14 433 4332
25 15 547 5473
25 16 726 7262
25 17 694 6939
25 18 493 4933
25 19 515 5150
25 20 195 1945
25 21 394 3942
25 22 359 3592
25 23 621 6211
25 24 511 5108
25 26 329 3289
25 27 289 2887
25 28 827 8274
25 29 176 1757
25 30 722 7218
26 1 669 6693
26 2 861 8613
26 3 571 5707
26 4 156 1556
26 5 247 2474
26 6 296 2965
26 7 476 4759
26 8 501 5010
26 9 218 2177
26 10 722 7225
26 11 271 2705
26 12 715 7151
26 13 846 8456
26 14 271 2712
26 15 807 8068
26 16 912 9123
26 17 535 5347
26 18 254 2537
26 19 766 7661
26 20 338 3383
26 21 716 7165
26 22 268 2682
26 23 567 5669
26 24 417 4171
26 25 329 3289
26 27 40 402
26 28 964 9641
26 29 396 3955
26 30 924 9238
27 1 643 6433
27 2 825 8252
27 3 532 5318
27 4 125 1252
27 5 208 2078
27 6 261 2612
27 7 438 4383
27 8 485 4847
27 9 212 2118
27 10 692 6917
27 11 236 2365
27 12 676 6759
27 13 806 8058
27 14 275 2746
27 15 772 7718
27 16 884 8844
27 17 545 5452
27 18 272 2724
27 19 732 7316
27 20 305 3052
27 21 677 6770
27 22 258 2585
27 23 563 5627
27 24 415 4150
27 25 289 2887
27 26 40 402
27 28 942 9416
27 29 360 3604
27 30 894 8945
28 1 308 3085
28 2 473 4726
28 3 924 9237
28 4 819 8187
28 5 812 8122
28 6 717 7166
28 7 956 9559
28 8 476 4760
28 9 765 7655
28 10 334 3345
28 11 976 9761
28 12 948 9476
28 13 938 9377
28 14 761 7607
28 15 429 4287
28 16 166 1660
28 17 727 7273
28 18 861 8612
28 19 418 4175
28 20 664 6637
28 21 922 9224
28 22 712 7121
28 23 527 5272
28 24 635 6348
28 25 827 8274
28 26 964 9641
28 27 942 9416
28 29 991 9913
28 30 212 2117
29 1 688 6885
29 2 698 6979
29 3 208 2083
29 4 354 3535
29 5 244 2442
29 6 326 3265
29 7 98 984
29 8 645 6452
29 9 494 4943
29 10 670 6697
29 11 126 1257
29 12 350 3499
29 13 494 4937
29 14 575 5750
29 15 672 6717
29 16 879 8789
29 17 847 8467
29 18 614 6141
29 19 646 6464
29 20 370 3698
29 21 360 3598
29 22 512 5123
29 23 791 7913
29 24 672 6723
29 25 176 1757
29 26 396 3955
29 27 360 3604
29 28 991 9913
29 30 869 8688
30 1 268 2683
30 2 266 2662
30 3 767 7671
30 4 769 7694
30 5 730 7301
30 6 643 6431
30 7 817 8172
30 8 494 4944
30 9 753 7532
30 10 207 2067
30 11 878 8781
30 12 769 7690
30 13 742 7423
30 14 771 7709
30 15 234 2342
30 16 49 494
30 17 812 8117
30 18 877 8774
30 19 237 2368
30 20 593 5931
30 21 743 7426
30 22 703 7035
30 23 608 6079
30 24 675 6747
30 25 722 7218
30 26 924 9238
30 27 894 8945
30 28 212 2117
30 29 869 8688
