30
504
333
17
18
8
29
26
25
24
27
9
20
15
6
30
17
16
23
11
21
3
1
30
12
1 2 577 5768
1 3 848 8484
1 4 341 3411
1 5 440 4397
1 6 311 3110
1 7 838 8381
1 8 656 6555
1 9 162 1617
1 10 163 1626
1 11 401 4008
1 12 649 6492
1 13 228 2278
1 14 908 9075
1 15 616 6163
1 16 259 2593
1 17 714 7137
1 18 221 2215
1 19 901 9014
1 20 908 9082
1 21 129 1288
1 22 714 7136
1 23 614 6144
1 24 639 6391
1 25 874 8742
1 26 174 1743
1 27 772 7723
1 28 627 6270
1 29 397 3972
1 30 893 8930
2 1 577 5768
2 3 384 3841
2 4 241 2405
2 5 171 1710
2 6 304 3041
2 7 806 8058
2 8 710 7099
2 9 416 4164
2 10 726 7263
2 11 709 7087
2 12 310 3102
2 13 738 7377
2 14 365 3646
2 15 122 1221
2 16 334 3344
2 17 696 6961
2 18 387 3874
2 19 390 3899
2 20 370 3701
2 21 491 4906
2 22 345 3448
2 23 352 3516
2 24 402 4015
2 25 524 5236
2 26 735 7348
2 27 516 5159
2 28 339 3392
2 29 202 2020
2 30 603 6029
3 1 848 8484
3 2 384 3841
3 4 572 5725
3 5 543 5429
3 6 654 6537
3 7 633 6331
3 8 632 6323
3 9 710 7102
3 10 964 9637
3 11 796 7959
3 12 668 6685
3 13 934 9337
3 14 167 1671
3 15 272 2721
3 16 664 6635
3 17 572 5722
3 18 627 6272
3 19 95 950
3 20 155 1546
3 21 729 7293
3 22 683 6828
3 23 277 2768
3 24 291 2906
3 25 196 1957
3 26 968 9678
3 27 285 2849
3 28 255 2553
3 29 465 4654
3 30 298 2983
4 1 341 3411
4 2 241 2405
4 3 572 5725
4 5 105 1053
4 6 85 846
4 7 805 8050
4 8 663 6627
4 9 179 1794
4 10 497 4970
4 11 558 5581
4 12 358 3582
4 13 525 5247
4 14 594 5935
4 15 308 3077
4 16 95 953
4 17 680 6801
4 18 190 1897
4 19 604 6037
4 20 597 5968
4 21 275 2748
4 22 419 4189
4 23 417 4173
4 24 461 4612
4 25 659 6586
4 26 507 5067
4 27 601 6006
4 28 418 4182
4 29 124 1238
4 30 712 7118
5 1 440 4397
5 2 171 1710
5 3 543 5429
5 4 105 1053
5 6 140 1397
5 7 862 8625
5 8 734 7344
5 9 279 2793
5 10 598 5984
5 11 657 6569
5 12 262 2619
5 13 630 6296
5 14 536 5355
5 15 271 2708
5 16 182 1819
5 17 741 7414
5 18 293 2931
5 19 558 5582
5 20 541 5410
5 21 380 3800
5 22 320 3197
5 23 440 4404
5 24 489 4886
5 25 658 6579
5 26 609 6086
5 27 621 6215
5 28 436 4358
5 29 170 1700
5 30 724 7239
6 1 311 3110
6 2 304 3041
6 3 654 6537
6 4 85 846
6 5 140 1397
6 7 876 8763
6 8 726 7261
6 9 159 1593
6 10 473 4730
6 11 589 5894
6 12 345 3446
6 13 518 5178
6 14 666 6656
6 15 386 3856
6 16 56 563
6 17 750 7499
6 18 220 2200
6 19 681 6807
6 20 670 6698
6 21 278 2777
6 22 409 4085
6 23 501 5009
6 24 544 5439
6 25 743 7432
6 26 484 4842
6 27 684 6839
6 28 502 5023
6 29 208 2077
6 30 796 7959
7 1 838 8381
7 2 806 8058
7 3 633 6331
7 4 805 8050
7 5 862 8625
7 6 876 8763
7 8 188 1882
7 9 804 8041
7 10 846 8463
7 11 502 5023
7 12 1104 11041
7 13 754 7542
7 14 799 7991
7 15 704 7037
7 16 842 8425
7 17 128 1280
7 18 688 6882
7 19 727 7271
7 20 787 7872
7 21 722 7218
7 22 1148 11475
7 23 458 4580
7 24 410 4100
7 25 461 4611
7 26 841 8410
7 27 349 3486
7 28 475 4746
7 29 694 6943
7 30 372 3723
8 1 656 6555
8 2 710 7099
8 3 632 6323
8 4 663 6627
8 5 734 7344
8 6 726 7261
8 7 188 1882
8 9 636 6358
8 10 658 6582
8 11 316 3164
8 12 989 9888
8 13 566 5663
8 14 787 7874
8 15 626 6262
8 16 686 6863
8 17 90 899
8 18 523 5232
8 19 726 7263
8 20 778 7778
8 21 544 5439
8 22 1038 10385
8 23 393 3930
8 24 356 3560
8 25 502 5015
8 26 653 6528
8 27 365 3646
8 28 415 4145
8 29 565 5645
8 30 441 4410
9 1 162 1617
9 2 416 4164
9 3 710 7102
9 4 179 1794
9 5 279 2793
9 6 159 1593
9 7 804 8041
9 8 636 6358
9 10 319 3192
9 11 450 4501
9 12 504 5038
9 13 359 3585
9 14 756 7555
9 15 464 4641
9 16 104 1036
9 17 676 6762
9 18 117 1170
9 19 755 7554
9 20 757 7572
9 21 124 1239
9 22 568 5678
9 23 502 5016
9 24 535 5348
9 25 760 7601
9 26 330 3295
9 27 674 6745
9 28 510 5101
9 29 247 2472
9 30 794 7935
10 1 163 1626
10 2 726 7263
10 3 964 9637
10 4 497 4970
10 5 598 5984
10 6 473 4730
10 7 846 8463
10 8 658 6582
10 9 319 3192
10 11 357 3568
10 12 812 8117
10 13 109 1095
10 14 1040 10399
10 15 752 7521
10 16 420 4202
10 17 731 7307
10 18 347 3474
10 19 1026 10256
10 20 1039 10392
10 21 241 2406
10 22 876 8760
10 23 709 7091
10 24 725 7246
10 25 962 9624
10 26 14 137
10 27 846 8465
10 28 725 7252
10 29 536 5357
10 30 966 9656
11 1 401 4008
11 2 709 7087
11 3 796 7959
11 4 558 5581
11 5 657 6569
11 6 589 5894
11 7 502 5023
11 8 316 3164
11 9 450 4501
11 10 357 3568
11 12 916 9162
11 13 256 2557
11 14 919 9190
11 15 674 6742
11 16 536 5362
11 17 399 3994
11 18 371 3714
11 19 879 8789
11 20 913 9134
11 21 329 3290
11 22 976 9761
11 23 519 5192
11 24 510 5105
11 25 728 7285
11 26 349 3492
11 27 594 5936
11 28 541 5411
11 29 513 5130
11 30 700 7002
12 1 649 6492
12 2 310 3102
12 3 668 6685
12 4 358 3582
12 5 262 2619
12 6 345 3446
12 7 1104 11041
12 8 989 9888
12 9 504 5038
12 10 812 8117
12 11 916 9162
12 13 862 8622
12 14 593 5932
12 15 430 4303
12 16 401 4007
12 17 988 9880
12 18 547 5471
12 19 646 6461
12 20 604 6038
12 21 621 6206
12 22 64 644
12 23 658 6579
12 24 708 7080
12 25 828 8280
12 26 824 8236
12 27 826 8260
12 28 647 6472
12 29 427 4266
12 30 911 9114
13 1 228 2278
13 2 738 7377
13 3 934 9337
13 4 525 5247
13 5 630 6296
13 6 518 5178
13 7 754 7542
13 8 566 5663
13 9 359 3585
13 10 109 1095
13 11 256 2557
13 12 862 8622
13 14 1026 10255
13 15 746 7457
13 16 462 4620
13 17 644 6437
13 18 350 3503
13 19 1003 10030
13 20 1023 10233
13 21 250 2504
13 22 926 9263
13 23 667 6673
13 24 676 6758
13 25 911 9113
13 26 99 988
13 27 788 7878
13 28 686 6856
13 29 538 5384
13 30 904 9041
14 1 908 9075
14 2 365 3646
14 3 167 1671
14 4 594 5935
14 5 536 5355
14 6 666 6656
14 7 799 7991
14 8 787 7874
14 9 756 7555
14 10 1040 10399
14 11 919 9190
14 12 593 5932
14 13 1026 10255
14 15 292 2916
14 16 689 6888
14 17 733 7329
14 18 693 6933
14 19 80 800
14 20 14 143
14 21 800 7997
14 22 593 5928
14 23 409 4086
14 24 435 4348
14 25 359 3590
14 26 1046 10459
14 27 451 4505
14 28 386 3857
14 29 510 5104
14 30 462 4621
15 1 616 6163
15 2 122 1221
15 3 272 2721
15 4 308 3077
15 5 271 2708
15 6 386 3856
15 7 704 7037
15 8 626 6262
15 9 464 4641
15 10 752 7521
15 11 674 6742
15 12 430 4303
15 13 746 7457
15 14 292 2916
15 16 402 4019
15 17 601 6013
15 18 405 4047
15 19 296 2960
15 20 293 2930
15 21 512 5115
15 22 461 4605
15 23 246 2457
15 24 294 2940
15 25 402 4016
15 26 759 7587
15 27 398 3982
15 28 230 2297
15 29 219 2191
15 30 481 4814
16 1 259 2593
16 2 334 3344
16 3 664 6635
16 4 95 953
16 5 182 1819
16 6 56 563
16 7 842 8425
16 8 686 6863
16 9 104 1036
16 10 420 4202
16 11 536 5362
16 12 401 4007
16 13 462 4620
16 14 689 6888
16 15 402 4019
16 17 715 7152
16 18 170 1702
16 19 698 6978
16 20 692 6920
16 21 221 2215
16 22 465 4645
16 23 489 4887
16 24 529 5288
16 25 739 7387
16 26 431 4310
16 27 670 6697
16 28 493 4927
16 29 202 2024
16 30 785 7848
17 1 714 7137
17 2 696 6961
17 3 572 5722
17 4 680 6801
17 5 741 7414
17 6 750 7499
17 7 128 1280
17 8 90 899
17 9 676 6762
17 10 731 7307
17 11 399 3994
17 12 988 9880
17 13 644 6437
17 14 733 7329
17 15 601 6013
17 16 715 7152
17 18 560 5603
17 19 667 6671
17 20 722 7223
17 21 595 5955
17 22 1034 10338
17 23 358 3581
17 24 314 3144
17 25 426 4261
17 26 726 7264
17 27 294 2937
17 28 378 3775
17 29 572 5721
17 30 358 3578
18 1 221 2215
18 2 387 3874
18 3 627 6272
18 4 190 1897
18 5 293 2931
18 6 220 2200
18 7 688 6882
18 8 523 5232
18 9 117 1170
18 10 347 3474
18 11 371 3714
18 12 547 5471
18 13 350 3503
18 14 693 6933
18 15 405 4047
18 16 170 1702
18 17 560 5603
18 19 683 6826
18 20 693 6930
18 21 107 1068
18 22 608 6084
18 23 397 3974
18 24 427 4265
18 25 658 6576
18 26 354 3542
18 27 564 5642
18 28 408 4084
18 29 190 1897
18 30 684 6843
19 1 901 9014
19 2 390 3899
19 3 95 950
19 4 604 6037
19 5 558 5582
19 6 681 6807
19 7 727 7271
19 8 726 7263
19 9 755 7554
19 10 1026 10256
19 11 879 8789
19 12 646 6461
19 13 1003 10030
19 14 80 800
19 15 296 2960
19 16 698 6978
19 17 667 6671
19 18 683 6826
19 20 66 659
19 21 787 7875
19 22 652 6517
19 23 361 3610
19 24 380 3803
19 25 281 2806
19 26 1031 10306
19 27 379 3794
19 28 339 3385
19 29 508 5082
19 30 384 3835
20 1 908 9082
20 2 370 3701
20 3 155 1546
20 4 597 5968
20 5 541 5410
20 6 670 6698
20 7 787 7872
20 8 778 7778
20 9 757 7572
20 10 1039 10392
20 11 913 9134
20 12 604 6038
20 13 1023 10233
20 14 14 143
20 15 293 2930
20 16 692 6920
20 17 722 7223
20 18 693 6930
20 19 66 659
20 21 799 7992
20 22 604 6044
20 23 401 4012
20 24 426 4262
20 25 346 3455
20 26 1045 10450
20 27 439 4387
20 28 378 3784
20 29 511 5114
20 30 449 4486
21 1 129 1288
21 2 491 4906
21 3 729 7293
21 4 275 2748
21 5 380 3800
21 6 278 2777
21 7 722 7218
21 8 544 5439
21 9 124 1239
21 10 241 2406
21 11 329 3290
21 12 621 6206
21 13 250 2504
21 14 800 7997
21 15 512 5115
21 16 221 2215
21 17 595 5955
21 18 107 1068
21 19 787 7875
21 20 799 7992
21 22 684 6839
21 23 488 4876
21 24 511 5109
21 25 747 7468
21 26 247 2474
21 27 644 6435
21 28 501 5010
21 29 296 2959
21 30 764 7643
22 1 714 7136
22 2 345 3448
22 3 683 6828
22 4 419 4189
22 5 320 3197
22 6 409 4085
22 7 1148 11475
22 8 1038 10385
22 9 568 5678
22 10 876 8760
22 11 976 9761
22 12 64 644
22 13 926 9263
22 14 593 5928
22 15 461 4605
22 16 465 4645
22 17 1034 10338
22 18 608 6084
22 19 652 6517
22 20 604 6044
22 21 684 6839
22 23 696 6962
22 24 746 7462
22 25 851 8511
22 26 888 8879
22 27 859 8587
22 28 684 6840
22 29 480 4801
22 30 938 9384
23 1 614 6144
23 2 352 3516
23 3 277 2768
23 4 417 4173
23 5 440 4404
23 6 501 5009
23 7 458 4580
23 8 393 3930
23 9 502 5016
23 10 709 7091
23 11 519 5192
23 12 658 6579
23 13 667 6673
23 14 409 4086
23 15 246 2457
23 16 489 4887
23 17 358 3581
23 18 397 3974
23 19 361 3610
23 20 401 4012
23 21 488 4876
23 22 696 6962
23 24 50 501
23 25 260 2602
23 26 712 7115
23 27 183 1834
23 28 23 229
23 29 294 2935
23 30 296 2961
24 1 639 6391
24 2 402 4015
24 3 291 2906
24 4 461 4612
24 5 489 4886
24 6 544 5439
24 7 410 4100
24 8 356 3560
24 9 535 5348
24 10 725 7246
24 11 510 5105
24 12 708 7080
24 13 676 6758
24 14 435 4348
24 15 294 2940
24 16 529 5288
24 17 314 3144
24 18 427 4265
24 19 380 3803
24 20 426 4262
24 21 511 5109
24 22 746 7462
24 23 50 501
24 25 238 2379
24 26 726 7261
24 27 141 1410
24 28 65 646
24 29 338 3376
24 30 259 2587
25 1 874 8742
25 2 524 5236
25 3 196 1957
25 4 659 6586
25 5 658 6579
25 6 743 7432
25 7 461 4611
25 8 502 5015
25 9 760 7601
25 10 962 9624
25 11 728 7285
25 12 828 8280
25 13 911 9113
25 14 359 3590
25 15 402 4016
25 16 739 7387
25 17 426 4261
25 18 658 6576
25 19 281 2806
25 20 346 3455
25 21 747 7468
25 22 851 8511
25 23 260 2602
25 24 238 2379
25 26 964 9638
25 27 139 1390
25 28 250 2501
25 29 537 5373
25 30 103 1031
26 1 174 1743
26 2 735 7348
26 3 968 9678
26 4 507 5067
26 5 609 6086
26 6 484 4842
26 7 841 8410
26 8 653 6528
26 9 330 3295
26 10 14 137
26 11 349 3492
26 12 824 8236
26 13 99 988
26 14 1046 10459
26 15 759 7587
26 16 431 4310
26 17 726 7264
26 18 354 3542
26 19 1031 10306
26 20 1045 10450
26 21 247 2474
26 22 888 8879
26 23 712 7115
26 24 726 7261
26 25 964 9638
26 27 847 8467
26 28 728 7279
26 29 543 5430
26 30 966 9655
27 1 772 7723
27 2 516 5159
27 3 285 2849
27 4 601 6006
27 5 621 6215
27 6 684 6839
27 7 349 3486
27 8 365 3646
27 9 674 6745
27 10 846 8465
27 11 594 5936
27 12 826 8260
27 13 788 7878
27 14 451 4505
27 15 398 3982
27 16 670 6697
27 17 294 2937
27 18 564 5642
27 19 379 3794
27 20 439 4387
27 21 644 6435
27 22 859 8587
27 23 183 1834
27 24 141 1410
27 25 139 1390
27 26 847 8467
27 28 186 1857
27 29 477 4768
27 30 121 1207
28 1 627 6270
28 2 339 3392
28 3 255 2553
28 4 418 4182
28 5 436 4358
28 6 502 5023
28 7 475 4746
28 8 415 4145
28 9 510 5101
28 10 725 7252
28 11 541 5411
28 12 647 6472
28 13 686 6856
28 14 386 3857
28 15 230 2297
28 16 493 4927
28 17 378 3775
28 18 408 4084
28 19 339 3385
28 20 378 3784
28 21 501 5010
28 22 684 6840
28 23 23 229
28 24 65 646
28 25 250 2501
28 26 728 7279
28 27 186 1857
28 29 295 2946
28 30 294 2936
29 1 397 3972
29 2 202 2020
29 3 465 4654
29 4 124 1238
29 5 170 1700
29 6 208 2077
29 7 694 6943
29 8 565 5645
29 9 247 2472
29 10 536 5357
29 11 513 5130
29 12 427 4266
29 13 538 5384
29 14 510 5104
29 15 219 2191
29 16 202 2024
29 17 572 5721
29 18 190 1897
29 19 508 5082
29 20 511 5114
29 21 296 2959
29 22 480 4801
29 23 294 2935
29 24 338 3376
29 25 537 5373
29 26 543 5430
29 27 477 4768
29 28 295 2946
29 30 588 5882
30 1 893 8930
30 2 603 6029
30 3 298 2983
30 4 712 7118
30 5 724 7239
30 6 796 7959
30 7 372 3723
30 8 441 4410
30 9 794 7935
30 10 966 9656
30 11 700 7002
30 12 911 9114
30 13 904 9041
30 14 462 4621
30 15 481 4814
30 16 785 7848
30 17 358 3578
30 18 684 6843
30 19 384 3835
30 20 449 4486
30 21 764 7643
30 22 938 9384
30 23 296 2961
30 24 259 2587
30 25 103 1031
30 26 966 9655
30 27 121 1207
30 28 294 2936
30 29 588 5882
