30
630
637
29
22
8
5
26
1
10
27
28
30
21
12
7
13
15
9
24
2
23
17
25
3
14
29
18
11
16
4
19
20
24
19
29
5
6
27
21
11
24
10
25
3
20
8
7
28
4
16
23
30
26
17
15
22
2
1 2 590 5899
1 3 408 4077
1 4 466 4657
1 5 427 4275
1 6 410 4100
1 7 361 3611
1 8 147 1475
1 9 550 5497
1 10 132 1317
1 11 462 4624
1 12 499 4989
1 13 238 2383
1 14 199 1986
1 15 361 3606
1 16 603 6028
1 17 396 3964
1 18 476 4764
1 19 586 5861
1 20 337 3366
1 21 407 4068
1 22 309 3089
1 23 462 4625
1 24 450 4503
1 25 409 4086
1 26 350 3497
1 27 530 5296
1 28 189 1885
1 29 579 5793
1 30 428 4282
2 1 590 5899
2 3 955 9545
2 4 709 7087
2 5 678 6776
2 6 616 6163
2 7 468 4676
2 8 461 4607
2 9 1110 11097
2 10 719 7191
2 11 783 7832
2 12 1087 10870
2 13 661 6613
2 14 403 4030
2 15 454 4539
2 16 726 7263
2 17 930 9302
2 18 581 5809
2 19 680 6798
2 20 270 2700
2 21 192 1921
2 22 583 5831
2 23 1050 10497
2 24 782 7820
2 25 359 3589
2 26 401 4011
2 27 288 2877
2 28 599 5988
2 29 1154 11539
2 30 355 3547
3 1 408 4077
3 2 955 9545
3 4 795 7949
3 5 441 4414
3 6 480 4805
3 7 559 5594
3 8 554 5537
3 9 499 4991
3 10 332 3316
3 11 750 7500
3 12 329 3294
3 13 560 5599
3 14 599 5995
3 15 761 7609
3 16 950 9501
3 17 484 4840
3 18 574 5742
3 19 946 9461
3 20 685 6846
3 21 791 7910
3 22 676 6760
3 23 204 2041
3 24 358 3583
3 25 664 6639
3 26 599 5987
3 27 936 9363
3 28 550 5498
3 29 466 4662
3 30 836 8357
4 1 466 4657
4 2 709 7087
4 3 795 7949
4 5 886 8858
4 6 858 8583
4 7 767 7672
4 8 408 4080
4 9 588 5880
4 10 471 4710
4 11 97 969
4 12 682 6816
4 13 240 2399
4 14 430 4300
4 15 257 2566
4 16 158 1578
4 17 415 4153
4 18 907 9067
4 19 168 1676
4 20 600 6002
4 21 543 5430
4 22 170 1700
4 23 735 7352
4 24 916 9160
4 25 758 7585
4 26 725 7248
4 27 458 4578
4 28 277 2772
4 29 663 6633
4 30 357 3570
5 1 427 4275
5 2 678 6776
5 3 441 4414
5 4 886 8858
5 6 62 624
5 7 210 2103
5 8 491 4913
5 9 867 8666
5 10 489 4894
5 11 890 8896
5 12 735 7355
5 13 666 6657
5 14 496 4958
5 15 721 7207
5 16 1010 10100
5 17 769 7686
5 18 141 1409
5 19 985 9852
5 20 443 4435
5 21 583 5831
5 22 720 7198
5 23 629 6295
5 24 115 1146
5 25 321 3209
5 26 278 2783
5 27 791 7908
5 28 612 6117
5 29 861 8609
5 30 735 7351
6 1 410 4100
6 2 616 6163
6 3 480 4805
6 4 858 8583
6 5 62 624
6 7 150 1498
6 8 456 4565
6 9 881 8809
6 10 487 4872
6 11 868 8684
6 12 760 7598
6 13 646 6462
6 14 455 4549
6 15 680 6805
6 16 977 9766
6 17 771 7711
6 18 94 940
6 19 950 9496
6 20 387 3874
6 21 527 5274
6 22 690 6901
6 23 660 6601
6 24 175 1754
6 25 259 2589
6 26 219 2186
6 27 738 7380
6 28 588 5883
6 29 881 8808
6 30 688 6877
7 1 361 3611
7 2 468 4676
7 3 559 5594
7 4 767 7672
7 5 210 2103
7 6 150 1498
7 8 359 3595
7 9 888 8883
7 10 470 4696
7 11 792 7917
7 12 794 7942
7 13 579 5786
7 14 343 3427
7 15 564 5635
7 16 871 8709
7 17 753 7527
7 18 147 1468
7 19 839 8395
7 20 242 2419
7 21 382 3815
7 22 597 5972
7 23 713 7127
7 24 316 3158
7 25 115 1149
7 26 69 691
7 27 596 5956
7 28 514 5136
7 29 902 9019
7 30 555 5554
8 1 147 1475
8 2 461 4607
8 3 554 5537
8 4 408 4080
8 5 491 4913
8 6 456 4565
8 7 359 3595
8 9 652 6518
8 10 264 2644
8 11 435 4353
8 12 629 6290
8 13 237 2371
8 14 58 577
8 15 235 2355
8 16 520 5201
8 17 478 4782
8 18 499 4991
8 19 494 4940
8 20 237 2366
8 21 271 2709
8 22 238 2379
8 23 605 6051
8 24 543 5425
8 25 363 3633
8 26 321 3210
8 27 383 3826
8 28 168 1677
8 29 693 6934
8 30 285 2851
9 1 550 5497
9 2 1110 11097
9 3 499 4991
9 4 588 5880
9 5 867 8666
9 6 881 8809
9 7 888 8883
9 8 652 6518
9 10 423 4231
9 11 498 4984
9 12 186 1856
9 13 465 4652
9 14 709 7089
9 15 724 7240
9 16 732 7317
9 17 188 1876
9 18 969 9685
9 19 753 7534
9 20 880 8798
9 21 918 9177
9 22 583 5827
9 23 312 3118
9 24 820 8200
9 25 954 9544
9 26 892 8920
9 27 955 9553
9 28 517 5170
9 29 82 817
9 30 836 8365
10 1 132 1317
10 2 719 7191
10 3 332 3316
10 4 471 4710
10 5 489 4894
10 6 487 4872
10 7 470 4696
10 8 264 2644
10 9 423 4231
10 11 440 4404
10 12 368 3681
10 13 232 2318
10 14 320 3205
10 15 437 4371
10 16 623 6230
10 17 286 2858
10 18 566 5661
10 19 616 6162
10 20 468 4683
10 21 533 5330
10 22 344 3444
10 23 342 3423
10 24 482 4818
10 25 531 5313
10 26 469 4692
10 27 634 6342
10 28 219 2186
10 29 449 4486
10 30 524 5241
11 1 462 4624
11 2 783 7832
11 3 750 7500
11 4 97 969
11 5 890 8896
11 6 868 8684
11 7 792 7917
11 8 435 4353
11 9 498 4984
11 10 440 4404
11 12 605 6048
11 13 224 2242
11 14 468 4680
11 15 330 3297
11 16 234 2340
11 17 334 3339
11 18 925 9251
11 19 256 2555
11 20 648 6485
11 21 608 6085
11 22 210 2102
11 23 670 6696
11 24 908 9077
11 25 797 7965
11 26 756 7563
11 27 545 5452
11 28 281 2806
11 29 576 5756
11 30 438 4383
12 1 499 4989
12 2 1087 10870
12 3 329 3294
12 4 682 6816
12 5 735 7355
12 6 760 7598
12 7 794 7942
12 8 629 6290
12 9 186 1856
12 10 368 3681
12 11 605 6048
12 13 501 5009
12 14 686 6862
12 15 758 7584
12 16 836 8361
12 17 272 2721
12 18 852 8518
12 19 849 8489
12 20 835 8346
12 21 900 8995
12 22 630 6298
12 23 130 1298
12 24 673 6729
12 25 877 8767
12 26 811 8112
12 27 979 9786
12 28 533 5326
12 29 137 1373
12 30 862 8621
13 1 238 2383
13 2 661 6613
13 3 560 5599
13 4 240 2399
13 5 666 6657
13 6 646 6462
13 7 579 5786
13 8 237 2371
13 9 465 4652
13 10 232 2318
13 11 224 2242
13 12 501 5009
13 14 284 2839
13 15 261 2612
13 16 391 3913
13 17 278 2782
13 18 707 7066
13 19 386 3863
13 20 471 4706
13 21 471 4709
13 22 130 1296
13 23 526 5260
13 24 684 6845
13 25 598 5979
13 26 550 5505
13 27 491 4905
13 28 69 694
13 29 524 5241
13 30 372 3717
14 1 199 1986
14 2 403 4030
14 3 599 5995
14 4 430 4300
14 5 496 4958
14 6 455 4549
14 7 343 3427
14 8 58 577
14 9 709 7089
14 10 320 3205
14 11 468 4680
14 12 686 6862
14 13 284 2839
14 15 226 2256
14 16 528 5282
14 17 534 5339
14 18 487 4872
14 19 498 4977
14 20 187 1869
14 21 213 2134
14 22 262 2621
14 23 660 6597
14 24 558 5579
14 25 329 3294
14 26 295 2953
14 27 339 3390
14 28 215 2149
14 29 751 7510
14 30 252 2518
15 1 361 3606
15 2 454 4539
15 3 761 7609
15 4 257 2566
15 5 721 7207
15 6 680 6805
15 7 564 5635
15 8 235 2355
15 9 724 7240
15 10 437 4371
15 11 330 3297
15 12 758 7584
15 13 261 2612
15 14 226 2256
15 16 314 3140
15 17 536 5364
15 18 710 7097
15 19 278 2780
15 20 361 3613
15 21 287 2873
15 22 144 1441
15 23 769 7691
15 24 778 7775
15 25 531 5307
15 26 510 5096
15 27 233 2328
15 28 228 2278
15 29 785 7851
15 30 115 1153
16 1 603 6028
16 2 726 7263
16 3 950 9501
16 4 158 1578
16 5 1010 10100
16 6 977 9766
16 7 871 8709
16 8 520 5201
16 9 732 7317
16 10 623 6230
16 11 234 2340
16 12 836 8361
16 13 391 3913
16 14 528 5282
16 15 314 3140
16 17 567 5669
16 18 1015 10151
16 19 48 484
16 20 675 6752
16 21 589 5889
16 22 294 2942
16 23 893 8927
16 24 1050 10504
16 25 844 8444
16 26 821 8206
16 27 446 4464
16 28 417 4173
16 29 809 8095
16 30 377 3771
17 1 396 3964
17 2 930 9302
17 3 484 4840
17 4 415 4153
17 5 769 7686
17 6 771 7711
17 7 753 7527
17 8 478 4782
17 9 188 1876
17 10 286 2858
17 11 334 3339
17 12 272 2721
17 13 278 2782
17 14 534 5339
17 15 536 5364
17 16 567 5669
17 18 852 8516
17 19 583 5829
17 20 712 7120
17 21 738 7382
17 22 395 3953
17 23 353 3534
17 24 745 7448
17 25 805 8047
17 26 746 7460
17 27 768 7678
17 28 333 3330
17 29 253 2531
17 30 649 6490
18 1 476 4764
18 2 581 5809
18 3 574 5742
18 4 907 9067
18 5 141 1409
18 6 94 940
18 7 147 1468
18 8 499 4991
18 9 969 9685
18 10 566 5661
18 11 925 9251
18 12 852 8518
18 13 707 7066
18 14 487 4872
18 15 710 7097
18 16 1015 10151
18 17 852 8516
18 19 985 9847
18 20 384 3835
18 21 521 5210
18 22 737 7368
18 23 754 7537
18 24 253 2532
18 25 226 2257
18 26 210 2096
18 27 738 7375
18 28 645 6448
18 29 971 9711
18 30 702 7017
19 1 586 5861
19 2 680 6798
19 3 946 9461
19 4 168 1676
19 5 985 9852
19 6 950 9496
19 7 839 8395
19 8 494 4940
19 9 753 7534
19 10 616 6162
19 11 256 2555
19 12 849 8489
19 13 386 3863
19 14 498 4977
19 15 278 2780
19 16 48 484
19 17 583 5829
19 18 985 9847
19 20 638 6376
19 21 547 5465
19 22 278 2781
19 23 899 8991
19 24 1030 10300
19 25 808 8084
19 26 787 7872
19 27 399 3986
19 28 405 4045
19 29 830 8297
19 30 333 3330
20 1 337 3366
20 2 270 2700
20 3 685 6846
20 4 600 6002
20 5 443 4435
20 6 387 3874
20 7 242 2419
20 8 237 2366
20 9 880 8798
20 10 468 4683
20 11 648 6485
20 12 835 8346
20 13 471 4706
20 14 187 1869
20 15 361 3613
20 16 675 6752
20 17 712 7120
20 18 384 3835
20 19 638 6376
20 21 140 1401
20 22 439 4389
20 23 787 7869
20 24 536 5358
20 25 174 1743
20 26 174 1744
20 27 354 3542
20 28 401 4015
20 29 914 9145
20 30 326 3259
21 1 407 4068
21 2 192 1921
21 3 791 7910
21 4 543 5430
21 5 583 5831
21 6 527 5274
21 7 382 3815
21 8 271 2709
21 9 918 9177
21 10 533 5330
21 11 608 6085
21 12 900 8995
21 13 471 4709
21 14 213 2134
21 15 287 2873
21 16 589 5889
21 17 738 7382
21 18 521 5210
21 19 547 5465
21 20 140 1401
21 22 402 4019
21 23 869 8692
21 24 673 6730
21 25 303 3026
21 26 313 3134
21 27 218 2178
21 28 407 4072
21 29 963 9627
21 30 216 2157
22 1 309 3089
22 2 583 5831
22 3 676 6760
22 4 170 1700
22 5 720 7198
22 6 690 6901
22 7 597 5972
22 8 238 2379
22 9 583 5827
22 10 344 3444
22 11 210 2102
22 12 630 6298
22 13 130 1296
22 14 262 2621
22 15 144 1441
22 16 294 2942
22 17 395 3953
22 18 737 7368
22 19 278 2781
22 20 439 4389
22 21 402 4019
22 23 655 6547
22 24 756 7564
22 25 591 5914
22 26 556 5556
22 27 377 3768
22 28 127 1275
22 29 646 6464
22 30 259 2593
23 1 462 4625
23 2 1050 10497
23 3 204 2041
23 4 735 7352
23 5 629 6295
23 6 660 6601
23 7 713 7127
23 8 605 6051
23 9 312 3118
23 10 342 3423
23 11 670 6696
23 12 130 1298
23 13 526 5260
23 14 660 6597
23 15 769 7691
23 16 893 8927
23 17 353 3534
23 18 754 7537
23 19 899 8991
23 20 787 7869
23 21 869 8692
23 22 655 6547
23 24 557 5572
23 25 805 8050
23 26 739 7387
23 27 976 9756
23 28 542 5418
23 29 267 2668
23 30 863 8635
24 1 450 4503
24 2 782 7820
24 3 358 3583
24 4 916 9160
24 5 115 1146
24 6 175 1754
24 7 316 3158
24 8 543 5425
24 9 820 8200
24 10 482 4818
24 11 908 9077
24 12 673 6729
24 13 684 6845
24 14 558 5579
24 15 778 7775
24 16 1050 10504
24 17 745 7448
24 18 253 2532
24 19 1030 10300
24 20 536 5358
24 21 673 6730
24 22 756 7564
24 23 557 5572
24 25 430 4296
24 26 381 3809
24 27 873 8727
24 28 639 6388
24 29 804 8044
24 30 806 8061
25 1 409 4086
25 2 359 3589
25 3 664 6639
25 4 758 7585
25 5 321 3209
25 6 259 2589
25 7 115 1149
25 8 363 3633
25 9 954 9544
25 10 531 5313
25 11 797 7965
25 12 877 8767
25 13 598 5979
25 14 329 3294
25 15 531 5307
25 16 844 8444
25 17 805 8047
25 18 226 2257
25 19 808 8084
25 20 174 1743
25 21 303 3026
25 22 591 5914
25 23 805 8050
25 24 430 4296
25 26 66 664
25 27 520 5203
25 28 529 5293
25 29 976 9758
25 30 500 5001
26 1 350 3497
26 2 401 4011
26 3 599 5987
26 4 725 7248
26 5 278 2783
26 6 219 2186
26 7 69 691
26 8 321 3210
26 9 892 8920
26 10 469 4692
26 11 756 7563
26 12 811 8112
26 13 550 5505
26 14 295 2953
26 15 510 5096
26 16 821 8206
26 17 746 7460
26 18 210 2096
26 19 787 7872
26 20 174 1744
26 21 313 3134
26 22 556 5556
26 23 739 7387
26 24 381 3809
26 25 66 664
26 27 529 5286
26 28 483 4831
26 29 912 9117
26 30 493 4934
27 1 530 5296
27 2 288 2877
27 3 936 9363
27 4 458 4578
27 5 791 7908
27 6 738 7380
27 7 596 5956
27 8 383 3826
27 9 955 9553
27 10 634 6342
27 11 545 5452
27 12 979 9786
27 13 491 4905
27 14 339 3390
27 15 233 2328
27 16 446 4464
27 17 768 7678
27 18 738 7375
27 19 399 3986
27 20 354 3542
27 21 218 2178
27 22 377 3768
27 23 976 9756
27 24 873 8727
27 25 520 5203
27 26 529 5286
27 28 447 4469
27 29 1014 10142
27 30 119 1188
28 1 189 1885
28 2 599 5988
28 3 550 5498
28 4 277 2772
28 5 612 6117
28 6 588 5883
28 7 514 5136
28 8 168 1677
28 9 517 5170
28 10 219 2186
28 11 281 2806
28 12 533 5326
28 13 69 694
28 14 215 2149
28 15 228 2278
28 16 417 4173
28 17 333 3330
28 18 645 6448
28 19 405 4045
28 20 401 4015
28 21 407 4072
28 22 127 1275
28 23 542 5418
28 24 639 6388
28 25 529 5293
28 26 483 4831
28 27 447 4469
28 29 570 5703
28 30 330 3296
29 1 579 5793
29 2 1154 11539
29 3 466 4662
29 4 663 6633
29 5 861 8609
29 6 881 8808
29 7 902 9019
29 8 693 6934
29 9 82 817
29 10 449 4486
29 11 576 5756
29 12 137 1373
29 13 524 5241
29 14 751 7510
29 15 785 7851
29 16 809 8095
29 17 253 2531
29 18 971 9711
29 19 830 8297
29 20 914 9145
29 21 963 9627
29 22 646 6464
29 23 267 2668
29 24 804 8044
29 25 976 9758
29 26 912 9117
29 27 1014 10142
29 28 570 5703
29 30 896 8956
30 1 428 4282
30 2 355 3547
30 3 836 8357
30 4 357 3570
30 5 735 7351
30 6 688 6877
30 7 555 5554
30 8 285 2851
30 9 836 8365
30 10 524 5241
30 11 438 4383
30 12 862 8621
30 13 372 3717
30 14 252 2518
30 15 115 1153
30 16 377 3771
30 17 649 6490
30 18 702 7017
30 19 333 3330
30 20 326 3259
30 21 216 2157
30 22 259 2593
30 23 863 8635
30 24 806 8061
30 25 500 5001
30 26 493 4934
30 27 119 1188
30 28 330 3296
30 29 896 8956
