30
16
830
9
2
9
25
3
17
21
8
20
30
0
1 2 523 5234
1 3 340 3396
1 4 662 6619
1 5 644 6440
1 6 393 3928
1 7 483 4826
1 8 353 3528
1 9 353 3527
1 10 721 7214
1 11 377 3769
1 12 327 3272
1 13 283 2834
1 14 129 1286
1 15 790 7903
1 16 170 1705
1 17 218 2176
1 18 336 3363
1 19 349 3491
1 20 164 1638
1 21 446 4463
1 22 304 3035
1 23 612 6117
1 24 661 6607
1 25 479 4791
1 26 202 2022
1 27 222 2223
1 28 179 1788
1 29 607 6071
1 30 256 2557
2 1 523 5234
2 3 774 7740
2 4 1175 11747
2 5 1150 11498
2 6 259 2592
2 7 983 9832
2 8 173 1729
2 9 837 8371
2 10 1228 12281
2 11 675 6750
2 12 378 3776
2 13 682 6822
2 14 417 4172
2 15 1306 13059
2 16 372 3720
2 17 740 7399
2 18 794 7937
2 19 677 6771
2 20 455 4547
2 21 952 9519
2 22 253 2529
2 23 1044 10445
2 24 904 9045
2 25 716 7157
2 26 659 6587
2 27 724 7240
2 28 640 6399
2 29 793 7927
2 30 513 5132
3 1 340 3396
3 2 774 7740
3 4 628 6278
3 5 639 6392
3 6 715 7148
3 7 531 5309
3 8 627 6275
3 9 114 1143
3 10 701 7011
3 11 669 6692
3 12 665 6652
3 13 545 5451
3 14 460 4603
3 15 725 7254
3 16 494 4936
3 17 249 2492
3 18 44 443
3 19 634 6339
3 20 503 5033
3 21 239 2387
3 22 521 5212
3 23 750 7499
3 24 932 9320
3 25 777 7774
3 26 138 1378
3 27 387 3866
3 28 435 4350
3 29 907 9067
3 30 587 5868
4 1 662 6619
4 2 1175 11747
4 3 628 6278
4 5 56 557
4 6 983 9831
4 7 200 2003
4 8 1002 10018
4 9 514 5144
4 10 74 739
4 11 632 6324
4 12 868 8679
4 13 539 5390
4 14 757 7575
4 15 133 1328
4 16 803 8029
4 17 468 4676
4 18 583 5835
4 19 602 6022
4 20 729 7289
4 21 410 4098
4 22 965 9652
4 23 342 3422
4 24 717 7169
4 25 699 6990
4 26 626 6265
4 27 451 4507
4 28 540 5398
4 29 781 7813
4 30 714 7141
5 1 644 6440
5 2 1150 11498
5 3 639 6392
5 4 56 557
5 6 951 9506
5 7 167 1671
5 8 977 9772
5 9 528 5278
5 10 78 783
5 11 588 5878
5 12 833 8330
5 13 501 5006
5 14 733 7330
5 15 172 1723
5 16 778 7778
5 17 460 4603
5 18 595 5952
5 19 559 5589
5 20 700 6999
5 21 432 4323
5 22 947 9475
5 23 287 2866
5 24 662 6625
5 25 650 6503
5 26 626 6258
5 27 427 4272
5 28 511 5111
5 29 729 7292
5 30 678 6781
6 1 393 3928
6 2 259 2592
6 3 715 7148
6 4 983 9831
6 5 951 9506
6 7 784 7843
6 8 165 1647
6 9 744 7443
6 10 1028 10280
6 11 426 4261
6 12 126 1262
6 13 457 4573
6 14 264 2643
6 15 1116 11160
6 16 224 2239
6 17 600 6002
6 18 720 7204
6 19 434 4339
6 20 260 2602
6 21 838 8377
6 22 288 2875
6 23 809 8089
6 24 645 6453
6 25 458 4577
6 26 580 5801
6 27 542 5421
6 28 446 4457
6 29 534 5343
6 30 278 2783
7 1 483 4826
7 2 983 9832
7 3 531 5309
7 4 200 2003
7 5 167 1671
7 6 784 7843
7 8 811 8107
7 9 429 4291
7 10 245 2453
7 11 438 4378
7 12 668 6679
7 13 339 3389
7 14 567 5668
7 15 333 3327
7 16 611 6113
7 17 317 3172
7 18 489 4892
7 19 406 4058
7 20 533 5328
7 21 368 3679
7 22 785 7850
7 23 243 2425
7 24 564 5641
7 25 513 5135
7 26 490 4905
7 27 262 2624
7 28 344 3440
7 29 609 6088
7 30 514 5138
8 1 353 3528
8 2 173 1729
8 3 627 6275
8 4 1002 10018
8 5 977 9772
8 6 165 1647
8 7 811 8107
8 9 680 6795
8 10 1055 10555
8 11 525 5251
8 12 245 2453
8 13 517 5170
8 14 244 2444
8 15 1133 11330
8 16 199 1994
8 17 570 5702
8 18 642 6422
8 19 522 5220
8 20 286 2858
8 21 789 7891
8 22 133 1334
8 23 881 8808
8 24 776 7765
8 25 581 5809
8 26 503 5032
8 27 551 5511
8 28 468 4682
8 29 675 6747
8 30 357 3568
9 1 353 3527
9 2 837 8371
9 3 114 1143
9 4 514 5144
9 5 528 5278
9 6 744 7443
9 7 429 4291
9 8 680 6795
9 10 588 5880
9 11 629 6293
9 12 677 6768
9 13 499 4995
9 14 481 4809
9 15 611 6112
9 16 521 5206
9 17 191 1911
9 18 70 702
9 19 592 5921
9 20 508 5084
9 21 130 1296
9 22 588 5877
9 23 658 6578
9 24 875 8748
9 25 737 7367
9 26 179 1787
9 27 329 3290
9 28 399 3990
9 29 864 8637
9 30 575 5752
10 1 721 7214
10 2 1228 12281
10 3 701 7011
10 4 74 739
10 5 78 783
10 6 1028 10280
10 7 245 2453
10 8 1055 10555
10 9 588 5880
10 11 659 6590
10 12 910 9097
10 13 576 5764
10 14 811 8113
10 15 108 1082
10 16 856 8561
10 17 534 5339
10 18 657 6568
10 19 631 6314
10 20 778 7780
10 21 484 4836
10 22 1025 10249
10 23 331 3313
10 24 714 7138
10 25 716 7164
10 26 696 6962
10 27 505 5053
10 28 589 5893
10 29 788 7885
10 30 755 7546
11 1 377 3769
11 2 675 6750
11 3 669 6692
11 4 632 6324
11 5 588 5878
11 6 426 4261
11 7 438 4378
11 8 525 5251
11 9 629 6293
11 10 659 6590
11 12 300 3004
11 13 131 1314
11 14 344 3443
11 15 760 7601
11 16 365 3655
11 17 438 4383
11 18 648 6481
11 19 38 381
11 20 270 2701
11 21 660 6596
11 22 571 5715
11 23 391 3908
11 24 285 2852
11 25 108 1082
11 26 547 5473
11 27 304 3045
11 28 234 2343
11 29 238 2376
11 30 170 1704
12 1 327 3272
12 2 378 3776
12 3 665 6652
12 4 868 8679
12 5 833 8330
12 6 126 1262
12 7 668 6679
12 8 245 2453
12 9 677 6768
12 10 910 9097
12 11 300 3004
12 13 335 3351
12 14 206 2064
12 15 1001 10006
12 16 183 1831
12 17 515 5145
12 18 663 6635
12 19 308 3077
12 20 169 1692
12 21 757 7571
12 22 334 3345
12 23 683 6829
12 24 533 5328
12 25 340 3396
12 26 527 5275
12 27 437 4372
12 28 338 3379
12 29 429 4294
12 30 156 1555
13 1 283 2834
13 2 682 6822
13 3 545 5451
13 4 539 5390
13 5 501 5006
13 6 457 4573
13 7 339 3389
13 8 517 5170
13 9 499 4995
13 10 576 5764
13 11 131 1314
13 12 335 3351
13 14 294 2941
13 15 671 6706
13 16 329 3288
13 17 308 3084
13 18 521 5215
13 19 93 935
13 20 233 2328
13 21 529 5285
13 22 532 5321
13 23 364 3640
13 24 390 3899
13 25 237 2375
13 26 430 4299
13 27 173 1731
13 28 114 1141
13 29 364 3644
13 30 180 1796
14 1 129 1286
14 2 417 4172
14 3 460 4603
14 4 757 7575
14 5 733 7330
14 6 264 2643
14 7 567 5668
14 8 244 2444
14 9 481 4809
14 10 811 8113
14 11 344 3443
14 12 206 2064
14 13 294 2941
14 15 889 8888
14 16 46 461
14 17 339 3394
14 18 461 4612
14 19 328 3275
14 20 75 755
14 21 574 5738
14 22 238 2380
14 23 654 6540
14 24 626 6258
14 25 431 4313
14 26 323 3229
14 27 307 3068
14 28 226 2264
14 29 551 5510
14 30 185 1847
15 1 790 7903
15 2 1306 13059
15 3 725 7254
15 4 133 1328
15 5 172 1723
15 6 1116 11160
15 7 333 3327
15 8 1133 11330
15 9 611 6112
15 10 108 1082
15 11 760 7601
15 12 1001 10006
15 13 671 6706
15 14 889 8888
15 16 934 9344
15 17 590 5896
15 18 681 6814
15 19 731 7311
15 20 862 8615
15 21 494 4938
15 22 1093 10929
15 23 439 4392
15 24 822 8220
15 25 821 8215
15 26 740 7403
15 27 582 5823
15 28 672 6724
15 29 896 8960
15 30 847 8465
16 1 170 1705
16 2 372 3720
16 3 494 4936
16 4 803 8029
16 5 778 7778
16 6 224 2239
16 7 611 6113
16 8 199 1994
16 9 521 5206
16 10 856 8561
16 11 365 3655
16 12 183 1831
16 13 329 3288
16 14 46 461
16 15 934 9344
16 17 384 3843
16 18 497 4973
16 19 353 3527
16 20 98 980
16 21 617 6167
16 22 207 2070
16 23 691 6914
16 24 642 6418
16 25 445 4450
16 26 357 3574
16 27 352 3522
16 28 269 2693
16 29 560 5598
16 30 198 1983
17 1 218 2176
17 2 740 7399
17 3 249 2492
17 4 468 4676
17 5 460 4603
17 6 600 6002
17 7 317 3172
17 8 570 5702
17 9 191 1911
17 10 534 5339
17 11 438 4383
17 12 515 5145
17 13 308 3084
17 14 339 3394
17 15 590 5896
17 16 384 3843
17 18 218 2184
17 19 401 4010
17 20 346 3463
17 21 243 2432
17 22 509 5093
17 23 511 5111
17 24 687 6875
17 25 546 5456
17 26 175 1747
17 27 140 1398
17 28 210 2099
17 29 673 6727
17 30 396 3957
18 1 336 3363
18 2 794 7937
18 3 44 443
18 4 583 5835
18 5 595 5952
18 6 720 7204
18 7 489 4892
18 8 642 6422
18 9 70 702
18 10 657 6568
18 11 648 6481
18 12 663 6635
18 13 521 5215
18 14 461 4612
18 15 681 6814
18 16 497 4973
18 17 218 2184
18 19 612 6120
18 20 498 4983
18 21 197 1970
18 22 542 5418
18 23 711 7113
18 24 905 9052
18 25 756 7563
18 26 141 1408
18 27 358 3578
18 28 414 4141
18 29 885 8850
18 30 576 5758
19 1 349 3491
19 2 677 6771
19 3 634 6339
19 4 602 6022
19 5 559 5589
19 6 434 4339
19 7 406 4058
19 8 522 5220
19 9 592 5921
19 10 631 6314
19 11 38 381
19 12 308 3077
19 13 93 935
19 14 328 3275
19 15 731 7311
19 16 353 3527
19 17 401 4010
19 18 612 6120
19 20 255 2554
19 21 622 6216
19 22 560 5597
19 23 376 3761
19 24 312 3117
19 25 145 1447
19 26 514 5138
19 27 267 2666
19 28 199 1990
19 29 273 2731
19 30 165 1652
20 1 164 1638
20 2 455 4547
20 3 503 5033
20 4 729 7289
20 5 700 6999
20 6 260 2602
20 7 533 5328
20 8 286 2858
20 9 508 5084
20 10 778 7780
20 11 270 2701
20 12 169 1692
20 13 233 2328
20 14 75 755
20 15 862 8615
20 16 98 980
20 17 346 3463
20 18 498 4983
20 19 255 2554
20 21 588 5883
20 22 305 3048
20 23 597 5966
20 24 550 5504
20 25 356 3558
20 26 366 3659
20 27 283 2827
20 28 189 1892
20 29 476 4761
20 30 110 1096
21 1 446 4463
21 2 952 9519
21 3 239 2387
21 4 410 4098
21 5 432 4323
21 6 838 8377
21 7 368 3679
21 8 789 7891
21 9 130 1296
21 10 484 4836
21 11 660 6596
21 12 757 7571
21 13 529 5285
21 14 574 5738
21 15 494 4938
21 16 617 6167
21 17 243 2432
21 18 197 1970
21 19 622 6216
21 20 588 5883
21 22 706 7062
21 23 609 6091
21 24 877 8767
21 25 763 7629
21 26 300 3000
21 27 357 3568
21 28 446 4460
21 29 884 8841
21 30 638 6376
22 1 304 3035
22 2 253 2529
22 3 521 5212
22 4 965 9652
22 5 947 9475
22 6 288 2875
22 7 785 7850
22 8 133 1334
22 9 588 5877
22 10 1025 10249
22 11 571 5715
22 12 334 3345
22 13 532 5321
22 14 238 2380
22 15 1093 10929
22 16 207 2070
22 17 509 5093
22 18 542 5418
22 19 560 5597
22 20 305 3048
22 21 706 7062
22 23 891 8909
22 24 843 8431
22 25 645 6454
22 26 409 4090
22 27 523 5229
22 28 457 4574
22 29 753 7530
22 30 402 4022
23 1 612 6117
23 2 1044 10445
23 3 750 7499
23 4 342 3422
23 5 287 2866
23 6 809 8089
23 7 243 2425
23 8 881 8808
23 9 658 6578
23 10 331 3313
23 11 391 3908
23 12 683 6829
23 13 364 3640
23 14 654 6540
23 15 439 4392
23 16 691 6914
23 17 511 5111
23 18 711 7113
23 19 376 3761
23 20 597 5966
23 21 609 6091
23 22 891 8909
23 24 383 3833
23 25 416 4164
23 26 683 6830
23 27 403 4026
23 28 437 4369
23 29 467 4666
23 30 533 5332
24 1 661 6607
24 2 904 9045
24 3 932 9320
24 4 717 7169
24 5 662 6625
24 6 645 6453
24 7 564 5641
24 8 776 7765
24 9 875 8748
24 10 714 7138
24 11 285 2852
24 12 533 5328
24 13 390 3899
24 14 626 6258
24 15 822 8220
24 16 642 6418
24 17 687 6875
24 18 905 9052
24 19 312 3117
24 20 550 5504
24 21 877 8767
24 22 843 8431
24 23 383 3833
24 25 198 1977
24 26 820 8198
24 27 548 5477
24 28 504 5038
24 29 125 1249
24 30 444 4436
25 1 479 4791
25 2 716 7157
25 3 777 7774
25 4 699 6990
25 5 650 6503
25 6 458 4577
25 7 513 5135
25 8 581 5809
25 9 737 7367
25 10 716 7164
25 11 108 1082
25 12 340 3396
25 13 237 2375
25 14 431 4313
25 15 821 8215
25 16 445 4450
25 17 546 5456
25 18 756 7563
25 19 145 1447
25 20 356 3558
25 21 763 7629
25 22 645 6454
25 23 416 4164
25 24 198 1977
25 26 655 6547
25 27 410 4102
25 28 342 3425
25 29 130 1297
25 30 247 2474
26 1 202 2022
26 2 659 6587
26 3 138 1378
26 4 626 6265
26 5 626 6258
26 6 580 5801
26 7 490 4905
26 8 503 5032
26 9 179 1787
26 10 696 6962
26 11 547 5473
26 12 527 5275
26 13 430 4299
26 14 323 3229
26 15 740 7403
26 16 357 3574
26 17 175 1747
26 18 141 1408
26 19 514 5138
26 20 366 3659
26 21 300 3000
26 22 409 4090
26 23 683 6830
26 24 820 8198
26 25 655 6547
26 27 290 2900
26 28 316 3162
26 29 784 7844
26 30 452 4525
27 1 222 2223
27 2 724 7240
27 3 387 3866
27 4 451 4507
27 5 427 4272
27 6 542 5421
27 7 262 2624
27 8 551 5511
27 9 329 3290
27 10 505 5053
27 11 304 3045
27 12 437 4372
27 13 173 1731
27 14 307 3068
27 15 582 5823
27 16 352 3522
27 17 140 1398
27 18 358 3578
27 19 267 2666
27 20 283 2827
27 21 357 3568
27 22 523 5229
27 23 403 4026
27 24 548 5477
27 25 410 4102
27 26 290 2900
27 28 100 998
27 29 536 5356
27 30 296 2960
28 1 179 1788
28 2 640 6399
28 3 435 4350
28 4 540 5398
28 5 511 5111
28 6 446 4457
28 7 344 3440
28 8 468 4682
28 9 399 3990
28 10 589 5893
28 11 234 2343
28 12 338 3379
28 13 114 1141
28 14 226 2264
28 15 672 6724
28 16 269 2693
28 17 210 2099
28 18 414 4141
28 19 199 1990
28 20 189 1892
28 21 446 4460
28 22 457 4574
28 23 437 4369
28 24 504 5038
28 25 342 3425
28 26 316 3162
28 27 100 998
28 29 472 4717
28 30 197 1968
29 1 607 6071
29 2 793 7927
29 3 907 9067
29 4 781 7813
29 5 729 7292
29 6 534 5343
29 7 609 6088
29 8 675 6747
29 9 864 8637
29 10 788 7885
29 11 238 2376
29 12 429 4294
29 13 364 3644
29 14 551 5510
29 15 896 8960
29 16 560 5598
29 17 673 6727
29 18 885 8850
29 19 273 2731
29 20 476 4761
29 21 884 8841
29 22 753 7530
29 23 467 4666
29 24 125 1249
29 25 130 1297
29 26 784 7844
29 27 536 5356
29 28 472 4717
29 30 367 3665
30 1 256 2557
30 2 513 5132
30 3 587 5868
30 4 714 7141
30 5 678 6781
30 6 278 2783
30 7 514 5138
30 8 357 3568
30 9 575 5752
30 10 755 7546
30 11 170 1704
30 12 156 1555
30 13 180 1796
30 14 185 1847
30 15 847 8465
30 16 198 1983
30 17 396 3957
30 18 576 5758
30 19 165 1652
30 20 110 1096
30 21 638 6376
30 22 402 4022
30 23 533 5332
30 24 444 4436
30 25 247 2474
30 26 452 4525
30 27 296 2960
30 28 197 1968
30 29 367 3665
