30
76
214
16
16
18
10
3
22
21
27
8
20
13
26
6
28
14
1
4
5
25
26
27
4
10
1 2 740 7402
1 3 476 4760
1 4 413 4130
1 5 43 427
1 6 780 7796
1 7 541 5406
1 8 458 4576
1 9 961 9609
1 10 89 885
1 11 650 6497
1 12 431 4313
1 13 655 6549
1 14 897 8973
1 15 16 161
1 16 584 5844
1 17 887 8873
1 18 468 4684
1 19 565 5653
1 20 503 5032
1 21 762 7620
1 22 901 9013
1 23 586 5863
1 24 741 7413
1 25 858 8582
1 26 804 8037
1 27 875 8746
1 28 818 8184
1 29 585 5850
1 30 518 5176
2 1 740 7402
2 3 325 3251
2 4 861 8608
2 5 749 7488
2 6 49 492
2 7 577 5770
2 8 381 3810
2 9 318 3185
2 10 814 8137
2 11 250 2497
2 12 412 4123
2 13 870 8702
2 14 599 5989
2 15 725 7251
2 16 208 2077
2 17 295 2949
2 18 449 4492
2 19 332 3321
2 20 421 4214
2 21 348 3479
2 22 504 5038
2 23 553 5529
2 24 978 9780
2 25 658 6584
2 26 996 9963
2 27 655 6546
2 28 137 1372
2 29 359 3587
2 30 460 4602
3 1 476 4760
3 2 325 3251
3 4 536 5358
3 5 472 4717
3 6 374 3735
3 7 290 2896
3 8 348 3481
3 9 486 4859
3 10 561 5612
3 11 399 3990
3 12 359 3595
3 13 575 5746
3 14 496 4963
3 15 464 4637
3 16 297 2967
3 17 411 4113
3 18 140 1397
3 19 395 3953
3 20 129 1291
3 21 299 2991
3 22 461 4609
3 23 288 2880
3 24 685 6852
3 25 503 5025
3 26 716 7156
3 27 510 5100
3 28 359 3594
3 29 433 4332
3 30 174 1741
4 1 413 4130
4 2 861 8608
4 3 536 5358
4 5 371 3708
4 6 909 9093
4 7 358 3578
4 8 745 7445
4 9 953 9530
4 10 468 4678
4 11 888 8881
4 12 732 7316
4 13 278 2782
4 14 711 7106
4 15 420 4196
4 16 794 7935
4 17 869 8691
4 18 422 4217
4 19 839 8393
4 20 457 4575
4 21 699 6993
4 22 768 7680
4 23 411 4115
4 24 341 3408
4 25 631 6312
4 26 408 4083
4 27 653 6529
4 28 876 8760
4 29 871 8709
4 30 434 4336
5 1 43 427
5 2 749 7488
5 3 472 4717
5 4 371 3708
5 6 790 7897
5 7 514 5138
5 8 484 4835
5 9 958 9577
5 10 114 1137
5 11 672 6717
5 12 459 4589
5 13 616 6159
5 14 876 8757
5 15 53 528
5 16 602 6017
5 17 882 8823
5 18 452 4518
5 19 591 5909
5 20 488 4880
5 21 751 7509
5 22 885 8848
5 23 561 5614
5 24 701 7007
5 25 833 8326
5 26 764 7636
5 27 850 8496
5 28 821 8207
5 29 612 6125
5 30 499 4990
6 1 780 7796
6 2 49 492
6 3 374 3735
6 4 909 9093
6 5 790 7897
6 7 626 6257
6 8 401 4014
6 9 324 3242
6 10 851 8512
6 11 248 2483
6 12 434 4337
6 13 919 9188
6 14 634 6343
6 15 764 7643
6 16 227 2265
6 17 313 3132
6 18 498 4983
6 19 340 3405
6 20 471 4705
6 21 386 3857
6 22 535 5348
6 23 601 6008
6 24 1026 10263
6 25 698 6980
6 26 1044 10439
6 27 693 6933
6 28 152 1515
6 29 363 3630
6 30 509 5091
7 1 541 5406
7 2 577 5770
7 3 290 2896
7 4 358 3578
7 5 514 5138
7 6 626 6257
7 8 618 6183
7 9 604 6041
7 10 627 6265
7 11 689 6885
7 12 622 6218
7 13 293 2933
7 14 374 3735
7 15 536 5358
7 16 586 5862
7 17 520 5203
7 18 152 1523
7 19 680 6803
7 20 163 1630
7 21 346 3463
7 22 414 4137
7 23 55 551
7 24 402 4020
7 25 319 3192
7 26 427 4272
7 27 337 3370
7 28 555 5552
7 29 718 7177
7 30 119 1193
8 1 458 4576
8 2 381 3810
8 3 348 3481
8 4 745 7445
8 5 484 4835
8 6 401 4014
8 7 618 6183
8 9 685 6849
8 10 506 5064
8 11 201 2006
8 12 33 332
8 13 875 8751
8 14 832 8321
8 15 442 4415
8 16 175 1749
8 17 639 6386
8 18 468 4681
8 19 108 1077
8 20 471 4715
8 21 601 6013
8 22 775 7753
8 23 629 6288
8 24 984 9840
8 25 849 8488
8 26 1026 10264
8 27 855 8549
8 28 506 5058
8 29 130 1304
8 30 515 5145
9 1 961 9609
9 2 318 3185
9 3 486 4859
9 4 953 9530
9 5 958 9577
9 6 324 3242
9 7 604 6041
9 8 685 6849
9 10 1045 10445
9 11 568 5676
9 12 714 7137
9 13 864 8645
9 14 421 4209
9 15 948 9480
9 16 519 5195
9 17 84 839
9 18 543 5435
9 19 649 6490
9 20 504 5044
9 21 259 2586
9 22 302 3025
9 23 557 5572
9 24 957 9569
9 25 516 5157
9 26 953 9526
9 27 502 5018
9 28 182 1822
9 29 677 6768
9 30 521 5207
10 1 89 885
10 2 814 8137
10 3 561 5612
10 4 468 4678
10 5 114 1137
10 6 851 8512
10 7 627 6265
10 8 506 5064
10 9 1045 10445
10 11 704 7043
10 12 477 4773
10 13 724 7238
10 14 985 9854
10 15 98 983
10 16 647 6474
10 17 972 9721
10 18 557 5569
10 19 613 6133
10 20 592 5917
10 21 850 8496
10 22 990 9898
10 23 673 6732
10 24 804 8043
10 25 945 9448
10 26 869 8689
10 27 962 9615
10 28 898 8979
10 29 629 6287
10 30 606 6061
11 1 650 6497
11 2 250 2497
11 3 399 3990
11 4 888 8881
11 5 672 6717
11 6 248 2483
11 7 689 6885
11 8 201 2006
11 9 568 5676
11 10 704 7043
11 12 233 2325
11 13 971 9713
11 14 812 8121
11 15 634 6336
11 16 102 1024
11 17 543 5425
11 18 538 5382
11 19 105 1049
11 20 527 5266
11 21 562 5617
11 22 731 7311
11 23 683 6830
11 24 1082 10821
11 25 853 8531
11 26 1114 11144
11 27 854 8540
11 28 387 3869
11 29 118 1175
11 30 572 5715
12 1 431 4313
12 2 412 4123
12 3 359 3595
12 4 732 7316
12 5 459 4589
12 6 434 4337
12 7 622 6218
12 8 33 332
12 9 714 7137
12 10 477 4773
12 11 233 2325
12 13 872 8719
12 14 849 8487
12 15 415 4154
12 16 207 2072
12 17 665 6655
12 18 473 4734
12 19 136 1361
12 20 479 4795
12 21 622 6220
12 22 796 7955
12 23 635 6351
12 24 980 9801
12 25 862 8617
12 26 1024 10242
12 27 869 8686
12 28 535 5354
12 29 154 1537
12 30 522 5216
13 1 655 6549
13 2 870 8702
13 3 575 5746
13 4 278 2782
13 5 616 6159
13 6 919 9188
13 7 293 2933
13 8 875 8751
13 9 864 8645
13 10 724 7238
13 11 971 9713
13 12 872 8719
13 14 525 5252
13 15 657 6573
13 16 869 8694
13 17 783 7834
13 18 435 4350
13 19 951 9508
13 20 454 4538
13 21 609 6087
13 22 614 6140
13 23 322 3217
13 24 111 1108
13 25 426 4264
13 26 155 1547
13 27 449 4490
13 28 841 8413
13 29 987 9870
13 30 412 4117
14 1 897 8973
14 2 599 5989
14 3 496 4963
14 4 711 7106
14 5 876 8757
14 6 634 6343
14 7 374 3735
14 8 832 8321
14 9 421 4209
14 10 985 9854
14 11 812 8121
14 12 849 8487
14 13 525 5252
14 15 890 8900
14 16 723 7233
14 17 362 3619
14 18 435 4345
14 19 851 8509
14 20 406 4060
14 21 252 2524
14 22 119 1186
14 23 320 3201
14 24 593 5932
14 25 106 1058
14 26 571 5709
14 27 86 864
14 28 496 4964
14 29 888 8877
14 30 382 3820
15 1 16 161
15 2 725 7251
15 3 464 4637
15 4 420 4196
15 5 53 528
15 6 764 7643
15 7 536 5358
15 8 442 4415
15 9 948 9480
15 10 98 983
15 11 634 6336
15 12 415 4154
15 13 657 6573
15 14 890 8900
15 16 569 5685
15 17 875 8749
15 18 460 4597
15 19 549 5492
15 20 494 4940
15 21 751 7513
15 22 892 8921
15 23 581 5806
15 24 745 7453
15 25 852 8525
15 26 807 8069
15 27 869 8686
15 28 804 8043
15 29 569 5691
15 30 510 5095
16 1 584 5844
16 2 208 2077
16 3 297 2967
16 4 794 7935
16 5 602 6017
16 6 227 2265
16 7 586 5862
16 8 175 1749
16 9 519 5195
16 10 647 6474
16 11 102 1024
16 12 207 2072
16 13 869 8694
16 14 723 7233
16 15 569 5685
16 17 482 4816
16 18 436 4359
16 19 134 1337
16 20 424 4244
16 21 477 4767
16 22 649 6493
16 23 581 5812
16 24 980 9801
16 25 759 7587
16 26 1012 10121
16 27 761 7607
16 28 338 3378
16 29 167 1674
16 30 469 4693
17 1 887 8873
17 2 295 2949
17 3 411 4113
17 4 869 8691
17 5 882 8823
17 6 313 3132
17 7 520 5203
17 8 639 6386
17 9 84 839
17 10 972 9721
17 11 543 5425
17 12 665 6655
17 13 783 7834
17 14 362 3619
17 15 875 8749
17 16 482 4816
17 18 461 4612
17 19 614 6144
17 20 422 4220
17 21 176 1756
17 22 247 2467
17 23 474 4738
17 24 877 8774
17 25 450 4498
17 26 875 8754
17 27 438 4380
17 28 162 1616
17 29 645 6451
17 30 437 4372
18 1 468 4684
18 2 449 4492
18 3 140 1397
18 4 422 4217
18 5 452 4518
18 6 498 4983
18 7 152 1523
18 8 468 4681
18 9 543 5435
18 10 557 5569
18 11 538 5382
18 12 473 4734
18 13 435 4350
18 14 435 4345
18 15 460 4597
18 16 436 4359
18 17 461 4612
18 19 528 5279
18 20 39 394
18 21 307 3071
18 22 433 4332
18 23 162 1621
18 24 546 5456
18 25 414 4138
18 26 576 5763
18 27 426 4262
18 28 454 4543
18 29 565 5654
18 30 54 541
19 1 565 5653
19 2 332 3321
19 3 395 3953
19 4 839 8393
19 5 591 5909
19 6 340 3405
19 7 680 6803
19 8 108 1077
19 9 649 6490
19 10 613 6133
19 11 105 1049
19 12 136 1361
19 13 951 9508
19 14 851 8509
19 15 549 5492
19 16 134 1337
19 17 614 6144
19 18 528 5279
19 20 524 5240
19 21 607 6075
19 22 781 7810
19 23 683 6832
19 24 1061 10610
19 25 880 8803
19 26 1099 10990
19 27 884 8838
19 28 467 4667
19 29 38 380
19 30 569 5687
20 1 503 5032
20 2 421 4214
20 3 129 1291
20 4 457 4575
20 5 488 4880
20 6 471 4705
20 7 163 1630
20 8 471 4715
20 9 504 5044
20 10 592 5917
20 11 527 5266
20 12 479 4795
20 13 454 4538
20 14 406 4060
20 15 494 4940
20 16 424 4244
20 17 422 4220
20 18 39 394
20 19 524 5240
20 21 268 2680
20 22 398 3982
20 23 159 1592
20 24 564 5636
20 25 393 3931
20 26 590 5903
20 27 404 4039
20 28 419 4192
20 29 562 5619
20 30 45 451
21 1 762 7620
21 2 348 3479
21 3 299 2991
21 4 699 6993
21 5 751 7509
21 6 386 3857
21 7 346 3463
21 8 601 6013
21 9 259 2586
21 10 850 8496
21 11 562 5617
21 12 622 6220
21 13 609 6087
21 14 252 2524
21 15 751 7513
21 16 477 4767
21 17 176 1756
21 18 307 3071
21 19 607 6075
21 20 268 2680
21 22 174 1743
21 23 299 2986
21 24 705 7047
21 25 313 3130
21 26 706 7062
21 27 308 3076
21 28 259 2590
21 29 643 6432
21 30 274 2736
22 1 901 9013
22 2 504 5038
22 3 461 4609
22 4 768 7680
22 5 885 8848
22 6 535 5348
22 7 414 4137
22 8 775 7753
22 9 302 3025
22 10 990 9898
22 11 731 7311
22 12 796 7955
22 13 614 6140
22 14 119 1186
22 15 892 8921
22 16 649 6493
22 17 247 2467
22 18 433 4332
22 19 781 7810
22 20 398 3982
22 21 174 1743
22 23 359 3587
22 24 692 6920
22 25 218 2183
22 26 676 6761
22 27 202 2020
22 28 391 3905
22 29 816 8164
22 30 387 3866
23 1 586 5863
23 2 553 5529
23 3 288 2880
23 4 411 4115
23 5 561 5614
23 6 601 6008
23 7 55 551
23 8 629 6288
23 9 557 5572
23 10 673 6732
23 11 683 6830
23 12 635 6351
23 13 322 3217
23 14 320 3201
23 15 581 5806
23 16 581 5812
23 17 474 4738
23 18 162 1621
23 19 683 6832
23 20 159 1592
23 21 299 2986
23 22 359 3587
23 24 427 4265
23 25 272 2719
23 26 444 4437
23 27 288 2883
23 28 520 5198
23 29 721 7211
23 30 115 1147
24 1 741 7413
24 2 978 9780
24 3 685 6852
24 4 341 3408
24 5 701 7007
24 6 1026 10263
24 7 402 4020
24 8 984 9840
24 9 957 9569
24 10 804 8043
24 11 1082 10821
24 12 980 9801
24 13 111 1108
24 14 593 5932
24 15 745 7453
24 16 980 9801
24 17 877 8774
24 18 546 5456
24 19 1061 10610
24 20 564 5636
24 21 705 7047
24 22 692 6920
24 23 427 4265
24 25 489 4894
24 26 70 699
24 27 511 5112
24 28 944 9440
24 29 1097 10971
24 30 521 5210
25 1 858 8582
25 2 658 6584
25 3 503 5025
25 4 631 6312
25 5 833 8326
25 6 698 6980
25 7 319 3192
25 8 849 8488
25 9 516 5157
25 10 945 9448
25 11 853 8531
25 12 862 8617
25 13 426 4264
25 14 106 1058
25 15 852 8525
25 16 759 7587
25 17 450 4498
25 18 414 4138
25 19 880 8803
25 20 393 3931
25 21 313 3130
25 22 218 2183
25 23 272 2719
25 24 489 4894
25 26 465 4654
25 27 23 226
25 28 570 5698
25 29 918 9180
25 30 360 3597
26 1 804 8037
26 2 996 9963
26 3 716 7156
26 4 408 4083
26 5 764 7636
26 6 1044 10439
26 7 427 4272
26 8 1026 10264
26 9 953 9526
26 10 869 8689
26 11 1114 11144
26 12 1024 10242
26 13 155 1547
26 14 571 5709
26 15 807 8069
26 16 1012 10121
26 17 875 8754
26 18 576 5763
26 19 1099 10990
26 20 590 5903
26 21 706 7062
26 22 676 6761
26 23 444 4437
26 24 70 699
26 25 465 4654
26 27 486 4862
26 28 953 9531
26 29 1136 11357
26 30 546 5462
27 1 875 8746
27 2 655 6546
27 3 510 5100
27 4 653 6529
27 5 850 8496
27 6 693 6933
27 7 337 3370
27 8 855 8549
27 9 502 5018
27 10 962 9615
27 11 854 8540
27 12 869 8686
27 13 449 4490
27 14 86 864
27 15 869 8686
27 16 761 7607
27 17 438 4380
27 18 426 4262
27 19 884 8838
27 20 404 4039
27 21 308 3076
27 22 202 2020
27 23 288 2883
27 24 511 5112
27 25 23 226
27 26 486 4862
27 28 562 5624
27 29 921 9213
27 30 372 3721
28 1 818 8184
28 2 137 1372
28 3 359 3594
28 4 876 8760
28 5 821 8207
28 6 152 1515
28 7 555 5552
28 8 506 5058
28 9 182 1822
28 10 898 8979
28 11 387 3869
28 12 535 5354
28 13 841 8413
28 14 496 4964
28 15 804 8043
28 16 338 3378
28 17 162 1616
28 18 454 4543
28 19 467 4667
28 20 419 4192
28 21 259 2590
28 22 391 3905
28 23 520 5198
28 24 944 9440
28 25 570 5698
28 26 953 9531
28 27 562 5624
28 29 495 4947
28 30 449 4489
29 1 585 5850
29 2 359 3587
29 3 433 4332
29 4 871 8709
29 5 612 6125
29 6 363 3630
29 7 718 7177
29 8 130 1304
29 9 677 6768
29 10 629 6287
29 11 118 1175
29 12 154 1537
29 13 987 9870
29 14 888 8877
29 15 569 5691
29 16 167 1674
29 17 645 6451
29 18 565 5654
29 19 38 380
29 20 562 5619
29 21 643 6432
29 22 816 8164
29 23 721 7211
29 24 1097 10971
29 25 918 9180
29 26 1136 11357
29 27 921 9213
29 28 495 4947
29 30 607 6066
30 1 518 5176
30 2 460 4602
30 3 174 1741
30 4 434 4336
30 5 499 4990
30 6 509 5091
30 7 119 1193
30 8 515 5145
30 9 521 5207
30 10 606 6061
30 11 572 5715
30 12 522 5216
30 13 412 4117
30 14 382 3820
30 15 510 5095
30 16 469 4693
30 17 437 4372
30 18 54 541
30 19 569 5687
30 20 45 451
30 21 274 2736
30 22 387 3866
30 23 115 1147
30 24 521 5210
30 25 360 3597
30 26 546 5462
30 27 372 3721
30 28 449 4489
30 29 607 6066
