30
877
51
11
9
24
4
13
5
12
3
26
17
10
18
12
23
9
21
12
29
28
7
2
14
4
5
27
1 2 324 3240
1 3 351 3509
1 4 526 5258
1 5 629 6288
1 6 313 3128
1 7 659 6590
1 8 636 6359
1 9 95 950
1 10 918 9183
1 11 85 853
1 12 204 2042
1 13 432 4322
1 14 395 3949
1 15 114 1138
1 16 562 5622
1 17 821 8208
1 18 601 6006
1 19 571 5711
1 20 316 3160
1 21 339 3386
1 22 49 490
1 23 252 2517
1 24 263 2632
1 25 457 4568
1 26 907 9072
1 27 470 4705
1 28 864 8639
1 29 874 8736
1 30 392 3922
2 1 324 3240
2 3 131 1310
2 4 381 3814
2 5 644 6439
2 6 150 1497
2 7 420 4195
2 8 393 3928
2 9 348 3476
2 10 643 6430
2 11 249 2490
2 12 524 5240
2 13 328 3280
2 14 391 3911
2 15 267 2675
2 16 297 2965
2 17 503 5033
2 18 280 2798
2 19 286 2864
2 20 181 1807
2 21 660 6602
2 22 305 3049
2 23 137 1371
2 24 200 1996
2 25 281 2807
2 26 656 6560
2 27 357 3572
2 28 552 5519
2 29 562 5618
2 30 119 1192
3 1 351 3509
3 2 131 1310
3 4 251 2513
3 5 770 7703
3 6 278 2776
3 7 319 3188
3 8 294 2936
3 9 338 3381
3 10 731 7312
3 11 266 2658
3 12 554 5541
3 13 458 4584
3 14 514 5142
3 15 336 3357
3 16 212 2119
3 17 550 5499
3 18 331 3311
3 19 385 3848
3 20 72 721
3 21 686 6856
3 22 350 3500
3 23 250 2501
3 24 122 1222
3 25 152 1517
3 26 757 7566
3 27 227 2266
3 28 607 6072
3 29 617 6171
3 30 243 2432
4 1 526 5258
4 2 381 3814
4 3 251 2513
4 5 1021 10207
4 6 529 5289
4 7 199 1992
4 8 192 1922
4 9 471 4707
4 10 908 9079
4 11 448 4475
4 12 708 7080
4 13 709 7093
4 14 763 7633
4 15 552 5517
4 16 213 2133
4 17 676 6758
4 18 495 4953
4 19 595 5948
4 20 230 2303
4 21 823 8231
4 22 544 5439
4 23 498 4980
4 24 268 2679
4 25 101 1012
4 26 952 9520
4 27 62 617
4 28 741 7409
4 29 750 7501
4 30 486 4861
5 1 629 6288
5 2 644 6439
5 3 770 7703
5 4 1021 10207
5 6 494 4942
5 7 1052 10523
5 8 1026 10255
5 9 723 7234
5 10 725 7247
5 11 653 6526
5 12 652 6523
5 13 327 3267
5 14 259 2590
5 15 530 5297
5 16 925 9248
5 17 835 8351
5 18 726 7262
5 19 588 5885
5 20 797 7970
5 21 727 7266
5 22 582 5815
5 23 524 5236
5 24 780 7804
5 25 922 9220
5 26 649 6494
5 27 987 9871
5 28 831 8311
5 29 836 8363
5 30 564 5642
6 1 313 3128
6 2 150 1497
6 3 278 2776
6 4 529 5289
6 5 494 4942
6 7 565 5646
6 8 538 5378
6 9 374 3737
6 10 606 6056
6 11 269 2685
6 12 484 4844
6 13 183 1830
6 14 243 2427
6 15 214 2138
6 16 439 4389
6 17 533 5326
6 18 331 3306
6 19 265 2646
6 20 314 3139
6 21 618 6180
6 22 275 2746
6 23 64 636
6 24 313 3128
6 25 429 4290
6 26 596 5963
6 27 500 5002
6 28 567 5671
6 29 576 5763
6 30 105 1054
7 1 659 6590
7 2 420 4195
7 3 319 3188
7 4 199 1992
7 5 1052 10523
7 6 565 5646
7 8 27 268
7 9 624 6243
7 10 795 7945
7 11 574 5745
7 12 856 8563
7 13 727 7265
7 14 807 8071
7 15 654 6545
7 16 128 1276
7 17 536 5362
7 18 406 4055
7 19 536 5361
7 20 343 3431
7 21 981 9812
7 22 665 6649
7 23 555 5554
7 24 398 3984
7 25 210 2096
7 26 855 8547
7 27 254 2542
7 28 602 6024
7 29 611 6107
7 30 489 4886
8 1 636 6359
8 2 393 3928
8 3 294 2936
8 4 192 1922
8 5 1026 10255
8 6 538 5378
8 7 27 268
8 9 603 6033
8 10 777 7768
8 11 551 5511
8 12 834 8342
8 13 700 6999
8 14 780 7803
8 15 629 6293
8 16 101 1011
8 17 522 5218
8 18 384 3836
8 19 512 5122
8 20 320 3204
8 21 960 9600
8 22 641 6408
8 23 529 5289
8 24 376 3765
8 25 191 1907
8 26 835 8352
8 27 244 2435
8 28 588 5881
8 29 597 5966
8 30 462 4620
9 1 95 950
9 2 348 3476
9 3 338 3381
9 4 471 4707
9 5 723 7234
9 6 374 3737
9 7 624 6243
9 8 603 6033
9 10 973 9725
9 11 106 1059
9 12 237 2373
9 13 513 5131
9 14 486 4859
9 15 201 2005
9 16 541 5413
9 17 851 8509
9 18 627 6271
9 19 618 6184
9 20 287 2867
9 21 357 3569
9 22 142 1420
9 23 310 3102
9 24 228 2282
9 25 416 4158
9 26 969 9693
9 27 412 4117
9 28 899 8990
9 29 909 9089
9 30 437 4370
10 1 918 9183
10 2 643 6430
10 3 731 7312
10 4 908 9079
10 5 725 7247
10 6 606 6056
10 7 795 7945
10 8 777 7768
10 9 973 9725
10 11 867 8668
10 12 1081 10812
10 13 546 5465
10 14 660 6602
10 15 817 8166
10 16 703 7029
10 17 275 2753
10 18 413 4135
10 19 357 3572
10 20 802 8015
10 21 1209 12094
10 22 880 8797
10 23 667 6670
10 24 837 8371
10 25 823 8233
10 26 98 984
10 27 920 9197
10 28 218 2182
10 29 215 2146
10 30 537 5369
11 1 85 853
11 2 249 2490
11 3 266 2658
11 4 448 4475
11 5 653 6526
11 6 269 2685
11 7 574 5745
11 8 551 5511
11 9 106 1059
11 10 867 8668
11 12 289 2885
11 13 416 4161
11 14 404 4036
11 15 124 1242
11 16 477 4770
11 17 751 7513
11 18 529 5286
11 19 513 5133
11 20 232 2319
11 21 422 4215
11 22 97 966
11 23 205 2049
11 24 181 1813
11 25 374 3742
11 26 863 8635
11 27 395 3946
11 28 798 7975
11 29 807 8073
11 30 332 3319
12 1 204 2042
12 2 524 5240
12 3 554 5541
12 4 708 7080
12 5 652 6523
12 6 484 4844
12 7 856 8563
12 8 834 8342
12 9 237 2373
12 10 1081 10812
12 11 289 2885
12 13 554 5540
12 14 476 4757
12 15 271 2715
12 16 764 7645
12 17 1011 10111
12 18 795 7953
12 19 749 7490
12 20 514 5140
12 21 136 1364
12 22 220 2198
12 23 431 4309
12 24 458 4579
12 25 650 6499
12 26 1057 10573
12 27 649 6490
12 28 1050 10498
12 29 1059 10592
12 30 577 5775
13 1 432 4322
13 2 328 3280
13 3 458 4584
13 4 709 7093
13 5 327 3267
13 6 183 1830
13 7 727 7265
13 8 700 6999
13 9 513 5131
13 10 546 5465
13 11 416 4161
13 12 554 5540
13 14 122 1221
13 15 319 3185
13 16 599 5990
13 17 562 5624
13 18 413 4126
13 19 289 2888
13 20 497 4969
13 21 674 6737
13 22 385 3849
13 23 231 2313
13 24 494 4936
13 25 609 6087
13 26 509 5087
13 27 683 6827
13 28 577 5769
13 29 584 5844
13 30 238 2379
14 1 395 3949
14 2 391 3911
14 3 514 5142
14 4 763 7633
14 5 259 2590
14 6 243 2427
14 7 807 8071
14 8 780 7803
14 9 486 4859
14 10 660 6602
14 11 404 4036
14 12 476 4757
14 13 122 1221
14 15 286 2858
14 16 681 6809
14 17 684 6840
14 18 526 5257
14 19 409 4087
14 20 538 5383
14 21 584 5838
14 22 346 3459
14 23 265 2654
14 24 522 5216
14 25 666 6656
14 26 614 6143
14 27 728 7284
14 28 699 6989
14 29 706 7064
14 30 328 3281
15 1 114 1138
15 2 267 2675
15 3 336 3357
15 4 552 5517
15 5 530 5297
15 6 214 2138
15 7 654 6545
15 8 629 6293
15 9 201 2005
15 10 817 8166
15 11 124 1242
15 12 271 2715
15 13 319 3185
15 14 286 2858
15 16 544 5438
15 17 740 7403
15 18 527 5272
15 19 478 4781
15 20 324 3241
15 21 406 4065
15 22 67 666
15 23 160 1596
15 24 285 2850
15 25 468 4680
15 26 800 8004
15 27 504 5036
15 28 778 7783
15 29 788 7877
15 30 306 3064
16 1 562 5622
16 2 297 2965
16 3 212 2119
16 4 213 2133
16 5 925 9248
16 6 439 4389
16 7 128 1276
16 8 101 1011
16 9 541 5413
16 10 703 7029
16 11 477 4770
16 12 764 7645
16 13 599 5990
16 14 681 6809
16 15 544 5438
16 17 463 4630
16 18 297 2971
16 19 418 4176
16 20 255 2548
16 21 894 8944
16 22 562 5617
16 23 433 4335
16 24 314 3136
16 25 160 1599
16 26 754 7544
16 27 244 2444
16 28 528 5284
16 29 538 5375
16 30 361 3610
17 1 821 8208
17 2 503 5033
17 3 550 5499
17 4 676 6758
17 5 835 8351
17 6 533 5326
17 7 536 5362
17 8 522 5218
17 9 851 8509
17 10 275 2753
17 11 751 7513
17 12 1011 10111
17 13 562 5624
17 14 684 6840
17 15 740 7403
17 16 463 4630
17 18 224 2242
17 19 279 2788
17 20 622 6217
17 21 1147 11467
17 22 793 7930
17 23 581 5807
17 24 669 6694
17 25 605 6048
17 26 357 3575
17 27 699 6993
17 28 66 663
17 29 75 749
17 30 434 4339
18 1 601 6006
18 2 280 2798
18 3 331 3311
18 4 495 4953
18 5 726 7262
18 6 331 3306
18 7 406 4055
18 8 384 3836
18 9 627 6271
18 10 413 4135
18 11 529 5286
18 12 795 7953
18 13 413 4126
18 14 526 5257
18 15 527 5272
18 16 297 2971
18 17 224 2242
18 19 144 1445
18 20 403 4032
18 21 932 9316
18 22 576 5758
18 23 370 3696
18 24 448 4479
18 25 410 4099
18 26 458 4581
18 27 506 5064
18 28 277 2772
18 29 287 2872
18 30 226 2259
19 1 571 5711
19 2 286 2864
19 3 385 3848
19 4 595 5948
19 5 588 5885
19 6 265 2646
19 7 536 5361
19 8 512 5122
19 9 618 6184
19 10 357 3572
19 11 513 5133
19 12 749 7490
19 13 289 2888
19 14 409 4087
19 15 478 4781
19 16 418 4176
19 17 279 2788
19 18 144 1445
19 20 452 4522
19 21 883 8825
19 22 537 5368
19 23 321 3207
19 24 483 4830
19 25 500 4996
19 26 372 3724
19 27 593 5934
19 28 305 3050
19 29 314 3138
19 30 181 1814
20 1 316 3160
20 2 181 1807
20 3 72 721
20 4 230 2303
20 5 797 7970
20 6 314 3139
20 7 343 3431
20 8 320 3204
20 9 287 2867
20 10 802 8015
20 11 232 2319
20 12 514 5140
20 13 497 4969
20 14 538 5383
20 15 324 3241
20 16 255 2548
20 17 622 6217
20 18 403 4032
20 19 452 4522
20 21 641 6414
20 22 325 3246
20 23 274 2738
20 24 59 590
20 25 144 1443
20 26 825 8246
20 27 190 1902
20 28 679 6792
20 29 689 6891
20 30 299 2993
21 1 339 3386
21 2 660 6602
21 3 686 6856
21 4 823 8231
21 5 727 7266
21 6 618 6180
21 7 981 9812
21 8 960 9600
21 9 357 3569
21 10 1209 12094
21 11 422 4215
21 12 136 1364
21 13 674 6737
21 14 584 5838
21 15 406 4065
21 16 894 8944
21 17 1147 11467
21 18 932 9316
21 19 883 8825
21 20 641 6414
21 22 356 3562
21 23 566 5661
21 24 584 5838
21 25 773 7727
21 26 1181 11811
21 27 763 7626
21 28 1184 11845
21 29 1194 11938
21 30 713 7128
22 1 49 490
22 2 305 3049
22 3 350 3500
22 4 544 5439
22 5 582 5815
22 6 275 2746
22 7 665 6649
22 8 641 6408
22 9 142 1420
22 10 880 8797
22 11 97 966
22 12 220 2198
22 13 385 3849
22 14 346 3459
22 15 67 666
22 16 562 5617
22 17 793 7930
22 18 576 5758
22 19 537 5368
22 20 325 3246
22 21 356 3562
22 23 216 2161
22 24 277 2768
22 25 468 4683
22 26 866 8655
22 27 491 4913
22 28 834 8337
22 29 843 8432
22 30 361 3607
23 1 252 2517
23 2 137 1371
23 3 250 2501
23 4 498 4980
23 5 524 5236
23 6 64 636
23 7 555 5554
23 8 529 5289
23 9 310 3102
23 10 667 6670
23 11 205 2049
23 12 431 4309
23 13 231 2313
23 14 265 2654
23 15 160 1596
23 16 433 4335
23 17 581 5807
23 18 370 3696
23 19 321 3207
23 20 274 2738
23 21 566 5661
23 22 216 2161
23 24 264 2635
23 25 401 4008
23 26 659 6595
23 27 464 4636
23 28 619 6189
23 29 628 6284
23 30 147 1468
24 1 263 2632
24 2 200 1996
24 3 122 1222
24 4 268 2679
24 5 780 7804
24 6 313 3128
24 7 398 3984
24 8 376 3765
24 9 228 2282
24 10 837 8371
24 11 181 1813
24 12 458 4579
24 13 494 4936
24 14 522 5216
24 15 285 2850
24 16 314 3136
24 17 669 6694
24 18 448 4479
24 19 483 4830
24 20 59 590
24 21 584 5838
24 22 277 2768
24 23 264 2635
24 25 194 1937
24 26 854 8545
24 27 219 2186
24 28 725 7250
24 29 735 7350
24 30 318 3179
25 1 457 4568
25 2 281 2807
25 3 152 1517
25 4 101 1012
25 5 922 9220
25 6 429 4290
25 7 210 2096
25 8 191 1907
25 9 416 4158
25 10 823 8233
25 11 374 3742
25 12 650 6499
25 13 609 6087
25 14 666 6656
25 15 468 4680
25 16 160 1599
25 17 605 6048
25 18 410 4099
25 19 500 4996
25 20 144 1443
25 21 773 7727
25 22 468 4683
25 23 401 4008
25 24 194 1937
25 26 862 8622
25 27 96 965
25 28 668 6682
25 29 678 6778
25 30 385 3850
26 1 907 9072
26 2 656 6560
26 3 757 7566
26 4 952 9520
26 5 649 6494
26 6 596 5963
26 7 855 8547
26 8 835 8352
26 9 969 9693
26 10 98 984
26 11 863 8635
26 12 1057 10573
26 13 509 5087
26 14 614 6143
26 15 800 8004
26 16 754 7544
26 17 357 3575
26 18 458 4581
26 19 372 3724
26 20 825 8246
26 21 1181 11811
26 22 866 8655
26 23 659 6595
26 24 854 8545
26 25 862 8622
26 27 958 9580
26 28 307 3069
26 29 305 3048
26 30 542 5423
27 1 470 4705
27 2 357 3572
27 3 227 2266
27 4 62 617
27 5 987 9871
27 6 500 5002
27 7 254 2542
27 8 244 2435
27 9 412 4117
27 10 920 9197
27 11 395 3946
27 12 649 6490
27 13 683 6827
27 14 728 7284
27 15 504 5036
27 16 244 2444
27 17 699 6993
27 18 506 5064
27 19 593 5934
27 20 190 1902
27 21 763 7626
27 22 491 4913
27 23 464 4636
27 24 219 2186
27 25 96 965
27 26 958 9580
27 28 763 7632
27 29 773 7727
27 30 469 4688
28 1 864 8639
28 2 552 5519
28 3 607 6072
28 4 741 7409
28 5 831 8311
28 6 567 5671
28 7 602 6024
28 8 588 5881
28 9 899 8990
28 10 218 2182
28 11 798 7975
28 12 1050 10498
28 13 577 5769
28 14 699 6989
28 15 778 7783
28 16 528 5284
28 17 66 663
28 18 277 2772
28 19 305 3050
28 20 679 6792
28 21 1184 11845
28 22 834 8337
28 23 619 6189
28 24 725 7250
28 25 668 6682
28 26 307 3069
28 27 763 7632
28 29 10 100
28 30 473 4730
29 1 874 8736
29 2 562 5618
29 3 617 6171
29 4 750 7501
29 5 836 8363
29 6 576 5763
29 7 611 6107
29 8 597 5966
29 9 909 9089
29 10 215 2146
29 11 807 8073
29 12 1059 10592
29 13 584 5844
29 14 706 7064
29 15 788 7877
29 16 538 5375
29 17 75 749
29 18 287 2872
29 19 314 3138
29 20 689 6891
29 21 1194 11938
29 22 843 8432
29 23 628 6284
29 24 735 7350
29 25 678 6778
29 26 305 3048
29 27 773 7727
29 28 10 100
29 30 483 4825
30 1 392 3922
30 2 119 1192
30 3 243 2432
30 4 486 4861
30 5 564 5642
30 6 105 1054
30 7 489 4886
30 8 462 4620
30 9 437 4370
30 10 537 5369
30 11 332 3319
30 12 577 5775
30 13 238 2379
30 14 328 3281
30 15 306 3064
30 16 361 3610
30 17 434 4339
30 18 226 2259
30 19 181 1814
30 20 299 2993
30 21 713 7128
30 22 361 3607
30 23 147 1468
30 24 318 3179
30 25 385 3850
30 26 542 5423
30 27 469 4688
30 28 473 4730
30 29 483 4825
