30
2
809
14
18
3
11
21
5
26
10
25
19
14
15
28
29
17
22
23
20
25
1
30
7
6
24
27
10
15
29
8
3
12
5
11
14
19
9
21
28
1 2 1018 10179
1 3 555 5553
1 4 461 4608
1 5 702 7025
1 6 230 2299
1 7 494 4936
1 8 284 2845
1 9 1207 12067
1 10 1143 11432
1 11 992 9922
1 12 787 7871
1 13 193 1931
1 14 228 2276
1 15 491 4909
1 16 713 7134
1 17 1086 10862
1 18 776 7757
1 19 954 9535
1 20 1165 11650
1 21 1037 10371
1 22 454 4544
1 23 168 1677
1 24 380 3800
1 25 940 9397
1 26 1091 10907
1 27 631 6308
1 28 503 5034
1 29 477 4774
1 30 590 5899
2 1 1018 10179
2 3 499 4986
2 4 606 6055
2 5 562 5622
2 6 828 8275
2 7 646 6460
2 8 820 8201
2 9 191 1914
2 10 227 2268
2 11 180 1799
2 12 479 4785
2 13 828 8279
2 14 806 8055
2 15 571 5712
2 16 312 3116
2 17 189 1890
2 18 409 4088
2 19 213 2131
2 20 174 1737
2 21 69 692
2 22 712 7121
2 23 894 8942
2 24 737 7373
2 25 108 1083
2 26 75 749
2 27 390 3903
2 28 721 7206
2 29 566 5656
2 30 535 5353
3 1 555 5553
3 2 499 4986
3 4 107 1073
3 5 242 2425
3 6 423 4232
3 7 406 4061
3 8 452 4516
3 9 676 6757
3 10 591 5907
3 11 440 4401
3 12 521 5206
3 13 363 3633
3 14 384 3844
3 15 296 2960
3 16 258 2582
3 17 620 6202
3 18 235 2352
3 19 516 5158
3 20 624 6236
3 21 501 5014
3 22 448 4483
3 23 475 4748
3 24 418 4180
3 25 450 4497
3 26 565 5647
3 27 133 1332
3 28 253 2528
3 29 261 2606
3 30 376 3756
4 1 461 4608
4 2 606 6055
4 3 107 1073
4 5 269 2694
4 6 360 3601
4 7 411 4107
4 8 402 4019
4 9 783 7829
4 10 694 6938
4 11 544 5438
4 12 581 5809
4 13 273 2734
4 14 317 3165
4 15 310 3102
4 16 350 3501
4 17 722 7221
4 18 315 3153
4 19 612 6120
4 20 730 7300
4 21 609 6085
4 22 439 4388
4 23 401 4015
4 24 392 3919
4 25 553 5535
4 26 672 6719
4 27 229 2292
4 28 183 1832
4 29 272 2724
4 30 411 4105
5 1 702 7025
5 2 562 5622
5 3 242 2425
5 4 269 2694
5 6 629 6293
5 7 648 6485
5 8 671 6707
5 9 697 6975
5 10 557 5568
5 11 428 4283
5 12 738 7375
5 13 530 5297
5 14 585 5851
5 15 539 5385
5 16 442 4424
5 17 729 7290
5 18 155 1547
5 19 660 6599
5 20 627 6272
5 21 534 5342
5 22 689 6887
5 23 667 6674
5 24 652 6522
5 25 559 5595
5 26 608 6078
5 27 334 3342
5 28 221 2213
5 29 503 5029
5 30 614 6138
6 1 230 2299
6 2 828 8275
6 3 423 4232
6 4 360 3601
6 5 629 6293
6 7 264 2637
6 8 69 693
6 9 1019 10188
6 10 979 9793
6 11 831 8308
6 12 558 5577
6 13 147 1471
6 14 47 465
6 15 271 2708
6 16 516 5163
6 17 875 8749
6 18 658 6583
6 19 739 7390
6 20 986 9860
6 21 856 8562
6 22 228 2280
6 23 69 693
6 24 152 1517
6 25 740 7397
6 26 902 9021
6 27 458 4582
6 28 483 4829
6 29 265 2653
6 30 362 3623
7 1 494 4936
7 2 646 6460
7 3 406 4061
7 4 411 4107
7 5 648 6485
7 6 264 2637
7 8 217 2173
7 9 834 8336
7 10 835 8354
7 11 700 6996
7 12 296 2963
7 13 368 3676
7 14 275 2755
7 15 111 1111
7 16 349 3491
7 17 651 6513
7 18 614 6136
7 19 513 5129
7 20 817 8169
7 21 690 6902
7 22 66 662
7 23 329 3286
7 24 117 1170
7 25 544 5444
7 26 720 7201
7 27 358 3578
7 28 587 5872
7 29 146 1456
7 30 116 1163
8 1 284 2845
8 2 820 8201
8 3 452 4516
8 4 402 4019
8 5 671 6707
8 6 69 693
8 7 217 2173
8 9 1011 10113
8 10 984 9845
8 11 838 8384
8 12 514 5136
8 13 215 2151
8 14 110 1097
8 15 251 2508
8 16 509 5090
8 17 853 8526
8 18 686 6858
8 19 715 7151
8 20 984 9836
8 21 854 8539
8 22 171 1707
8 23 117 1168
8 24 100 1003
8 25 727 7271
8 26 895 8950
8 27 467 4672
8 28 539 5388
8 29 255 2550
8 30 326 3259
9 1 1207 12067
9 2 191 1914
9 3 676 6757
9 4 783 7829
9 5 697 6975
9 6 1019 10188
9 7 834 8336
9 8 1011 10113
9 10 184 1843
9 11 270 2696
9 12 640 6398
9 13 1016 10156
9 14 996 9963
9 15 762 7619
9 16 503 5030
9 17 254 2543
9 18 544 5440
9 19 357 3566
9 20 79 792
9 21 175 1745
9 22 900 8999
9 23 1085 10853
9 24 928 9276
9 25 289 2893
9 26 117 1167
9 27 577 5767
9 28 880 8800
9 29 757 7569
9 30 721 7209
10 1 1143 11432
10 2 227 2268
10 3 591 5907
10 4 694 6938
10 5 557 5568
10 6 979 9793
10 7 835 8354
10 8 984 9845
10 9 184 1843
10 11 151 1510
10 12 701 7013
10 13 950 9501
10 14 950 9498
10 15 746 7461
10 16 487 4866
10 17 385 3849
10 18 412 4116
10 19 439 4395
10 20 107 1068
10 21 161 1605
10 22 900 9000
10 23 1041 10415
10 24 913 9127
10 25 331 3306
10 26 185 1846
10 27 521 5213
10 28 759 7589
10 29 732 7321
10 30 733 7326
11 1 992 9922
11 2 180 1799
11 3 440 4401
11 4 544 5438
11 5 428 4283
11 6 831 8308
11 7 700 6996
11 8 838 8384
11 9 270 2696
11 10 151 1510
11 12 601 6006
11 13 799 7992
11 14 800 8003
11 15 605 6051
11 16 352 3516
11 17 369 3688
11 18 276 2759
11 19 373 3733
11 20 199 1994
11 21 123 1228
11 22 763 7628
11 23 892 8921
11 24 770 7703
11 25 250 2502
11 26 194 1938
11 27 373 3727
11 28 619 6185
11 29 588 5885
11 30 603 6027
12 1 787 7871
12 2 479 4785
12 3 521 5206
12 4 581 5809
12 5 738 7375
12 6 558 5577
12 7 296 2963
12 8 514 5136
12 9 640 6398
12 10 701 7013
12 11 601 6006
12 13 642 6417
12 14 563 5629
12 15 312 3124
12 16 303 3031
12 17 410 4102
12 18 641 6412
12 19 284 2838
12 20 648 6485
12 21 541 5410
12 22 349 3494
12 23 624 6241
12 24 413 4133
12 25 371 3712
12 26 542 5420
12 27 404 4039
12 28 762 7620
12 29 341 3408
12 30 201 2007
13 1 193 1931
13 2 828 8279
13 3 363 3633
13 4 273 2734
13 5 530 5297
13 6 147 1471
13 7 368 3676
13 8 215 2151
13 9 1016 10156
13 10 950 9501
13 11 799 7992
13 12 642 6417
13 14 107 1066
13 15 331 3310
13 16 528 5277
13 17 906 9056
13 18 588 5884
13 19 776 7764
13 20 973 9726
13 21 845 8451
13 22 351 3509
13 23 150 1497
13 24 275 2753
13 25 753 7534
13 26 900 9000
13 27 439 4390
13 28 355 3549
13 29 309 3089
13 30 441 4411
14 1 228 2276
14 2 806 8055
14 3 384 3844
14 4 317 3165
14 5 585 5851
14 6 47 465
14 7 275 2755
14 8 110 1097
14 9 996 9963
14 10 950 9498
14 11 800 8003
14 12 563 5629
14 13 107 1066
14 15 263 2633
14 16 496 4959
14 17 862 8621
14 18 619 6189
14 19 728 7280
14 20 961 9606
14 21 831 8311
14 22 250 2498
14 23 92 919
14 24 173 1729
14 25 721 7213
14 26 880 8796
14 27 429 4288
14 28 436 4363
14 29 251 2514
14 30 364 3639
15 1 491 4909
15 2 571 5712
15 3 296 2960
15 4 310 3102
15 5 539 5385
15 6 271 2708
15 7 111 1111
15 8 251 2508
15 9 762 7619
15 10 746 7461
15 11 605 6051
15 12 312 3124
15 13 331 3310
15 14 263 2633
15 16 262 2622
15 17 605 6046
15 18 503 5033
15 19 468 4683
15 20 737 7373
15 21 608 6083
15 22 163 1634
15 23 340 3401
15 24 167 1672
15 25 476 4765
15 26 646 6461
15 27 250 2503
15 28 491 4913
15 29 38 378
15 30 114 1140
16 1 713 7134
16 2 312 3116
16 3 258 2582
16 4 350 3501
16 5 442 4424
16 6 516 5163
16 7 349 3491
16 8 509 5090
16 9 503 5030
16 10 487 4866
16 11 352 3516
16 12 303 3031
16 13 528 5277
16 14 496 4959
16 15 262 2622
16 17 381 3811
16 18 338 3382
16 19 263 2625
16 20 475 4753
16 21 346 3461
16 22 413 4135
16 23 583 5835
16 24 429 4294
16 25 226 2263
16 26 386 3864
16 27 125 1250
16 28 511 5109
16 29 254 2542
16 30 252 2519
17 1 1086 10862
17 2 189 1890
17 3 620 6202
17 4 722 7221
17 5 729 7290
17 6 875 8749
17 7 651 6513
17 8 853 8526
17 9 254 2543
17 10 385 3849
17 11 369 3688
17 12 410 4102
17 13 906 9056
17 14 862 8621
17 15 605 6046
17 16 381 3811
17 18 580 5803
17 19 138 1384
17 20 294 2942
17 21 251 2511
17 22 716 7159
17 23 944 9440
17 24 759 7588
17 25 173 1730
17 26 201 2007
17 27 493 4934
17 28 862 8622
17 29 611 6109
17 30 535 5349
18 1 776 7757
18 2 409 4088
18 3 235 2352
18 4 315 3153
18 5 155 1547
18 6 658 6583
18 7 614 6136
18 8 686 6858
18 9 544 5440
18 10 412 4116
18 11 276 2759
18 12 641 6412
18 13 588 5884
18 14 619 6189
18 15 503 5033
18 16 338 3382
18 17 580 5803
18 19 523 5225
18 20 475 4753
18 21 380 3795
18 22 665 6649
18 23 708 7085
18 24 645 6450
18 25 414 4143
18 26 453 4531
18 27 260 2604
18 28 348 3476
18 29 473 4730
18 30 553 5532
19 1 954 9535
19 2 213 2131
19 3 516 5158
19 4 612 6120
19 5 660 6599
19 6 739 7390
19 7 513 5129
19 8 715 7151
19 9 357 3566
19 10 439 4395
19 11 373 3733
19 12 284 2838
19 13 776 7764
19 14 728 7280
19 15 468 4683
19 16 263 2625
19 17 138 1384
19 18 523 5225
19 20 372 3720
19 21 282 2817
19 22 578 5776
19 23 808 8082
19 24 621 6207
19 25 124 1237
19 26 265 2655
19 27 384 3839
19 28 766 7657
19 29 477 4766
19 30 397 3965
20 1 1165 11650
20 2 174 1737
20 3 624 6236
20 4 730 7300
20 5 627 6272
20 6 986 9860
20 7 817 8169
20 8 984 9836
20 9 79 792
20 10 107 1068
20 11 199 1994
20 12 648 6485
20 13 973 9726
20 14 961 9606
20 15 737 7373
20 16 475 4753
20 17 294 2942
20 18 475 4753
20 19 372 3720
20 21 130 1298
20 22 883 8828
20 23 1051 10510
20 24 904 9044
20 25 281 2815
20 26 107 1068
20 27 535 5346
20 28 817 8165
20 29 729 7286
20 30 708 7077
21 1 1037 10371
21 2 69 692
21 3 501 5014
21 4 609 6085
21 5 534 5342
21 6 856 8562
21 7 690 6902
21 8 854 8539
21 9 175 1745
21 10 161 1605
21 11 123 1228
21 12 541 5410
21 13 845 8451
21 14 831 8311
21 15 608 6083
21 16 346 3461
21 17 251 2511
21 18 380 3795
21 19 282 2817
21 20 130 1298
21 22 756 7558
21 23 921 9213
21 24 775 7755
21 25 170 1701
21 26 74 740
21 27 406 4063
21 28 708 7080
21 29 599 5990
21 30 583 5829
22 1 454 4544
22 2 712 7121
22 3 448 4483
22 4 439 4388
22 5 689 6887
22 6 228 2280
22 7 66 662
22 8 171 1707
22 9 900 8999
22 10 900 9000
22 11 763 7628
22 12 349 3494
22 13 351 3509
22 14 250 2498
22 15 163 1634
22 16 413 4135
22 17 716 7159
22 18 665 6649
22 19 578 5776
22 20 883 8828
22 21 756 7558
22 23 287 2868
22 24 77 770
22 25 611 6107
22 26 786 7863
22 27 414 4137
22 28 608 6080
22 29 192 1919
22 30 182 1815
23 1 168 1677
23 2 894 8942
23 3 475 4748
23 4 401 4015
23 5 667 6674
23 6 69 693
23 7 329 3286
23 8 117 1168
23 9 1085 10853
23 10 1041 10415
23 11 892 8921
23 12 624 6241
23 13 150 1497
23 14 92 919
23 15 340 3401
23 16 583 5835
23 17 944 9440
23 18 708 7085
23 19 808 8082
23 20 1051 10510
23 21 921 9213
23 22 287 2868
23 24 213 2133
23 25 808 8077
23 26 969 9686
23 27 520 5203
23 28 504 5036
23 29 334 3339
23 30 430 4304
24 1 380 3800
24 2 737 7373
24 3 418 4180
24 4 392 3919
24 5 652 6522
24 6 152 1517
24 7 117 1170
24 8 100 1003
24 9 928 9276
24 10 913 9127
24 11 770 7703
24 12 413 4133
24 13 275 2753
24 14 173 1729
24 15 167 1672
24 16 429 4294
24 17 759 7588
24 18 645 6450
24 19 621 6207
24 20 904 9044
24 21 775 7755
24 22 77 770
24 23 213 2133
24 25 640 6404
24 26 812 8121
24 27 407 4066
24 28 552 5517
24 29 182 1823
24 30 228 2275
25 1 940 9397
25 2 108 1083
25 3 450 4497
25 4 553 5535
25 5 559 5595
25 6 740 7397
25 7 544 5444
25 8 727 7271
25 9 289 2893
25 10 331 3306
25 11 250 2502
25 12 371 3712
25 13 753 7534
25 14 721 7213
25 15 476 4765
25 16 226 2263
25 17 173 1730
25 18 414 4143
25 19 124 1237
25 20 281 2815
25 21 170 1701
25 22 611 6107
25 23 808 8077
25 24 640 6404
25 26 178 1781
25 27 327 3268
25 28 689 6894
25 29 475 4750
25 30 432 4316
26 1 1091 10907
26 2 75 749
26 3 565 5647
26 4 672 6719
26 5 608 6078
26 6 902 9021
26 7 720 7201
26 8 895 8950
26 9 117 1167
26 10 185 1846
26 11 194 1938
26 12 542 5420
26 13 900 9000
26 14 880 8796
26 15 646 6461
26 16 386 3864
26 17 201 2007
26 18 453 4531
26 19 265 2655
26 20 107 1068
26 21 74 740
26 22 786 7863
26 23 969 9686
26 24 812 8121
26 25 178 1781
26 27 461 4614
26 28 778 7782
26 29 640 6405
26 30 609 6087
27 1 631 6308
27 2 390 3903
27 3 133 1332
27 4 229 2292
27 5 334 3342
27 6 458 4582
27 7 358 3578
27 8 467 4672
27 9 577 5767
27 10 521 5213
27 11 373 3727
27 12 404 4039
27 13 439 4390
27 14 429 4288
27 15 250 2503
27 16 125 1250
27 17 493 4934
27 18 260 2604
27 19 384 3839
27 20 535 5346
27 21 406 4063
27 22 414 4137
27 23 520 5203
27 24 407 4066
27 25 327 3268
27 26 461 4614
27 28 386 3858
27 29 225 2254
27 30 293 2929
28 1 503 5034
28 2 721 7206
28 3 253 2528
28 4 183 1832
28 5 221 2213
28 6 483 4829
28 7 587 5872
28 8 539 5388
28 9 880 8800
28 10 759 7589
28 11 619 6185
28 12 762 7620
28 13 355 3549
28 14 436 4363
28 15 491 4913
28 16 511 5109
28 17 862 8622
28 18 348 3476
28 19 766 7657
28 20 817 8165
28 21 708 7080
28 22 608 6080
28 23 504 5036
28 24 552 5517
28 25 689 6894
28 26 778 7782
28 27 386 3858
28 29 454 4536
28 30 594 5937
29 1 477 4774
29 2 566 5656
29 3 261 2606
29 4 272 2724
29 5 503 5029
29 6 265 2653
29 7 146 1456
29 8 255 2550
29 9 757 7569
29 10 732 7321
29 11 588 5885
29 12 341 3408
29 13 309 3089
29 14 251 2514
29 15 38 378
29 16 254 2542
29 17 611 6109
29 18 473 4730
29 19 477 4766
29 20 729 7286
29 21 599 5990
29 22 192 1919
29 23 334 3339
29 24 182 1823
29 25 475 4750
29 26 640 6405
29 27 225 2254
29 28 454 4536
29 30 147 1468
30 1 590 5899
30 2 535 5353
30 3 376 3756
30 4 411 4105
30 5 614 6138
30 6 362 3623
30 7 116 1163
30 8 326 3259
30 9 721 7209
30 10 733 7326
30 11 603 6027
30 12 201 2007
30 13 441 4411
30 14 364 3639
30 15 114 1140
30 16 252 2519
30 17 535 5349
30 18 553 5532
30 19 397 3965
30 20 708 7077
30 21 583 5829
30 22 182 1815
30 23 430 4304
30 24 228 2275
30 25 432 4316
30 26 609 6087
30 27 293 2929
30 28 594 5937
30 29 147 1468
