10
263
143
4
10
6
2
3
5
5
6
3
10
1
1 2 525 5250
1 3 490 4898
1 4 479 4787
1 5 665 6652
1 6 349 3487
1 7 512 5120
1 8 382 3825
1 9 87 871
1 10 394 3939
2 1 525 5250
2 3 902 9022
2 4 115 1153
2 5 196 1959
2 6 183 1832
2 7 540 5398
2 8 150 1499
2 9 612 6120
2 10 685 6851
3 1 490 4898
3 2 902 9022
3 4 903 9029
3 5 1083 10828
3 6 768 7685
3 7 522 5219
3 8 796 7963
3 9 441 4411
3 10 248 2476
4 1 479 4787
4 2 115 1153
4 3 903 9029
4 5 187 1868
4 6 136 1357
4 7 602 6025
4 8 107 1066
4 9 565 5649
4 10 705 7053
5 1 665 6652
5 2 196 1959
5 3 1083 10828
5 4 187 1868
5 6 321 3214
5 7 735 7349
5 8 290 2900
5 9 751 7510
5 10 875 8747
6 1 349 3487
6 2 183 1832
6 3 768 7685
6 4 136 1357
6 5 321 3214
6 7 508 5079
6 8 34 341
6 9 436 4356
6 10 578 5778
7 1 512 5120
7 2 540 5398
7 3 522 5219
7 4 602 6025
7 5 735 7349
7 6 508 5079
7 8 516 5158
7 9 554 5537
7 10 279 2786
8 1 382 3825
8 2 150 1499
8 3 796 7963
8 4 107 1066
8 5 290 2900
8 6 34 341
8 7 516 5158
8 9 469 4694
8 10 600 6005
9 1 87 871
9 2 612 6120
9 3 441 4411
9 4 565 5649
9 5 751 7510
9 6 436 4356
9 7 554 5537
9 8 469 4694
9 10 391 3910
10 1 394 3939
10 2 685 6851
10 3 248 2476
10 4 705 7053
10 5 875 8747
10 6 578 5778
10 7 279 2786
10 8 600 6005
10 9 391 3910
