10
858
846
10
10
6
3
4
2
9
7
1
5
8
8
2
9
1
4
6
7
3
8
1 2 788 7880
1 3 471 4712
1 4 920 9200
1 5 784 7844
1 6 336 3359
1 7 419 4185
1 8 405 4054
1 9 498 4978
1 10 680 6799
2 1 788 7880
2 3 537 5375
2 4 387 3868
2 5 437 4369
2 6 480 4804
2 7 785 7848
2 8 692 6915
2 9 292 2924
2 10 498 4985
3 1 471 4712
3 2 537 5375
3 4 849 8493
3 5 796 7960
3 6 420 4197
3 7 253 2534
3 8 687 6874
3 9 321 3205
3 10 761 7611
4 1 920 9200
4 2 387 3868
4 3 849 8493
4 5 176 1763
4 6 587 5875
4 7 1067 10674
4 8 642 6418
4 9 534 5335
4 10 309 3094
5 1 784 7844
5 2 437 4369
5 3 796 7960
5 4 176 1763
5 6 466 4658
5 7 988 9879
5 8 473 4726
5 9 477 4767
5 10 134 1339
6 1 336 3359
6 2 480 4804
6 3 420 4197
6 4 587 5875
6 5 466 4658
6 7 547 5471
6 8 280 2799
6 9 222 2220
6 10 384 3843
7 1 419 4185
7 2 785 7848
7 3 253 2534
7 4 1067 10674
7 5 988 9879
7 6 547 5471
7 8 762 7624
7 9 535 5354
7 10 927 9271
8 1 405 4054
8 2 692 6915
8 3 687 6874
8 4 642 6418
8 5 473 4726
8 6 280 2799
8 7 762 7624
8 9 488 4883
8 10 342 3421
9 1 498 4978
9 2 292 2924
9 3 321 3205
9 4 534 5335
9 5 477 4767
9 6 222 2220
9 7 535 5354
9 8 488 4883
9 10 456 4555
10 1 680 6799
10 2 498 4985
10 3 761 7611
10 4 309 3094
10 5 134 1339
10 6 384 3843
10 7 927 9271
10 8 342 3421
10 9 456 4555
