10
897
483
3
3
1
6
2
1
3
1 2 929 9286
1 3 893 8930
1 4 714 7142
1 5 121 1211
1 6 604 6040
1 7 603 6034
1 8 784 7843
1 9 797 7969
1 10 927 9269
2 1 929 9286
2 3 931 9315
2 4 488 4876
2 5 815 8147
2 6 334 3340
2 7 1119 11191
2 8 185 1848
2 9 364 3644
2 10 126 1256
3 1 893 8930
3 2 931 9315
3 4 454 4538
3 5 809 8085
3 6 866 8658
3 7 476 4763
3 8 764 7639
3 9 567 5671
3 10 823 8227
4 1 714 7142
4 2 488 4876
4 3 454 4538
4 5 597 5966
4 6 434 4335
4 7 667 6670
4 8 312 3119
4 9 138 1382
4 10 393 3930
5 1 121 1211
5 2 815 8147
5 3 809 8085
5 4 597 5966
5 6 497 4965
5 7 579 5791
5 8 666 6658
5 9 676 6762
5 10 808 8083
6 1 604 6040
6 2 334 3340
6 3 866 8658
6 4 434 4335
6 5 497 4965
6 7 907 9068
6 8 245 2446
6 9 395 3954
6 10 370 3695
7 1 603 6034
7 2 1119 11191
7 3 476 4763
7 4 667 6670
7 5 579 5791
7 6 907 9068
7 8 934 9344
7 9 805 8046
7 10 1048 10478
8 1 784 7843
8 2 185 1848
8 3 764 7639
8 4 312 3119
8 5 666 6658
8 6 245 2446
8 7 934 9344
8 9 207 2070
8 10 143 1425
9 1 797 7969
9 2 364 3644
9 3 567 5671
9 4 138 1382
9 5 676 6762
9 6 395 3954
9 7 805 8046
9 8 207 2070
9 10 259 2595
10 1 927 9269
10 2 126 1256
10 3 823 8227
10 4 393 3930
10 5 808 8083
10 6 370 3695
10 7 1048 10478
10 8 143 1425
10 9 259 2595
