30
168
173
14
9
4
25
22
26
18
30
15
17
20
12
7
19
27
26
28
6
12
11
1
15
30
20
5
2
8
23
25
19
27
4
13
9
29
22
21
26
18
16
14
17
1 2 480 4803
1 3 724 7238
1 4 302 3016
1 5 503 5033
1 6 651 6506
1 7 566 5656
1 8 178 1776
1 9 599 5988
1 10 314 3142
1 11 781 7805
1 12 638 6385
1 13 281 2809
1 14 617 6166
1 15 676 6760
1 16 418 4178
1 17 469 4691
1 18 596 5959
1 19 577 5769
1 20 165 1655
1 21 424 4241
1 22 352 3525
1 23 240 2405
1 24 312 3120
1 25 544 5444
1 26 193 1926
1 27 643 6433
1 28 118 1182
1 29 482 4816
1 30 408 4081
2 1 480 4803
2 3 903 9026
2 4 774 7736
2 5 383 3832
2 6 877 8767
2 7 891 8913
2 8 533 5332
2 9 227 2266
2 10 714 7136
2 11 907 9072
2 12 749 7488
2 13 343 3428
2 14 331 3306
2 15 317 3175
2 16 895 8952
2 17 452 4515
2 18 635 6354
2 19 643 6434
2 20 634 6339
2 21 536 5361
2 22 199 1993
2 23 262 2617
2 24 494 4937
2 25 747 7470
2 26 358 3576
2 27 1118 11185
2 28 396 3956
2 29 949 9487
2 30 565 5651
3 1 724 7238
3 2 903 9026
3 4 671 6711
3 5 549 5486
3 6 99 993
3 7 288 2883
3 8 546 5465
3 9 804 8041
3 10 981 9813
3 11 100 996
3 12 168 1681
3 13 955 9552
3 14 705 7046
3 15 800 8001
3 16 741 7414
3 17 458 4584
3 18 297 2966
3 19 274 2740
3 20 656 6564
3 21 1141 11414
3 22 935 9353
3 23 846 8462
3 24 448 4477
3 25 180 1803
3 26 872 8723
3 27 825 8248
3 28 810 8103
3 29 687 6871
3 30 352 3518
4 1 302 3016
4 2 774 7736
4 3 671 6711
4 5 695 6945
4 6 576 5759
4 7 418 4177
4 8 279 2791
4 9 857 8570
4 10 356 3560
4 11 756 7558
4 12 658 6575
4 13 566 5659
4 14 845 8448
4 15 921 9212
4 16 126 1260
4 17 624 6239
4 18 674 6743
4 19 644 6438
4 20 140 1397
4 21 645 6455
4 22 654 6537
4 23 542 5421
4 24 431 4307
4 25 521 5215
4 26 484 4842
4 27 345 3449
4 28 414 4136
4 29 180 1804
4 30 483 4827
5 1 503 5033
5 2 383 3832
5 3 549 5486
5 4 695 6945
5 6 547 5468
5 7 622 6220
5 8 417 4171
5 9 256 2563
5 10 816 8158
5 11 536 5360
5 12 384 3839
5 13 578 5781
5 14 174 1742
5 15 270 2695
5 16 818 8178
5 17 99 993
5 18 260 2604
5 19 276 2759
5 20 579 5788
5 21 797 7967
5 22 490 4899
5 23 451 4508
5 24 270 2704
5 25 425 4246
5 26 528 5283
5 27 1011 10105
5 28 506 5065
5 29 832 8315
5 30 273 2729
6 1 651 6506
6 2 877 8767
6 3 99 993
6 4 576 5759
6 5 547 5468
6 7 190 1901
6 8 473 4734
6 9 803 8025
6 10 894 8945
6 11 196 1962
6 12 200 2002
6 13 896 8957
6 14 713 7132
6 15 810 8099
6 16 643 6429
6 17 450 4502
6 18 318 3178
6 19 288 2875
6 20 570 5699
6 21 1073 10728
6 22 889 8891
6 23 793 7934
6 24 398 3983
6 25 130 1297
6 26 810 8101
6 27 727 7268
6 28 745 7445
6 29 588 5878
6 30 312 3124
7 1 566 5656
7 2 891 8913
7 3 288 2883
7 4 418 4177
7 5 622 6220
7 6 190 1901
7 8 402 4022
7 9 865 8650
7 10 761 7606
7 11 386 3863
7 12 358 3583
7 13 837 8365
7 14 796 7961
7 15 891 8914
7 16 466 4658
7 17 523 5232
7 18 447 4475
7 19 413 4126
7 20 447 4472
7 21 987 9866
7 22 861 8607
7 23 754 7537
7 24 399 3989
7 25 225 2249
7 26 747 7472
7 27 537 5367
7 28 675 6750
7 29 402 4022
7 30 351 3511
8 1 178 1776
8 2 533 5332
8 3 546 5465
8 4 279 2791
8 5 417 4171
8 6 473 4734
8 7 402 4022
8 9 584 5840
8 10 459 4588
8 11 606 6056
8 12 469 4689
8 13 435 4349
8 14 566 5659
8 15 644 6440
8 16 404 4042
8 17 354 3538
8 18 443 4432
8 19 419 4193
8 20 165 1649
8 21 600 5997
8 22 465 4650
8 23 355 3545
8 24 166 1657
8 25 367 3675
8 26 346 3459
8 27 611 6106
8 28 276 2755
8 29 433 4327
8 30 247 2468
9 1 599 5988
9 2 227 2266
9 3 804 8041
9 4 857 8570
9 5 256 2563
9 6 803 8025
9 7 865 8650
9 8 584 5840
9 10 880 8798
9 11 785 7855
9 12 638 6379
9 13 545 5452
9 14 122 1217
9 15 92 925
9 16 983 9830
9 17 353 3525
9 18 511 5115
9 19 530 5304
9 20 724 7237
9 21 753 7526
9 22 412 4122
9 23 437 4370
9 24 480 4802
9 25 679 6785
9 26 535 5348
9 27 1195 11945
9 28 549 5489
9 29 1017 10167
9 30 514 5144
10 1 314 3142
10 2 714 7136
10 3 981 9813
10 4 356 3560
10 5 816 8158
10 6 894 8945
10 7 761 7606
10 8 459 4588
10 9 880 8798
10 11 1053 10527
10 12 925 9253
10 13 391 3911
10 14 916 9164
10 15 965 9646
10 16 391 3909
10 17 783 7829
10 18 900 8999
10 19 878 8775
10 20 325 3249
10 21 350 3501
10 22 530 5300
10 23 453 4531
10 24 616 6164
10 25 811 8106
10 26 356 3560
10 27 582 5819
10 28 331 3309
10 29 489 4894
10 30 705 7052
11 1 781 7805
11 2 907 9072
11 3 100 996
11 4 756 7558
11 5 536 5360
11 6 196 1962
11 7 386 3863
11 8 606 6056
11 9 785 7855
11 10 1053 10527
11 12 160 1600
11 13 994 9945
11 14 678 6777
11 15 770 7702
11 16 833 8325
11 17 456 4559
11 18 276 2757
11 19 264 2639
11 20 729 7293
11 21 1190 11897
11 22 961 9606
11 23 879 8794
11 24 486 4860
11 25 242 2421
11 26 915 9153
11 27 923 9230
11 28 858 8579
11 29 782 7821
11 30 386 3856
12 1 638 6385
12 2 749 7488
12 3 168 1681
12 4 658 6575
12 5 384 3839
12 6 200 2002
12 7 358 3583
12 8 469 4689
12 9 638 6379
12 10 925 9253
12 11 160 1600
12 13 839 8391
12 14 537 5367
12 15 632 6320
12 16 751 7507
12 17 298 2985
12 18 129 1285
12 19 108 1080
12 20 608 6082
12 21 1039 10386
12 22 801 8012
12 23 722 7219
12 24 334 3340
12 25 144 1444
12 26 762 7621
12 27 876 8756
12 28 708 7078
12 29 717 7169
12 30 233 2334
13 1 281 2809
13 2 343 3428
13 3 955 9552
13 4 566 5659
13 5 578 5781
13 6 896 8957
13 7 837 8365
13 8 435 4349
13 9 545 5452
13 10 391 3911
13 11 994 9945
13 12 839 8391
13 14 616 6162
13 15 637 6370
13 16 667 6670
13 17 592 5925
13 18 762 7623
13 19 754 7541
13 20 440 4404
13 21 219 2191
13 22 145 1454
13 23 127 1274
13 24 509 5092
13 25 776 7762
13 26 90 896
13 27 891 8911
13 28 164 1637
13 29 745 7450
13 30 609 6090
14 1 617 6166
14 2 331 3306
14 3 705 7046
14 4 845 8448
14 5 174 1742
14 6 713 7132
14 7 796 7961
14 8 566 5659
14 9 122 1217
14 10 916 9164
14 11 678 6777
14 12 537 5367
14 13 616 6162
14 15 97 968
14 16 970 9701
14 17 273 2729
14 18 408 4084
14 19 431 4314
14 20 719 7195
14 21 831 8314
14 22 496 4961
14 23 497 4968
14 24 435 4354
14 25 595 5948
14 26 590 5898
14 27 1171 11714
14 28 589 5891
14 29 992 9922
14 30 447 4470
15 1 676 6760
15 2 317 3175
15 3 800 8001
15 4 921 9212
15 5 270 2695
15 6 810 8099
15 7 891 8914
15 8 644 6440
15 9 92 925
15 10 965 9646
15 11 770 7702
15 12 632 6320
15 13 637 6370
15 14 97 968
15 16 1047 10471
15 17 369 3687
15 18 504 5035
15 19 527 5274
15 20 792 7915
15 21 845 8451
15 22 505 5047
15 23 527 5266
15 24 523 5233
15 25 692 6916
15 26 624 6237
15 27 1253 12533
15 28 634 6339
15 29 1074 10743
15 30 541 5414
16 1 418 4178
16 2 895 8952
16 3 741 7414
16 4 126 1260
16 5 818 8178
16 6 643 6429
16 7 466 4658
16 8 404 4042
16 9 983 9830
16 10 391 3909
16 11 833 8325
16 12 751 7507
16 13 667 6670
16 14 970 9701
16 15 1047 10471
16 17 744 7441
16 18 781 7810
16 19 749 7489
16 20 263 2627
16 21 717 7173
16 22 766 7660
16 23 657 6566
16 24 551 5513
16 25 609 6092
16 26 590 5905
16 27 226 2261
16 28 524 5237
16 29 100 996
16 30 595 5950
17 1 469 4691
17 2 452 4515
17 3 458 4584
17 4 624 6239
17 5 99 993
17 6 450 4502
17 7 523 5232
17 8 354 3538
17 9 353 3525
17 10 783 7829
17 11 456 4559
17 12 298 2985
17 13 592 5925
17 14 273 2729
17 15 369 3687
17 16 744 7441
17 18 185 1852
17 19 192 1920
17 20 519 5187
17 21 807 8070
17 22 526 5260
17 23 466 4665
17 24 193 1931
17 25 326 3262
17 26 530 5302
17 27 928 9280
17 28 495 4952
17 29 750 7500
17 30 176 1761
18 1 596 5959
18 2 635 6354
18 3 297 2966
18 4 674 6743
18 5 260 2604
18 6 318 3178
18 7 447 4475
18 8 443 4432
18 9 511 5115
18 10 900 8999
18 11 276 2757
18 12 129 1285
18 13 762 7623
18 14 408 4084
18 15 504 5035
18 16 781 7810
18 17 185 1852
18 19 35 352
18 20 600 5997
18 21 971 9711
18 22 707 7074
18 23 639 6394
18 24 284 2844
18 25 223 2229
18 26 692 6924
18 27 932 9319
18 28 647 6468
18 29 763 7629
18 30 198 1975
19 1 577 5769
19 2 643 6434
19 3 274 2740
19 4 644 6438
19 5 276 2759
19 6 288 2875
19 7 413 4126
19 8 419 4193
19 9 530 5304
19 10 878 8775
19 11 264 2639
19 12 108 1080
19 13 754 7541
19 14 431 4314
19 15 527 5274
19 16 749 7489
19 17 192 1920
19 18 35 352
19 20 573 5731
19 21 960 9601
19 22 706 7056
19 23 633 6330
19 24 265 2649
19 25 188 1883
19 26 682 6815
19 27 898 8976
19 28 633 6331
19 29 729 7292
19 30 173 1725
20 1 165 1655
20 2 634 6339
20 3 656 6564
20 4 140 1397
20 5 579 5788
20 6 570 5699
20 7 447 4472
20 8 165 1649
20 9 724 7237
20 10 325 3249
20 11 729 7293
20 12 608 6082
20 13 440 4404
20 14 719 7195
20 15 792 7915
20 16 263 2627
20 17 519 5187
20 18 600 5997
20 19 573 5731
20 21 550 5500
20 22 518 5177
20 23 405 4051
20 24 330 3298
20 25 487 4873
20 26 355 3547
20 27 485 4845
20 28 282 2816
20 29 318 3176
20 30 402 4022
21 1 424 4241
21 2 536 5361
21 3 1141 11414
21 4 645 6455
21 5 797 7967
21 6 1073 10728
21 7 987 9866
21 8 600 5997
21 9 753 7526
21 10 350 3501
21 11 1190 11897
21 12 1039 10386
21 13 219 2191
21 14 831 8314
21 15 845 8451
21 16 717 7173
21 17 807 8070
21 18 971 9711
21 19 960 9601
21 20 550 5500
21 22 340 3405
21 23 346 3460
21 24 705 7048
21 25 961 9611
21 26 279 2788
21 27 925 9250
21 28 332 3318
21 29 810 8097
21 30 806 8056
22 1 352 3525
22 2 199 1993
22 3 935 9353
22 4 654 6537
22 5 490 4899
22 6 889 8891
22 7 861 8607
22 8 465 4650
22 9 412 4122
22 10 530 5300
22 11 961 9606
22 12 801 8012
22 13 145 1454
22 14 496 4961
22 15 505 5047
22 16 766 7660
22 17 526 5260
22 18 707 7074
22 19 706 7056
22 20 518 5177
22 21 340 3405
22 23 114 1136
22 24 491 4910
22 25 763 7626
22 26 183 1826
22 27 992 9921
22 28 243 2425
22 29 834 8339
22 30 584 5836
23 1 240 2405
23 2 262 2617
23 3 846 8462
23 4 542 5421
23 5 451 4508
23 6 793 7934
23 7 754 7537
23 8 355 3545
23 9 437 4370
23 10 453 4531
23 11 879 8794
23 12 722 7219
23 13 127 1274
23 14 497 4968
23 15 527 5266
23 16 657 6566
23 17 466 4665
23 18 639 6394
23 19 633 6330
23 20 405 4051
23 21 346 3460
23 22 114 1136
23 24 399 3985
23 25 670 6697
23 26 99 987
23 27 883 8826
23 28 137 1372
23 29 722 7220
23 30 496 4958
24 1 312 3120
24 2 494 4937
24 3 448 4477
24 4 431 4307
24 5 270 2704
24 6 398 3983
24 7 399 3989
24 8 166 1657
24 9 480 4802
24 10 616 6164
24 11 486 4860
24 12 334 3340
24 13 509 5092
24 14 435 4354
24 15 523 5233
24 16 551 5513
24 17 193 1931
24 18 284 2844
24 19 265 2649
24 20 330 3298
24 21 705 7048
24 22 491 4910
24 23 399 3985
24 25 272 2719
24 26 429 4293
24 27 740 7402
24 28 374 3738
24 29 561 5612
24 30 101 1008
25 1 544 5444
25 2 747 7470
25 3 180 1803
25 4 521 5215
25 5 425 4246
25 6 130 1297
25 7 225 2249
25 8 367 3675
25 9 679 6785
25 10 811 8106
25 11 242 2421
25 12 144 1444
25 13 776 7762
25 14 595 5948
25 15 692 6916
25 16 609 6092
25 17 326 3262
25 18 223 2229
25 19 188 1883
25 20 487 4873
25 21 961 9611
25 22 763 7626
25 23 670 6697
25 24 272 2719
25 26 693 6926
25 27 731 7314
25 28 630 6301
25 29 573 5728
25 30 183 1828
26 1 193 1926
26 2 358 3576
26 3 872 8723
26 4 484 4842
26 5 528 5283
26 6 810 8101
26 7 747 7472
26 8 346 3459
26 9 535 5348
26 10 356 3560
26 11 915 9153
26 12 762 7621
26 13 90 896
26 14 590 5898
26 15 624 6237
26 16 590 5905
26 17 530 5302
26 18 692 6924
26 19 682 6815
26 20 355 3547
26 21 279 2788
26 22 183 1826
26 23 99 987
26 24 429 4293
26 25 693 6926
26 27 816 8161
26 28 75 746
26 29 664 6642
26 30 530 5299
27 1 643 6433
27 2 1118 11185
27 3 825 8248
27 4 345 3449
27 5 1011 10105
27 6 727 7268
27 7 537 5367
27 8 611 6106
27 9 1195 11945
27 10 582 5819
27 11 923 9230
27 12 876 8756
27 13 891 8911
27 14 1171 11714
27 15 1253 12533
27 16 226 2261
27 17 928 9280
27 18 932 9319
27 19 898 8976
27 20 485 4845
27 21 925 9250
27 22 992 9921
27 23 883 8826
27 24 740 7402
27 25 731 7314
27 26 816 8161
27 28 750 7498
27 29 179 1792
27 30 764 7640
28 1 118 1182
28 2 396 3956
28 3 810 8103
28 4 414 4136
28 5 506 5065
28 6 745 7445
28 7 675 6750
28 8 276 2755
28 9 549 5489
28 10 331 3309
28 11 858 8579
28 12 708 7078
28 13 164 1637
28 14 589 5891
28 15 634 6339
28 16 524 5237
28 17 495 4952
28 18 647 6468
28 19 633 6331
28 20 282 2816
28 21 332 3318
28 22 243 2425
28 23 137 1372
28 24 374 3738
28 25 630 6301
28 26 75 746
28 27 750 7498
28 29 594 5940
28 30 474 4745
29 1 482 4816
29 2 949 9487
29 3 687 6871
29 4 180 1804
29 5 832 8315
29 6 588 5878
29 7 402 4022
29 8 433 4327
29 9 1017 10167
29 10 489 4894
29 11 782 7821
29 12 717 7169
29 13 745 7450
29 14 992 9922
29 15 1074 10743
29 16 100 996
29 17 750 7500
29 18 763 7629
29 19 729 7292
29 20 318 3176
29 21 810 8097
29 22 834 8339
29 23 722 7220
29 24 561 5612
29 25 573 5728
29 26 664 6642
29 27 179 1792
29 28 594 5940
29 30 589 5886
30 1 408 4081
30 2 565 5651
30 3 352 3518
30 4 483 4827
30 5 273 2729
30 6 312 3124
30 7 351 3511
30 8 247 2468
30 9 514 5144
30 10 705 7052
30 11 386 3856
30 12 233 2334
30 13 609 6090
30 14 447 4470
30 15 541 5414
30 16 595 5950
30 17 176 1761
30 18 198 1975
30 19 173 1725
30 20 402 4022
30 21 806 8056
30 22 584 5836
30 23 496 4958
30 24 101 1008
30 25 183 1828
30 26 530 5299
30 27 764 7640
30 28 474 4745
30 29 589 5886
