30
202
415
16
30
13
4
8
20
12
9
23
18
14
26
2
16
25
11
29
16
17
2
12
5
14
24
30
21
8
15
19
3
10
23
29
7
1 2 417 4174
1 3 699 6987
1 4 743 7426
1 5 714 7139
1 6 541 5405
1 7 150 1505
1 8 656 6565
1 9 535 5353
1 10 695 6954
1 11 131 1306
1 12 692 6920
1 13 728 7277
1 14 542 5416
1 15 492 4918
1 16 95 952
1 17 609 6088
1 18 781 7805
1 19 739 7393
1 20 124 1243
1 21 96 965
1 22 450 4502
1 23 464 4644
1 24 218 2175
1 25 530 5305
1 26 62 622
1 27 472 4718
1 28 764 7645
1 29 182 1824
1 30 365 3655
2 1 417 4174
2 3 420 4198
2 4 428 4280
2 5 342 3417
2 6 228 2278
2 7 561 5607
2 8 294 2942
2 9 704 7040
2 10 289 2892
2 11 408 4080
2 12 275 2751
2 13 319 3185
2 14 126 1258
2 15 288 2884
2 16 512 5119
2 17 628 6276
2 18 530 5295
2 19 594 5936
2 20 513 5132
2 21 391 3908
2 22 559 5585
2 23 604 6044
2 24 627 6268
2 25 373 3725
2 26 472 4723
2 27 592 5918
2 28 386 3862
2 29 268 2681
2 30 616 6160
3 1 699 6987
3 2 420 4198
3 4 748 7485
3 5 193 1928
3 6 606 6058
3 7 846 8460
3 8 599 5994
3 9 641 6413
3 10 303 3027
3 11 754 7542
3 12 420 4203
3 13 323 3229
3 14 410 4105
3 15 698 6984
3 16 785 7850
3 17 447 4465
3 18 112 1119
3 19 250 2505
3 20 734 7342
3 21 621 6210
3 22 508 5078
3 23 558 5582
3 24 848 8481
3 25 783 7834
3 26 729 7286
3 27 533 5329
3 28 217 2174
3 29 518 5179
3 30 669 6689
4 1 743 7426
4 2 428 4280
4 3 748 7485
4 5 580 5795
4 6 212 2115
4 7 848 8479
4 8 150 1500
4 9 1129 11295
4 10 463 4633
4 11 662 6622
4 12 342 3422
4 13 460 4597
4 14 354 3541
4 15 261 2610
4 16 821 8214
4 17 1051 10511
4 18 857 8568
4 19 975 9750
4 20 863 8628
4 21 760 7595
4 22 986 9858
4 23 1030 10305
4 24 958 9577
4 25 271 2705
4 26 805 8048
4 27 1019 10189
4 28 591 5915
4 29 658 6582
4 30 1026 10256
5 1 714 7139
5 2 342 3417
5 3 193 1928
5 4 580 5795
5 6 470 4700
5 7 864 8642
5 8 435 4354
5 9 787 7865
5 10 117 1173
5 11 736 7363
5 12 240 2395
5 13 132 1317
5 14 278 2785
5 15 580 5796
5 16 808 8075
5 17 616 6160
5 18 287 2871
5 19 443 4430
5 20 779 7789
5 21 656 6555
5 22 642 6419
5 23 694 6941
5 24 897 8969
5 25 662 6618
5 26 757 7570
5 27 671 6714
5 28 51 514
5 29 535 5346
5 30 777 7771
6 1 541 5405
6 2 228 2278
6 3 606 6058
6 4 212 2115
6 5 470 4700
6 7 657 6572
6 8 125 1247
6 9 921 9209
6 10 369 3694
6 11 475 4748
6 12 275 2751
6 13 382 3817
6 14 196 1964
6 15 123 1227
6 16 624 6245
6 17 855 8553
6 18 718 7176
6 19 809 8086
6 20 658 6578
6 21 550 5504
6 22 779 7791
6 23 823 8225
6 24 758 7576
6 25 196 1958
6 26 602 6023
6 27 812 8121
6 28 498 4984
6 29 447 4468
6 30 814 8141
7 1 150 1505
7 2 561 5607
7 3 846 8460
7 4 848 8479
7 5 864 8642
7 6 657 6572
7 8 778 7785
7 9 595 5951
7 10 843 8431
7 11 186 1858
7 12 833 8332
7 13 875 8749
7 14 683 6827
7 15 588 5884
7 16 62 621
7 17 711 7112
7 18 924 9242
7 19 870 8697
7 20 150 1499
7 21 228 2276
7 22 542 5425
7 23 544 5439
7 24 140 1405
7 25 610 6096
7 26 121 1209
7 27 557 5574
7 28 915 9147
7 29 332 3323
7 30 412 4120
8 1 656 6565
8 2 294 2942
8 3 599 5994
8 4 150 1500
8 5 435 4354
8 6 125 1247
8 7 778 7785
8 9 998 9979
8 10 321 3215
8 11 598 5977
8 12 205 2048
8 13 323 3228
8 14 206 2059
8 15 235 2350
8 16 743 7432
8 17 907 9075
8 18 708 7084
8 19 825 8250
8 20 770 7702
8 21 657 6575
8 22 852 8515
8 23 898 8981
8 24 874 8740
8 25 289 2891
8 26 718 7176
8 27 885 8849
8 28 452 4520
8 29 546 5455
8 30 907 9066
9 1 535 5353
9 2 704 7040
9 3 641 6413
9 4 1129 11295
9 5 787 7865
9 6 921 9209
9 7 595 5951
9 8 998 9979
9 10 848 8475
9 11 665 6646
9 12 919 9188
9 13 880 8804
9 14 806 8056
9 15 932 9321
9 16 548 5480
9 17 228 2275
9 18 645 6454
9 19 487 4867
9 20 449 4487
9 21 451 4514
9 22 150 1497
9 23 100 1000
9 24 490 4901
9 25 998 9976
9 26 503 5028
9 27 117 1173
9 28 831 8307
9 29 495 4948
9 30 184 1838
10 1 695 6954
10 2 289 2892
10 3 303 3027
10 4 463 4633
10 5 117 1173
10 6 369 3694
10 7 843 8431
10 8 321 3215
10 9 848 8475
10 11 697 6971
10 12 122 1222
10 13 34 345
10 14 193 1926
10 15 486 4856
10 16 791 7906
10 17 698 6975
10 18 403 4028
10 19 549 5492
10 20 776 7764
10 21 651 6511
10 22 699 6990
10 23 751 7509
10 24 894 8937
10 25 565 5646
10 26 745 7452
10 27 730 7304
10 28 131 1312
10 29 526 5258
10 30 814 8140
11 1 131 1306
11 2 408 4080
11 3 754 7542
11 4 662 6622
11 5 736 7363
11 6 475 4748
11 7 186 1858
11 8 598 5977
11 9 665 6646
11 10 697 6971
11 12 671 6707
11 13 727 7265
11 14 522 5222
11 15 403 4026
11 16 169 1694
11 17 724 7244
11 18 847 8466
11 19 830 8296
11 20 245 2448
11 21 216 2164
11 22 573 5726
11 23 591 5906
11 24 308 3078
11 25 426 4263
11 26 179 1789
11 27 596 5962
11 28 785 7848
11 29 249 2485
11 30 496 4960
12 1 692 6920
12 2 275 2751
12 3 420 4203
12 4 342 3422
12 5 240 2395
12 6 275 2751
12 7 833 8332
12 8 205 2048
12 9 919 9188
12 10 122 1222
12 11 671 6707
12 13 118 1183
12 14 151 1506
12 15 397 3971
12 16 786 7862
12 17 789 7889
12 18 524 5235
12 19 662 6621
12 20 787 7874
12 21 664 6639
12 22 769 7691
12 23 820 8198
12 24 902 9017
12 25 470 4697
12 26 747 7474
12 27 802 8018
12 28 249 2494
12 29 539 5392
12 30 863 8633
13 1 728 7277
13 2 319 3185
13 3 323 3229
13 4 460 4597
13 5 132 1317
13 6 382 3817
13 7 875 8749
13 8 323 3228
13 9 880 8804
13 10 34 345
13 11 727 7265
13 12 118 1183
13 14 215 2150
13 15 500 5004
13 16 823 8228
13 17 727 7274
13 18 419 4186
13 19 572 5717
13 20 810 8099
13 21 685 6846
13 22 732 7321
13 23 784 7841
13 24 927 9271
13 25 577 5775
13 26 778 7780
13 27 763 7635
13 28 132 1322
13 29 559 5592
13 30 848 8483
14 1 542 5416
14 2 126 1258
14 3 410 4105
14 4 354 3541
14 5 278 2785
14 6 196 1964
14 7 683 6827
14 8 206 2059
14 9 806 8056
14 10 193 1926
14 11 522 5222
14 12 151 1506
14 13 215 2150
14 15 301 3012
14 16 636 6357
14 17 703 7031
14 18 522 5221
14 19 623 6235
14 20 639 6390
14 21 517 5165
14 22 657 6571
14 23 706 7056
14 24 752 7524
14 25 384 3840
14 26 597 5975
14 27 690 6903
14 28 313 3126
14 29 393 3932
14 30 732 7320
15 1 492 4918
15 2 288 2884
15 3 698 6984
15 4 261 2610
15 5 580 5796
15 6 123 1227
15 7 588 5884
15 8 235 2350
15 9 932 9321
15 10 486 4856
15 11 403 4026
15 12 397 3971
15 13 500 5004
15 14 301 3012
15 16 565 5652
15 17 896 8961
15 18 810 8100
15 19 882 8819
15 20 615 6149
15 21 523 5226
15 22 799 7986
15 23 837 8371
15 24 703 7030
15 25 85 850
15 26 554 5537
15 27 830 8305
15 28 612 6119
15 29 440 4397
15 30 805 8052
16 1 95 952
16 2 512 5119
16 3 785 7850
16 4 821 8214
16 5 808 8075
16 6 624 6245
16 7 62 621
16 8 743 7432
16 9 548 5480
16 10 791 7906
16 11 169 1694
16 12 786 7862
16 13 823 8228
16 14 636 6357
16 15 565 5652
16 17 654 6538
16 18 862 8624
16 19 808 8080
16 20 99 994
16 21 166 1656
16 22 487 4867
16 23 491 4911
16 24 139 1388
16 25 594 5945
16 26 59 589
16 27 503 5032
16 28 858 8583
16 29 274 2738
16 30 367 3671
17 1 609 6088
17 2 628 6276
17 3 447 4465
17 4 1051 10511
17 5 616 6160
17 6 855 8553
17 7 711 7112
17 8 907 9075
17 9 228 2275
17 10 698 6975
17 11 724 7244
17 12 789 7889
17 13 727 7274
17 14 703 7031
17 15 896 8961
17 16 654 6538
17 18 430 4303
17 19 261 2608
17 20 562 5625
17 21 513 5128
17 22 172 1722
17 23 192 1918
17 24 639 6394
17 25 972 9725
17 26 598 5983
17 27 168 1684
17 28 654 6539
17 29 499 4987
17 30 350 3496
18 1 781 7805
18 2 530 5295
18 3 112 1119
18 4 857 8568
18 5 287 2871
18 6 718 7176
18 7 924 9242
18 8 708 7084
18 9 645 6454
18 10 403 4028
18 11 847 8466
18 12 524 5235
18 13 419 4186
18 14 522 5221
18 15 810 8100
18 16 862 8624
18 17 430 4303
18 19 188 1882
18 20 803 8028
18 21 697 6969
18 22 528 5275
18 23 574 5741
18 24 913 9126
18 25 895 8950
18 26 805 8045
18 27 547 5475
18 28 298 2982
18 29 604 6037
18 30 703 7027
19 1 739 7393
19 2 594 5936
19 3 250 2505
19 4 975 9750
19 5 443 4430
19 6 809 8086
19 7 870 8697
19 8 825 8250
19 9 487 4867
19 10 549 5492
19 11 830 8296
19 12 662 6621
19 13 572 5717
19 14 623 6235
19 15 882 8819
19 16 808 8080
19 17 261 2608
19 18 188 1882
19 20 732 7323
19 21 646 6462
19 22 393 3932
19 23 432 4318
19 24 831 8307
19 25 966 9657
19 26 749 7491
19 27 405 4052
19 28 467 4666
19 29 581 5814
19 30 578 5784
20 1 124 1243
20 2 513 5132
20 3 734 7342
20 4 863 8628
20 5 779 7789
20 6 658 6578
20 7 150 1499
20 8 770 7702
20 9 449 4487
20 10 776 7764
20 11 245 2448
20 12 787 7874
20 13 810 8099
20 14 639 6390
20 15 615 6149
20 16 99 994
20 17 562 5625
20 18 803 8028
20 19 732 7323
20 21 125 1252
20 22 393 3928
20 23 394 3941
20 24 118 1181
20 25 655 6547
20 26 66 661
20 27 407 4075
20 28 830 8303
20 29 251 2508
20 30 268 2679
21 1 96 965
21 2 391 3908
21 3 621 6210
21 4 760 7595
21 5 656 6555
21 6 550 5504
21 7 228 2276
21 8 657 6575
21 9 451 4514
21 10 651 6511
21 11 216 2164
21 12 664 6639
21 13 685 6846
21 14 517 5165
21 15 523 5226
21 16 166 1656
21 17 513 5128
21 18 697 6969
21 19 646 6462
21 20 125 1252
21 22 357 3566
21 23 374 3744
21 24 243 2428
21 25 573 5734
21 26 108 1078
21 27 380 3798
21 28 707 7068
21 29 126 1257
21 30 293 2930
22 1 450 4502
22 2 559 5585
22 3 508 5078
22 4 986 9858
22 5 642 6419
22 6 779 7791
22 7 542 5425
22 8 852 8515
22 9 150 1497
22 10 699 6990
22 11 573 5726
22 12 769 7691
22 13 732 7321
22 14 657 6571
22 15 799 7986
22 16 487 4867
22 17 172 1722
22 18 528 5275
22 19 393 3932
22 20 393 3928
22 21 357 3566
22 23 52 523
22 24 467 4672
22 25 868 8682
22 26 433 4329
22 27 33 333
22 28 688 6875
22 29 370 3702
22 30 186 1858
23 1 464 4644
23 2 604 6044
23 3 558 5582
23 4 1030 10305
23 5 694 6941
23 6 823 8225
23 7 544 5439
23 8 898 8981
23 9 100 1000
23 10 751 7509
23 11 591 5906
23 12 820 8198
23 13 784 7841
23 14 706 7056
23 15 837 8371
23 16 491 4911
23 17 192 1918
23 18 574 5741
23 19 432 4318
23 20 394 3941
23 21 374 3744
23 22 52 523
23 24 457 4568
23 25 905 9046
23 26 440 4404
23 27 27 268
23 28 740 7396
23 29 403 4030
23 30 158 1582
24 1 218 2175
24 2 627 6268
24 3 848 8481
24 4 958 9577
24 5 897 8969
24 6 758 7576
24 7 140 1405
24 8 874 8740
24 9 490 4901
24 10 894 8937
24 11 308 3078
24 12 902 9017
24 13 927 9271
24 14 752 7524
24 15 703 7030
24 16 139 1388
24 17 639 6394
24 18 913 9126
24 19 831 8307
24 20 118 1181
24 21 243 2428
24 22 467 4672
24 23 457 4568
24 25 733 7333
24 26 157 1568
24 27 475 4750
24 28 948 9482
24 29 368 3679
24 30 308 3077
25 1 530 5305
25 2 373 3725
25 3 783 7834
25 4 271 2705
25 5 662 6618
25 6 196 1958
25 7 610 6096
25 8 289 2891
25 9 998 9976
25 10 565 5646
25 11 426 4263
25 12 470 4697
25 13 577 5775
25 14 384 3840
25 15 85 850
25 16 594 5945
25 17 972 9725
25 18 895 8950
25 19 966 9657
25 20 655 6547
25 21 573 5734
25 22 868 8682
25 23 905 9046
25 24 733 7333
25 26 591 5909
25 27 899 8994
25 28 693 6925
25 29 503 5029
25 30 862 8622
26 1 62 622
26 2 472 4723
26 3 729 7286
26 4 805 8048
26 5 757 7570
26 6 602 6023
26 7 121 1209
26 8 718 7176
26 9 503 5028
26 10 745 7452
26 11 179 1789
26 12 747 7474
26 13 778 7780
26 14 597 5975
26 15 554 5537
26 16 59 589
26 17 598 5983
26 18 805 8045
26 19 749 7491
26 20 66 661
26 21 108 1078
26 22 433 4329
26 23 440 4404
26 24 157 1568
26 25 591 5909
26 27 451 4510
26 28 808 8081
26 29 222 2225
26 30 326 3258
27 1 472 4718
27 2 592 5918
27 3 533 5329
27 4 1019 10189
27 5 671 6714
27 6 812 8121
27 7 557 5574
27 8 885 8849
27 9 117 1173
27 10 730 7304
27 11 596 5962
27 12 802 8018
27 13 763 7635
27 14 690 6903
27 15 830 8305
27 16 503 5032
27 17 168 1684
27 18 547 5475
27 19 405 4052
27 20 407 4075
27 21 380 3798
27 22 33 333
27 23 27 268
27 24 475 4750
27 25 899 8994
27 26 451 4510
27 28 716 7164
27 29 400 4000
27 30 181 1814
28 1 764 7645
28 2 386 3862
28 3 217 2174
28 4 591 5915
28 5 51 514
28 6 498 4984
28 7 915 9147
28 8 452 4520
28 9 831 8307
28 10 131 1312
28 11 785 7848
28 12 249 2494
28 13 132 1322
28 14 313 3126
28 15 612 6119
28 16 858 8583
28 17 654 6539
28 18 298 2982
28 19 467 4666
28 20 830 8303
28 21 707 7068
28 22 688 6875
28 23 740 7396
28 24 948 9482
28 25 693 6925
28 26 808 8081
28 27 716 7164
28 29 586 5856
28 30 826 8261
29 1 182 1824
29 2 268 2681
29 3 518 5179
29 4 658 6582
29 5 535 5346
29 6 447 4468
29 7 332 3323
29 8 546 5455
29 9 495 4948
29 10 526 5258
29 11 249 2485
29 12 539 5392
29 13 559 5592
29 14 393 3932
29 15 440 4397
29 16 274 2738
29 17 499 4987
29 18 604 6037
29 19 581 5814
29 20 251 2508
29 21 126 1257
29 22 370 3702
29 23 403 4030
29 24 368 3679
29 25 503 5029
29 26 222 2225
29 27 400 4000
29 28 586 5856
29 30 368 3685
30 1 365 3655
30 2 616 6160
30 3 669 6689
30 4 1026 10256
30 5 777 7771
30 6 814 8141
30 7 412 4120
30 8 907 9066
30 9 184 1838
30 10 814 8140
30 11 496 4960
30 12 863 8633
30 13 848 8483
30 14 732 7320
30 15 805 8052
30 16 367 3671
30 17 350 3496
30 18 703 7027
30 19 578 5784
30 20 268 2679
30 21 293 2930
30 22 186 1858
30 23 158 1582
30 24 308 3077
30 25 862 8622
30 26 326 3258
30 27 181 1814
30 28 826 8261
30 29 368 3685
