10
658
687
3
6
9
2
6
5
3
10
8
1
2
1 2 370 3696
1 3 378 3776
1 4 116 1159
1 5 231 2311
1 6 683 6834
1 7 451 4507
1 8 780 7796
1 9 511 5107
1 10 541 5408
2 1 370 3696
2 3 140 1398
2 4 260 2603
2 5 411 4114
2 6 413 4127
2 7 180 1797
2 8 464 4636
2 9 414 4136
2 10 638 6378
3 1 378 3776
3 2 140 1398
3 4 262 2624
3 5 490 4897
3 6 317 3170
3 7 74 736
3 8 402 4024
3 9 549 5491
3 10 514 5140
4 1 116 1159
4 2 260 2603
4 3 262 2624
4 5 275 2746
4 6 572 5720
4 7 336 3358
4 8 665 6648
4 9 482 4821
4 10 514 5142
5 1 231 2311
5 2 411 4114
5 3 490 4897
5 4 275 2746
5 6 805 8054
5 7 559 5593
5 8 873 8731
5 9 331 3309
5 10 769 7694
6 1 683 6834
6 2 413 4127
6 3 317 3170
6 4 572 5720
6 5 805 8054
6 7 246 2461
6 8 137 1374
6 9 810 8101
6 10 587 5870
7 1 451 4507
7 2 180 1797
7 3 74 736
7 4 336 3358
7 5 559 5593
7 6 246 2461
7 8 329 3290
7 9 593 5926
7 10 532 5321
8 1 780 7796
8 2 464 4636
8 3 402 4024
8 4 665 6648
8 5 873 8731
8 6 137 1374
8 7 329 3290
8 9 826 8256
8 10 724 7243
9 1 511 5107
9 2 414 4136
9 3 549 5491
9 4 482 4821
9 5 331 3309
9 6 810 8101
9 7 593 5926
9 8 826 8256
9 10 988 9880
10 1 541 5408
10 2 638 6378
10 3 514 5140
10 4 514 5142
10 5 769 7694
10 6 587 5870
10 7 532 5321
10 8 724 7243
10 9 988 9880
