30
61
50
24
30
20
7
6
2
8
4
29
19
9
10
17
28
26
18
23
16
14
22
24
1
27
12
3
28
8
12
3
27
20
17
21
9
2
13
28
26
30
7
18
25
16
6
15
19
22
11
24
4
1
5
29
10
1 2 501 5008
1 3 837 8367
1 4 68 680
1 5 273 2732
1 6 1060 10596
1 7 388 3881
1 8 875 8753
1 9 648 6484
1 10 41 414
1 11 291 2912
1 12 389 3887
1 13 945 9447
1 14 1051 10507
1 15 722 7218
1 16 653 6526
1 17 691 6911
1 18 687 6870
1 19 266 2660
1 20 756 7559
1 21 304 3043
1 22 734 7340
1 23 343 3428
1 24 481 4808
1 25 731 7308
1 26 555 5552
1 27 615 6148
1 28 754 7536
1 29 261 2611
1 30 679 6795
2 1 501 5008
2 3 601 6005
2 4 489 4892
2 5 340 3399
2 6 752 7520
2 7 180 1799
2 8 568 5677
2 9 194 1937
2 10 488 4880
2 11 387 3869
2 12 580 5803
2 13 589 5891
2 14 572 5718
2 15 409 4091
2 16 279 2789
2 17 532 5322
2 18 339 3395
2 19 245 2449
2 20 284 2845
2 21 471 4711
2 22 334 3336
2 23 447 4471
2 24 563 5630
2 25 529 5292
2 26 59 594
2 27 136 1362
2 28 255 2550
2 29 280 2795
2 30 356 3557
3 1 837 8367
3 2 601 6005
3 4 779 7793
3 5 565 5652
3 6 237 2365
3 7 521 5212
3 8 120 1202
3 9 737 7371
3 10 855 8550
3 11 547 5473
3 12 565 5650
3 13 222 2219
3 14 929 9290
3 15 199 1985
3 16 855 8554
3 17 159 1587
3 18 272 2719
3 19 723 7232
3 20 465 4654
3 21 991 9906
3 22 323 3229
3 23 987 9871
3 24 448 4478
3 25 107 1071
3 26 620 6200
3 27 512 5120
3 28 655 6552
3 29 778 7783
3 30 940 9396
4 1 68 680
4 2 489 4892
4 3 779 7793
4 5 222 2222
4 6 1005 10053
4 7 357 3568
4 8 823 8233
4 9 651 6506
4 10 105 1049
4 11 232 2319
4 12 321 3209
4 13 897 8967
4 14 1051 10513
4 15 674 6737
4 16 668 6676
4 17 631 6308
4 18 644 6438
4 19 271 2713
4 20 729 7293
4 21 361 3608
4 22 696 6958
4 23 395 3952
4 24 413 4133
4 25 673 6727
4 26 546 5461
4 27 593 5934
4 28 744 7441
4 29 280 2801
4 30 702 7022
5 1 273 2732
5 2 340 3399
5 3 565 5652
5 4 222 2222
5 6 786 7864
5 7 168 1676
5 8 602 6024
5 9 529 5287
5 10 290 2898
5 11 55 547
5 12 253 2532
5 13 674 6745
5 14 910 9097
5 15 452 4516
5 16 584 5843
5 17 425 4248
5 18 423 4235
5 19 231 2315
5 20 531 5310
5 21 463 4628
5 22 480 4799
5 23 476 4758
5 24 280 2800
5 25 460 4604
5 26 399 3989
5 27 410 4103
5 28 584 5842
5 29 279 2787
5 30 642 6420
6 1 1060 10596
6 2 752 7520
6 3 237 2365
6 4 1005 10053
6 5 786 7864
6 7 715 7152
6 8 190 1904
6 9 847 8469
6 10 1075 10746
6 11 775 7745
6 12 802 8015
6 13 177 1769
6 14 939 9388
6 15 355 3550
6 16 971 9711
6 17 395 3953
6 18 416 4157
6 19 917 9173
6 20 537 5374
6 21 1185 11846
6 22 424 4240
6 23 1175 11745
6 24 684 6838
6 25 341 3414
6 26 755 7553
6 27 636 6360
6 28 730 7296
6 29 971 9710
6 30 1056 10561
7 1 388 3881
7 2 180 1799
7 3 521 5212
7 4 357 3568
7 5 168 1676
7 6 715 7152
7 8 525 5249
7 9 373 3733
7 10 389 3889
7 11 210 2097
7 12 400 4004
7 13 577 5769
7 14 744 7439
7 15 361 3611
7 16 447 4467
7 17 414 4144
7 18 311 3114
7 19 203 2030
7 20 373 3730
7 21 471 4711
7 22 348 3483
7 23 466 4659
7 24 388 3877
7 25 429 4293
7 26 237 2371
7 27 244 2440
7 28 417 4170
7 29 258 2576
7 30 515 5152
8 1 875 8753
8 2 568 5677
8 3 120 1202
8 4 823 8233
8 5 602 6024
8 6 190 1904
8 7 525 5249
8 9 679 6785
8 10 888 8885
8 11 595 5948
8 12 646 6463
8 13 104 1041
8 14 829 8295
8 15 165 1648
8 16 801 8011
8 17 249 2492
8 18 229 2286
8 19 727 7270
8 20 383 3831
8 21 994 9943
8 22 251 2513
8 23 985 9846
8 24 535 5352
8 25 190 1896
8 26 576 5760
8 27 459 4594
8 28 578 5776
8 29 781 7806
8 30 886 8863
9 1 648 6484
9 2 194 1937
9 3 737 7371
9 4 651 6506
9 5 529 5287
9 6 847 8469
9 7 373 3733
9 8 679 6785
9 10 627 6269
9 11 578 5779
9 12 773 7732
9 13 672 6722
9 14 402 4023
9 15 539 5386
9 16 125 1245
9 17 697 6970
9 18 465 4651
9 19 383 3826
9 20 314 3145
9 21 530 5295
9 22 427 4274
9 23 490 4903
9 24 756 7558
9 25 683 6833
9 26 140 1405
9 27 225 2254
9 28 157 1569
9 29 394 3943
9 30 209 2093
10 1 41 414
10 2 488 4880
10 3 855 8550
10 4 105 1049
10 5 290 2898
10 6 1075 10746
10 7 389 3889
10 8 888 8885
10 9 627 6269
10 11 314 3140
10 12 425 4250
10 13 954 9545
10 14 1029 10290
10 15 732 7323
10 16 625 6246
10 17 712 7125
10 18 694 6938
10 19 247 2471
10 20 751 7509
10 21 263 2630
10 22 737 7369
10 23 302 3020
10 24 513 5130
10 25 750 7500
10 26 540 5405
10 27 607 6072
10 28 738 7382
10 29 235 2347
10 30 648 6479
11 1 291 2912
11 2 387 3869
11 3 547 5473
11 4 232 2319
11 5 55 547
11 6 775 7745
11 7 210 2097
11 8 595 5948
11 9 578 5779
11 10 314 3140
11 12 199 1994
11 13 673 6731
11 14 954 9535
11 15 452 4518
11 16 637 6372
11 17 400 3999
11 18 432 4323
11 19 285 2850
11 20 559 5590
11 21 508 5076
11 22 495 4951
11 23 523 5234
11 24 228 2282
11 25 441 4408
11 26 445 4454
11 27 447 4469
11 28 626 6258
11 29 331 3307
11 30 696 6960
12 1 389 3887
12 2 580 5803
12 3 565 5650
12 4 321 3209
12 5 253 2532
12 6 802 8015
12 7 400 4004
12 8 646 6463
12 9 773 7732
12 10 425 4250
12 11 199 1994
12 13 741 7409
12 14 1138 11378
12 15 539 5386
12 16 836 8363
12 17 406 4065
12 18 545 5449
12 19 476 4759
12 20 713 7130
12 21 665 6646
12 22 620 6202
12 23 690 6897
12 24 121 1209
12 25 463 4626
12 26 637 6374
12 27 622 6218
12 28 808 8076
12 29 516 5156
12 30 895 8953
13 1 945 9447
13 2 589 5891
13 3 222 2219
13 4 897 8967
13 5 674 6745
13 6 177 1769
13 7 577 5769
13 8 104 1041
13 9 672 6722
13 10 954 9545
13 11 673 6731
13 12 741 7409
13 14 772 7718
13 15 223 2230
13 16 797 7966
13 17 351 3510
13 18 266 2660
13 19 774 7743
13 20 361 3609
13 21 1038 10379
13 22 256 2559
13 23 1024 10235
13 24 633 6329
13 25 292 2915
13 26 587 5869
13 27 467 4666
13 28 553 5527
13 29 826 8259
13 30 881 8814
14 1 1051 10507
14 2 572 5718
14 3 929 9290
14 4 1051 10513
14 5 910 9097
14 6 939 9388
14 7 744 7439
14 8 829 8295
14 9 402 4023
14 10 1029 10290
14 11 954 9535
14 12 1138 11378
14 13 772 7718
14 15 752 7518
14 16 430 4297
14 17 953 9532
14 18 691 6905
14 19 785 7848
14 20 475 4753
14 21 906 9065
14 22 617 6172
14 23 861 8611
14 24 1096 10959
14 25 918 9181
14 26 513 5125
14 27 518 5184
14 28 330 3305
14 29 795 7954
14 30 457 4571
15 1 722 7218
15 2 409 4091
15 3 199 1985
15 4 674 6737
15 5 452 4516
15 6 355 3550
15 7 361 3611
15 8 165 1648
15 9 539 5386
15 10 732 7323
15 11 452 4518
15 12 539 5386
15 13 223 2230
15 14 752 7518
15 16 657 6574
15 17 208 2076
15 18 73 734
15 19 563 5626
15 20 278 2781
15 21 830 8296
15 22 135 1346
15 23 820 8199
15 24 442 4423
15 25 166 1664
15 26 424 4238
15 27 314 3136
15 28 461 4613
15 29 616 6161
15 30 742 7418
16 1 653 6526
16 2 279 2789
16 3 855 8554
16 4 668 6676
16 5 584 5843
16 6 971 9711
16 7 447 4467
16 8 801 8011
16 9 125 1245
16 10 625 6246
16 11 637 6372
16 12 836 8363
16 13 797 7966
16 14 430 4297
16 15 657 6574
16 17 805 8054
16 18 584 5841
16 19 397 3974
16 20 439 4388
16 21 477 4770
16 22 550 5504
16 23 431 4314
16 24 834 8344
16 25 796 7962
16 26 240 2403
16 27 344 3440
16 28 270 2695
16 29 392 3915
16 30 85 852
17 1 691 6911
17 2 532 5322
17 3 159 1587
17 4 631 6308
17 5 425 4248
17 6 395 3953
17 7 414 4144
17 8 249 2492
17 9 697 6970
17 10 712 7125
17 11 400 3999
17 12 406 4065
17 13 351 3510
17 14 953 9532
17 15 208 2076
17 16 805 8054
17 18 263 2627
17 19 608 6079
17 20 478 4780
17 21 871 8705
17 22 339 3387
17 23 873 8728
17 24 290 2902
17 25 60 596
17 26 565 5651
17 27 476 4763
17 28 648 6478
17 29 663 6631
17 30 886 8861
18 1 687 6870
18 2 339 3395
18 3 272 2719
18 4 644 6438
18 5 423 4235
18 6 416 4157
18 7 311 3114
18 8 229 2286
18 9 465 4651
18 10 694 6938
18 11 432 4323
18 12 545 5449
18 13 266 2660
18 14 691 6905
18 15 73 734
18 16 584 5841
18 17 263 2627
18 19 508 5084
18 20 215 2153
18 21 773 7730
18 22 81 808
18 23 760 7605
18 24 460 4604
18 25 231 2307
18 26 351 3515
18 27 240 2402
18 28 391 3914
18 29 560 5605
18 30 669 6685
19 1 266 2660
19 2 245 2449
19 3 723 7232
19 4 271 2713
19 5 231 2315
19 6 917 9173
19 7 203 2030
19 8 727 7270
19 9 383 3826
19 10 247 2471
19 11 285 2850
19 12 476 4759
19 13 774 7743
19 14 785 7848
19 15 563 5626
19 16 397 3974
19 17 608 6079
19 18 508 5084
19 20 521 5207
19 21 268 2681
19 22 533 5333
19 23 265 2652
19 24 511 5113
19 25 628 6285
19 26 295 2946
19 27 373 3726
19 28 491 4915
19 29 55 553
19 30 438 4382
20 1 756 7559
20 2 284 2845
20 3 465 4654
20 4 729 7293
20 5 531 5310
20 6 537 5374
20 7 373 3730
20 8 383 3831
20 9 314 3145
20 10 751 7509
20 11 559 5590
20 12 713 7130
20 13 361 3609
20 14 475 4753
20 15 278 2781
20 16 439 4388
20 17 478 4780
20 18 215 2153
20 19 521 5207
20 21 755 7552
20 22 144 1440
20 23 729 7293
20 24 648 6480
20 25 444 4436
20 26 258 2576
20 27 149 1490
20 28 195 1947
20 29 561 5612
20 30 523 5229
21 1 304 3043
21 2 471 4711
21 3 991 9906
21 4 361 3608
21 5 463 4628
21 6 1185 11846
21 7 471 4711
21 8 994 9943
21 9 530 5295
21 10 263 2630
21 11 508 5076
21 12 665 6646
21 13 1038 10379
21 14 906 9065
21 15 830 8296
21 16 477 4770
21 17 871 8705
21 18 773 7730
21 19 268 2681
21 20 755 7552
21 22 791 7907
21 23 51 509
21 24 732 7320
21 25 894 8944
21 26 502 5024
21 27 607 6074
21 28 675 6748
21 29 214 2137
21 30 469 4685
22 1 734 7340
22 2 334 3336
22 3 323 3229
22 4 696 6958
22 5 480 4799
22 6 424 4240
22 7 348 3483
22 8 251 2513
22 9 427 4274
22 10 737 7369
22 11 495 4951
22 12 620 6202
22 13 256 2559
22 14 617 6172
22 15 135 1346
22 16 550 5504
22 17 339 3387
22 18 81 808
22 19 533 5333
22 20 144 1440
22 21 791 7907
22 23 773 7732
22 24 539 5394
22 25 301 3009
22 26 332 3317
22 27 212 2120
22 28 332 3325
22 29 582 5821
22 30 636 6355
23 1 343 3428
23 2 447 4471
23 3 987 9871
23 4 395 3952
23 5 476 4758
23 6 1175 11745
23 7 466 4659
23 8 985 9846
23 9 490 4903
23 10 302 3020
23 11 523 5234
23 12 690 6897
23 13 1024 10235
23 14 861 8611
23 15 820 8199
23 16 431 4314
23 17 873 8728
23 18 760 7605
23 19 265 2652
23 20 729 7293
23 21 51 509
23 22 773 7732
23 24 750 7504
23 25 893 8935
23 26 474 4736
23 27 583 5830
23 28 639 6388
23 29 210 2099
23 30 419 4195
24 1 481 4808
24 2 563 5630
24 3 448 4478
24 4 413 4133
24 5 280 2800
24 6 684 6838
24 7 388 3877
24 8 535 5352
24 9 756 7558
24 10 513 5130
24 11 228 2282
24 12 121 1209
24 13 633 6329
24 14 1096 10959
24 15 442 4423
24 16 834 8344
24 17 290 2902
24 18 460 4604
24 19 511 5113
24 20 648 6480
24 21 732 7320
24 22 539 5394
24 23 750 7504
24 25 348 3480
24 26 616 6158
24 27 578 5779
24 28 767 7667
24 29 559 5585
24 30 901 9013
25 1 731 7308
25 2 529 5292
25 3 107 1071
25 4 673 6727
25 5 460 4604
25 6 341 3414
25 7 429 4293
25 8 190 1896
25 9 683 6833
25 10 750 7500
25 11 441 4408
25 12 463 4626
25 13 292 2915
25 14 918 9181
25 15 166 1664
25 16 796 7962
25 17 60 596
25 18 231 2307
25 19 628 6285
25 20 444 4436
25 21 894 8944
25 22 301 3009
25 23 893 8935
25 24 348 3480
25 26 557 5566
25 27 459 4591
25 28 622 6217
25 29 684 6838
25 30 879 8786
26 1 555 5552
26 2 59 594
26 3 620 6200
26 4 546 5461
26 5 399 3989
26 6 755 7553
26 7 237 2371
26 8 576 5760
26 9 140 1405
26 10 540 5405
26 11 445 4454
26 12 637 6374
26 13 587 5869
26 14 513 5125
26 15 424 4238
26 16 240 2403
26 17 565 5651
26 18 351 3515
26 19 295 2946
26 20 258 2576
26 21 502 5024
26 22 332 3317
26 23 474 4736
26 24 616 6158
26 25 557 5566
26 27 121 1206
26 28 198 1985
26 29 323 3234
26 30 322 3220
27 1 615 6148
27 2 136 1362
27 3 512 5120
27 4 593 5934
27 5 410 4103
27 6 636 6360
27 7 244 2440
27 8 459 4594
27 9 225 2254
27 10 607 6072
27 11 447 4469
27 12 622 6218
27 13 467 4666
27 14 518 5184
27 15 314 3136
27 16 344 3440
27 17 476 4763
27 18 240 2402
27 19 373 3726
27 20 149 1490
27 21 607 6074
27 22 212 2120
27 23 583 5830
27 24 578 5779
27 25 459 4591
27 26 121 1206
27 28 189 1888
27 29 412 4123
27 30 429 4287
28 1 754 7536
28 2 255 2550
28 3 655 6552
28 4 744 7441
28 5 584 5842
28 6 730 7296
28 7 417 4170
28 8 578 5776
28 9 157 1569
28 10 738 7382
28 11 626 6258
28 12 808 8076
28 13 553 5527
28 14 330 3305
28 15 461 4613
28 16 270 2695
28 17 648 6478
28 18 391 3914
28 19 491 4915
28 20 195 1947
28 21 675 6748
28 22 332 3325
28 23 639 6388
28 24 767 7667
28 25 622 6217
28 26 198 1985
28 27 189 1888
28 29 516 5157
28 30 348 3480
29 1 261 2611
29 2 280 2795
29 3 778 7783
29 4 280 2801
29 5 279 2787
29 6 971 9710
29 7 258 2576
29 8 781 7806
29 9 394 3943
29 10 235 2347
29 11 331 3307
29 12 516 5156
29 13 826 8259
29 14 795 7954
29 15 616 6161
29 16 392 3915
29 17 663 6631
29 18 560 5605
29 19 55 553
29 20 561 5612
29 21 214 2137
29 22 582 5821
29 23 210 2099
29 24 559 5585
29 25 684 6838
29 26 323 3234
29 27 412 4123
29 28 516 5157
29 30 422 4222
30 1 679 6795
30 2 356 3557
30 3 940 9396
30 4 702 7022
30 5 642 6420
30 6 1056 10561
30 7 515 5152
30 8 886 8863
30 9 209 2093
30 10 648 6479
30 11 696 6960
30 12 895 8953
30 13 881 8814
30 14 457 4571
30 15 742 7418
30 16 85 852
30 17 886 8861
30 18 669 6685
30 19 438 4382
30 20 523 5229
30 21 469 4685
30 22 636 6355
30 23 419 4195
30 24 901 9013
30 25 879 8786
30 26 322 3220
30 27 429 4287
30 28 348 3480
30 29 422 4222
