30
445
666
26
24
16
8
1
19
28
22
26
25
2
30
14
9
18
21
12
29
4
20
6
27
7
10
17
15
5
3
19
29
23
1 2 375 3753
1 3 758 7575
1 4 645 6452
1 5 338 3378
1 6 644 6440
1 7 568 5681
1 8 485 4851
1 9 522 5225
1 10 473 4727
1 11 228 2279
1 12 435 4345
1 13 671 6707
1 14 398 3985
1 15 228 2280
1 16 242 2424
1 17 489 4889
1 18 897 8967
1 19 662 6625
1 20 445 4447
1 21 223 2234
1 22 872 8715
1 23 616 6162
1 24 438 4377
1 25 169 1692
1 26 189 1892
1 27 467 4667
1 28 138 1384
1 29 649 6489
1 30 38 379
2 1 375 3753
2 3 398 3977
2 4 299 2987
2 5 100 1005
2 6 409 4088
2 7 281 2811
2 8 142 1416
2 9 361 3608
2 10 422 4216
2 11 493 4931
2 12 153 1527
2 13 705 7053
2 14 426 4264
2 15 602 6017
2 16 160 1601
2 17 193 1929
2 18 575 5746
2 19 578 5777
2 20 383 3833
2 21 586 5856
2 22 524 5242
2 23 457 4573
2 24 141 1410
2 25 544 5443
2 26 542 5423
2 27 582 5820
2 28 333 3325
2 29 623 6225
2 30 379 3793
3 1 758 7575
3 2 398 3977
3 4 343 3426
3 5 421 4207
3 6 583 5832
3 7 462 4615
3 8 272 2724
3 9 631 6313
3 10 551 5513
3 11 811 8109
3 12 333 3334
3 13 797 7966
3 14 621 6213
3 15 974 9745
3 16 517 5166
3 17 436 4361
3 18 224 2236
3 19 590 5899
3 20 529 5289
3 21 946 9463
3 22 135 1353
3 23 443 4435
3 24 326 3257
3 25 925 9247
3 26 935 9353
3 27 779 7795
3 28 676 6764
3 29 680 6798
3 30 753 7528
4 1 645 6452
4 2 299 2987
4 3 343 3426
4 5 391 3909
4 6 241 2414
4 7 136 1363
4 8 306 3059
4 9 313 3133
4 10 681 6809
4 11 790 7901
4 12 382 3819
4 13 965 9645
4 14 708 7079
4 15 872 8721
4 16 458 4579
4 17 167 1671
4 18 566 5662
4 19 799 7988
4 20 645 6455
4 21 866 8661
4 22 470 4703
4 23 656 6558
4 24 365 3654
4 25 808 8084
4 26 782 7822
4 27 869 8694
4 28 628 6275
4 29 866 8655
4 30 658 6580
5 1 338 3378
5 2 100 1005
5 3 421 4207
5 4 391 3909
5 6 508 5083
5 7 382 3816
5 8 149 1489
5 9 451 4514
5 10 324 3239
5 11 414 4143
5 12 102 1024
5 13 606 6061
5 14 326 3260
5 15 554 5543
5 16 96 959
5 17 293 2932
5 18 566 5655
5 19 488 4881
5 20 285 2853
5 21 529 5290
5 22 534 5341
5 23 378 3784
5 24 102 1018
5 25 504 5041
5 26 520 5202
5 27 483 4826
5 28 263 2626
5 29 527 5267
5 30 332 3321
6 1 644 6440
6 2 409 4088
6 3 583 5832
6 4 241 2414
6 5 508 5083
6 7 138 1379
6 8 486 4861
6 9 141 1415
6 10 830 8302
6 11 838 8385
6 12 544 5435
6 13 1114 11141
6 14 832 8317
6 15 852 8521
6 16 537 5367
6 17 217 2170
6 18 807 8067
6 19 978 9776
6 20 792 7919
6 21 864 8639
6 22 712 7117
6 23 845 8450
6 24 528 5278
6 25 783 7832
6 26 729 7288
6 27 981 9809
6 28 678 6775
6 29 1029 10294
6 30 669 6689
7 1 568 5681
7 2 281 2811
7 3 462 4615
7 4 136 1363
7 5 382 3816
7 6 138 1379
7 8 348 3484
7 9 177 1773
7 10 699 6992
7 11 742 7419
7 12 408 4081
7 13 984 9843
7 14 707 7074
7 15 789 7889
7 16 423 4229
7 17 90 899
7 18 683 6831
7 19 842 8417
7 20 661 6614
7 21 792 7915
7 22 594 5941
7 23 708 7077
7 24 392 3921
7 25 722 7222
7 26 683 6833
7 27 861 8614
7 28 578 5781
7 29 896 8962
7 30 587 5874
8 1 485 4851
8 2 142 1416
8 3 272 2724
8 4 306 3059
8 5 149 1489
8 6 486 4861
8 7 348 3484
8 9 472 4718
8 10 377 3765
8 11 554 5540
8 12 82 820
8 13 659 6589
8 14 414 4137
8 15 703 7032
8 16 245 2446
8 17 276 2765
8 18 434 4341
8 19 497 4970
8 20 342 3423
8 21 677 6773
8 22 390 3905
8 23 360 3595
8 24 67 672
8 25 652 6524
8 26 664 6641
8 27 578 5778
8 28 409 4092
8 29 560 5600
8 30 481 4808
9 1 522 5225
9 2 361 3608
9 3 631 6313
9 4 313 3133
9 5 451 4514
9 6 141 1415
9 7 177 1773
9 8 472 4718
9 10 774 7738
9 11 730 7299
9 12 511 5109
9 13 1051 10510
9 14 760 7599
9 15 721 7209
9 16 456 4559
9 17 202 2019
9 18 849 8494
9 19 938 9379
9 20 735 7352
9 21 737 7373
9 22 766 7657
9 23 817 8172
9 24 497 4971
9 25 652 6517
9 26 592 5919
9 27 898 8983
9 28 575 5746
9 29 978 9776
9 30 551 5508
10 1 473 4727
10 2 422 4216
10 3 551 5513
10 4 681 6809
10 5 324 3239
10 6 830 8302
10 7 699 6992
10 8 377 3765
10 9 774 7738
10 11 365 3655
10 12 299 2991
10 13 285 2854
10 14 98 983
10 15 600 6003
10 16 332 3315
10 17 613 6134
10 18 572 5717
10 19 191 1908
10 20 39 387
10 21 547 5467
10 22 603 6034
10 23 175 1749
10 24 316 3157
10 25 584 5841
10 26 650 6500
10 27 231 2310
10 28 335 3347
10 29 204 2044
10 30 442 4422
11 1 228 2279
11 2 493 4931
11 3 811 8109
11 4 790 7901
11 5 414 4143
11 6 838 8385
11 7 742 7419
11 8 554 5540
11 9 730 7299
11 10 365 3655
11 12 480 4801
11 13 481 4811
11 14 269 2688
11 15 243 2428
11 16 333 3330
11 17 655 6546
11 18 898 8982
11 19 533 5329
11 20 354 3542
11 21 184 1840
11 22 901 9014
11 23 538 5375
11 24 491 4906
11 25 246 2462
11 26 336 3361
11 27 265 2652
11 28 164 1640
11 29 490 4902
11 30 191 1913
12 1 435 4345
12 2 153 1527
12 3 333 3334
12 4 382 3819
12 5 102 1024
12 6 544 5435
12 7 408 4081
12 8 82 820
12 9 511 5109
12 10 299 2991
12 11 480 4801
12 13 584 5836
12 14 332 3320
12 15 644 6440
12 16 193 1929
12 17 328 3277
12 18 464 4641
12 19 434 4341
12 20 264 2636
12 21 613 6135
12 22 438 4383
12 23 306 3064
12 24 17 166
12 25 598 5977
12 26 620 6197
12 27 496 4959
12 28 343 3434
12 29 489 4894
12 30 425 4251
13 1 671 6707
13 2 705 7053
13 3 797 7966
13 4 965 9645
13 5 606 6061
13 6 1114 11141
13 7 984 9843
13 8 659 6589
13 9 1051 10510
13 10 285 2854
13 11 481 4811
13 12 584 5836
13 14 295 2947
13 15 717 7165
13 16 598 5979
13 17 898 8978
13 18 754 7544
13 19 220 2198
13 20 323 3229
13 21 653 6534
13 22 817 8165
13 23 355 3549
13 24 600 6002
13 25 727 7273
13 26 815 8152
13 27 217 2166
13 28 541 5406
13 29 120 1204
13 30 634 6340
14 1 398 3985
14 2 426 4264
14 3 621 6213
14 4 708 7079
14 5 326 3260
14 6 832 8317
14 7 707 7074
14 8 414 4137
14 9 760 7599
14 10 98 983
14 11 269 2688
14 12 332 3320
14 13 295 2947
14 15 507 5067
14 16 305 3046
14 17 619 6186
14 18 662 6620
14 19 270 2703
14 20 98 985
14 21 451 4515
14 22 686 6857
14 23 273 2730
14 24 348 3477
14 25 495 4951
14 26 567 5670
14 27 164 1642
14 28 261 2610
14 29 251 2512
14 30 365 3649
15 1 228 2280
15 2 602 6017
15 3 974 9745
15 4 872 8721
15 5 554 5543
15 6 852 8521
15 7 789 7889
15 8 703 7032
15 9 721 7209
15 10 600 6003
15 11 243 2428
15 12 644 6440
15 13 717 7165
15 14 507 5067
15 16 459 4588
15 17 713 7133
15 18 1096 10957
15 19 774 7744
15 20 583 5834
15 21 64 639
15 22 1082 10818
15 23 767 7669
15 24 650 6498
15 25 69 693
15 26 156 1561
15 27 500 5002
15 28 304 3043
15 29 733 7327
15 30 223 2233
16 1 242 2424
16 2 160 1601
16 3 517 5166
16 4 458 4579
16 5 96 959
16 6 537 5367
16 7 423 4229
16 8 245 2446
16 9 456 4559
16 10 332 3315
16 11 333 3330
16 12 193 1929
16 13 598 5979
16 14 305 3046
16 15 459 4588
16 17 333 3332
16 18 657 6567
16 19 514 5138
16 20 294 2940
16 21 435 4352
16 22 629 6291
16 23 426 4259
16 24 195 1953
16 25 408 4082
16 26 427 4268
16 27 445 4451
16 28 174 1735
16 29 535 5349
16 30 236 2363
17 1 489 4889
17 2 193 1929
17 3 436 4361
17 4 167 1671
17 5 293 2932
17 6 217 2170
17 7 90 899
17 8 276 2765
17 9 202 2019
17 10 613 6134
17 11 655 6546
17 12 328 3277
17 13 898 8978
17 14 619 6186
17 15 713 7133
17 16 333 3332
17 18 650 6503
17 19 762 7617
17 20 575 5753
17 21 712 7120
17 22 571 5714
17 23 632 6318
17 24 312 3123
17 25 648 6479
17 26 617 6169
17 27 772 7718
17 28 491 4906
17 29 812 8124
17 30 506 5057
18 1 897 8967
18 2 575 5746
18 3 224 2236
18 4 566 5662
18 5 566 5655
18 6 807 8067
18 7 683 6831
18 8 434 4341
18 9 849 8494
18 10 572 5717
18 11 898 8982
18 12 464 4641
18 13 754 7544
18 14 662 6620
18 15 1096 10957
18 16 657 6567
18 17 650 6503
18 19 535 5346
18 20 564 5636
18 21 1057 10573
18 22 112 1115
18 23 414 4140
18 24 464 4638
18 25 1056 10555
18 26 1083 10834
18 27 799 7989
18 28 791 7915
18 29 634 6342
18 30 884 8839
19 1 662 6625
19 2 578 5777
19 3 590 5899
19 4 799 7988
19 5 488 4881
19 6 978 9776
19 7 842 8417
19 8 497 4970
19 9 938 9379
19 10 191 1908
19 11 533 5329
19 12 434 4341
19 13 220 2198
19 14 270 2703
19 15 774 7744
19 16 514 5138
19 17 762 7617
19 18 535 5346
19 20 224 2237
19 21 717 7169
19 22 599 5993
19 23 149 1486
19 24 450 4498
19 25 765 7652
19 26 836 8364
19 27 321 3206
19 28 524 5242
19 29 100 1000
19 30 631 6310
20 1 445 4447
20 2 383 3833
20 3 529 5289
20 4 645 6455
20 5 285 2853
20 6 792 7919
20 7 661 6614
20 8 342 3423
20 9 735 7352
20 10 39 387
20 11 354 3542
20 12 264 2636
20 13 323 3229
20 14 98 985
20 15 583 5834
20 16 294 2940
20 17 575 5753
20 18 564 5636
20 19 224 2237
20 21 532 5321
20 22 588 5884
20 23 184 1839
20 24 280 2801
20 25 563 5634
20 26 625 6252
20 27 251 2506
20 28 308 3077
20 29 243 2429
20 30 416 4156
21 1 223 2234
21 2 586 5856
21 3 946 9463
21 4 866 8661
21 5 529 5290
21 6 864 8639
21 7 792 7915
21 8 677 6773
21 9 737 7373
21 10 547 5467
21 11 184 1840
21 12 613 6135
21 13 653 6534
21 14 451 4515
21 15 64 639
21 16 435 4352
21 17 712 7120
21 18 1057 10573
21 19 717 7169
21 20 532 5321
21 22 1049 10488
21 23 716 7161
21 24 621 6206
21 25 105 1055
21 26 205 2051
21 27 437 4373
21 28 270 2701
21 29 672 6722
21 30 208 2082
22 1 872 8715
22 2 524 5242
22 3 135 1353
22 4 470 4703
22 5 534 5341
22 6 712 7117
22 7 594 5941
22 8 390 3905
22 9 766 7657
22 10 603 6034
22 11 901 9014
22 12 438 4383
22 13 817 8165
22 14 686 6857
22 15 1082 10818
22 16 629 6291
22 17 571 5714
22 18 112 1115
22 19 599 5993
22 20 588 5884
22 21 1049 10488
22 23 464 4643
22 24 434 4339
22 25 1036 10359
22 26 1054 10537
22 27 834 8343
22 28 779 7791
22 29 696 6964
22 30 863 8633
23 1 616 6162
23 2 457 4573
23 3 443 4435
23 4 656 6558
23 5 378 3784
23 6 845 8450
23 7 708 7077
23 8 360 3595
23 9 817 8172
23 10 175 1749
23 11 538 5375
23 12 306 3064
23 13 355 3549
23 14 273 2730
23 15 767 7669
23 16 426 4259
23 17 632 6318
23 18 414 4140
23 19 149 1486
23 20 184 1839
23 21 716 7161
23 22 464 4643
23 24 321 3207
23 25 745 7446
23 26 801 8014
23 27 389 3887
23 28 483 4831
23 29 237 2366
23 30 590 5903
24 1 438 4377
24 2 141 1410
24 3 326 3257
24 4 365 3654
24 5 102 1018
24 6 528 5278
24 7 392 3921
24 8 67 672
24 9 497 4971
24 10 316 3157
24 11 491 4906
24 12 17 166
24 13 600 6002
24 14 348 3477
24 15 650 6498
24 16 195 1953
24 17 312 3123
24 18 464 4638
24 19 450 4498
24 20 280 2801
24 21 621 6206
24 22 434 4339
24 23 321 3207
24 25 602 6022
24 26 622 6216
24 27 512 5115
24 28 351 3508
24 29 506 5058
24 30 430 4297
25 1 169 1692
25 2 544 5443
25 3 925 9247
25 4 808 8084
25 5 504 5041
25 6 783 7832
25 7 722 7222
25 8 652 6524
25 9 652 6517
25 10 584 5841
25 11 246 2462
25 12 598 5977
25 13 727 7273
25 14 495 4951
25 15 69 693
25 16 408 4082
25 17 648 6479
25 18 1056 10555
25 19 765 7652
25 20 563 5634
25 21 105 1055
25 22 1036 10359
25 23 745 7446
25 24 602 6022
25 26 101 1006
25 27 511 5111
25 28 268 2675
25 29 732 7321
25 30 173 1726
26 1 189 1892
26 2 542 5423
26 3 935 9353
26 4 782 7822
26 5 520 5202
26 6 729 7288
26 7 683 6833
26 8 664 6641
26 9 592 5919
26 10 650 6500
26 11 336 3361
26 12 620 6197
26 13 815 8152
26 14 567 5670
26 15 156 1561
26 16 427 4268
26 17 617 6169
26 18 1083 10834
26 19 836 8364
26 20 625 6252
26 21 205 2051
26 22 1054 10537
26 23 801 8014
26 24 622 6216
26 25 101 1006
26 27 601 6007
26 28 318 3184
26 29 811 8114
26 30 211 2112
27 1 467 4667
27 2 582 5820
27 3 779 7795
27 4 869 8694
27 5 483 4826
27 6 981 9809
27 7 861 8614
27 8 578 5778
27 9 898 8983
27 10 231 2310
27 11 265 2652
27 12 496 4959
27 13 217 2166
27 14 164 1642
27 15 500 5002
27 16 445 4451
27 17 772 7718
27 18 799 7989
27 19 321 3206
27 20 251 2506
27 21 437 4373
27 22 834 8343
27 23 389 3887
27 24 512 5115
27 25 511 5111
27 26 601 6007
27 28 346 3464
27 29 249 2489
27 30 429 4290
28 1 138 1384
28 2 333 3325
28 3 676 6764
28 4 628 6275
28 5 263 2626
28 6 678 6775
28 7 578 5781
28 8 409 4092
28 9 575 5746
28 10 335 3347
28 11 164 1640
28 12 343 3434
28 13 541 5406
28 14 261 2610
28 15 304 3043
28 16 174 1735
28 17 491 4906
28 18 791 7915
28 19 524 5242
28 20 308 3077
28 21 270 2701
28 22 779 7791
28 23 483 4831
28 24 351 3508
28 25 268 2675
28 26 318 3184
28 27 346 3464
28 29 512 5120
28 30 108 1079
29 1 649 6489
29 2 623 6225
29 3 680 6798
29 4 866 8655
29 5 527 5267
29 6 1029 10294
29 7 896 8962
29 8 560 5600
29 9 978 9776
29 10 204 2044
29 11 490 4902
29 12 489 4894
29 13 120 1204
29 14 251 2512
29 15 733 7327
29 16 535 5349
29 17 812 8124
29 18 634 6342
29 19 100 1000
29 20 243 2429
29 21 672 6722
29 22 696 6964
29 23 237 2366
29 24 506 5058
29 25 732 7321
29 26 811 8114
29 27 249 2489
29 28 512 5120
29 30 615 6145
30 1 38 379
30 2 379 3793
30 3 753 7528
30 4 658 6580
30 5 332 3321
30 6 669 6689
30 7 587 5874
30 8 481 4808
30 9 551 5508
30 10 442 4422
30 11 191 1913
30 12 425 4251
30 13 634 6340
30 14 365 3649
30 15 223 2233
30 16 236 2363
30 17 506 5057
30 18 884 8839
30 19 631 6310
30 20 416 4156
30 21 208 2082
30 22 863 8633
30 23 590 5903
30 24 430 4297
30 25 173 1726
30 26 211 2112
30 27 429 4290
30 28 108 1079
30 29 615 6145
