10
550
164
3
7
1
5
3
9
1
7
1 2 110 1100
1 3 461 4610
1 4 914 9145
1 5 760 7604
1 6 136 1362
1 7 828 8280
1 8 208 2084
1 9 293 2932
1 10 442 4418
2 1 110 1100
2 3 362 3624
2 4 806 8056
2 5 716 7162
2 6 172 1724
2 7 766 7662
2 8 162 1616
2 9 250 2499
2 10 333 3328
3 1 461 4610
3 2 362 3624
3 4 569 5694
3 5 857 8574
3 6 422 4223
3 7 842 8420
3 8 447 4475
3 9 270 2702
3 10 230 2298
4 1 914 9145
4 2 806 8056
4 3 569 5694
4 5 782 7815
4 6 938 9384
4 7 670 6702
4 8 773 7734
4 9 830 8301
4 10 473 4729
5 1 760 7604
5 2 716 7162
5 3 857 8574
5 4 782 7815
5 6 882 8817
5 7 151 1514
5 8 559 5586
5 9 938 9380
5 10 631 6311
6 1 136 1362
6 2 172 1724
6 3 422 4223
6 4 938 9384
6 5 882 8817
6 7 938 9376
6 8 323 3231
6 9 191 1912
6 10 473 4726
7 1 828 8280
7 2 766 7662
7 3 842 8420
7 4 670 6702
7 5 151 1514
7 6 938 9376
7 8 620 6199
7 9 965 9647
7 10 612 6124
8 1 208 2084
8 2 162 1616
8 3 447 4475
8 4 773 7734
8 5 559 5586
8 6 323 3231
8 7 620 6199
8 9 405 4054
8 10 325 3250
9 1 293 2932
9 2 250 2499
9 3 270 2702
9 4 830 8301
9 5 938 9380
9 6 191 1912
9 7 965 9647
9 8 405 4054
9 10 404 4037
10 1 442 4418
10 2 333 3328
10 3 230 2298
10 4 473 4729
10 5 631 6311
10 6 473 4726
10 7 612 6124
10 8 325 3250
10 9 404 4037
