10
776
202
8
3
1
7
2
10
8
5
9
6
7
5
2
4
6
9
1 2 547 5468
1 3 61 608
1 4 737 7372
1 5 962 9619
1 6 468 4677
1 7 341 3407
1 8 559 5594
1 9 548 5475
1 10 49 495
2 1 547 5468
2 3 605 6050
2 4 192 1918
2 5 438 4376
2 6 320 3202
2 7 533 5329
2 8 594 5943
2 9 434 4338
2 10 596 5958
3 1 61 608
3 2 605 6050
3 4 796 7960
3 5 1016 10157
3 6 526 5257
3 7 381 3813
3 8 571 5705
3 9 577 5766
3 10 26 264
4 1 737 7372
4 2 192 1918
4 3 796 7960
4 5 295 2946
4 6 434 4342
4 7 683 6828
4 8 731 7310
4 9 558 5576
4 10 786 7860
5 1 962 9619
5 2 438 4376
5 3 1016 10157
5 4 295 2946
5 6 726 7258
5 7 965 9651
5 8 778 7783
5 9 608 6084
5 10 1011 10112
6 1 468 4677
6 2 320 3202
6 3 526 5257
6 4 434 4342
6 5 726 7258
6 7 264 2637
6 8 793 7930
6 9 672 6716
6 10 505 5048
7 1 341 3407
7 2 533 5329
7 3 381 3813
7 4 683 6828
7 5 965 9651
7 6 264 2637
7 8 834 8340
7 9 762 7616
7 10 355 3551
8 1 559 5594
8 2 594 5943
8 3 571 5705
8 4 731 7310
8 5 778 7783
8 6 793 7930
8 7 834 8340
8 9 176 1761
8 10 588 5876
9 1 548 5475
9 2 434 4338
9 3 577 5766
9 4 558 5576
9 5 608 6084
9 6 672 6716
9 7 762 7616
9 8 176 1761
9 10 587 5867
10 1 49 495
10 2 596 5958
10 3 26 264
10 4 786 7860
10 5 1011 10112
10 6 505 5048
10 7 355 3551
10 8 588 5876
10 9 587 5867
