30
485
19
22
7
5
4
27
16
18
26
15
11
6
28
14
1
25
2
9
24
12
20
3
22
23
17
22
12
28
27
20
11
16
15
1
10
9
30
13
21
4
25
14
1 2 579 5789
1 3 870 8702
1 4 434 4342
1 5 925 9251
1 6 232 2317
1 7 523 5234
1 8 1047 10471
1 9 287 2870
1 10 520 5204
1 11 26 256
1 12 684 6842
1 13 666 6663
1 14 361 3613
1 15 470 4701
1 16 177 1768
1 17 231 2315
1 18 80 802
1 19 690 6904
1 20 602 6016
1 21 872 8718
1 22 971 9714
1 23 404 4043
1 24 729 7293
1 25 485 4849
1 26 678 6782
1 27 390 3900
1 28 358 3575
1 29 463 4631
1 30 611 6109
2 1 579 5789
2 3 526 5263
2 4 246 2458
2 5 405 4053
2 6 402 4022
2 7 360 3603
2 8 484 4845
2 9 457 4569
2 10 88 884
2 11 565 5649
2 12 712 7118
2 13 623 6231
2 14 397 3966
2 15 665 6647
2 16 646 6459
2 17 701 7006
2 18 499 4989
2 19 191 1914
2 20 90 901
2 21 551 5507
2 22 410 4101
2 23 292 2919
2 24 734 7338
2 25 98 977
2 26 143 1428
2 27 280 2802
2 28 470 4701
2 29 129 1292
2 30 32 321
3 1 870 8702
3 2 526 5263
3 4 745 7447
3 5 307 3075
3 6 639 6393
3 7 881 8807
3 8 476 4765
3 9 902 9023
3 10 486 4862
3 11 871 8715
3 12 465 4648
3 13 372 3722
3 14 513 5129
3 15 608 6078
3 16 1013 10127
3 17 1074 10742
3 18 810 8099
3 19 344 3444
3 20 436 4364
3 21 1052 10519
3 22 439 4394
3 23 782 7822
3 24 450 4502
3 25 579 5790
3 26 402 4020
3 27 493 4926
3 28 942 9420
3 29 521 5207
3 30 520 5204
4 1 434 4342
4 2 246 2458
4 3 745 7447
4 5 651 6509
4 6 356 3562
4 7 152 1523
4 8 717 7169
4 9 227 2265
4 10 259 2590
4 11 413 4130
4 12 816 8159
4 13 746 7458
4 14 434 4340
4 15 697 6968
4 16 444 4440
4 17 491 4905
4 18 360 3596
4 19 432 4316
4 20 323 3228
4 21 468 4678
4 22 645 6452
4 23 48 480
4 24 848 8485
4 25 167 1670
4 26 388 3878
4 27 338 3378
4 28 226 2265
4 29 228 2279
4 30 269 2695
5 1 925 9251
5 2 405 4053
5 3 307 3075
5 4 651 6509
5 6 705 7048
5 7 751 7514
5 8 176 1759
5 9 858 8580
5 10 421 4212
5 11 918 9177
5 12 732 7315
5 13 631 6311
5 14 621 6207
5 15 812 8121
5 16 1027 10273
5 17 1086 10857
5 18 850 8502
5 19 237 2371
5 20 340 3401
5 21 829 8294
5 22 132 1320
5 23 697 6972
5 24 728 7282
5 25 495 4949
5 26 266 2660
5 27 543 5426
5 28 875 8752
5 29 476 4765
5 30 382 3821
6 1 232 2317
6 2 402 4022
6 3 639 6393
6 4 356 3562
6 5 705 7048
6 7 494 4943
6 8 839 8388
6 9 347 3471
6 10 326 3262
6 11 232 2322
6 12 515 5146
6 13 473 4728
6 14 140 1398
6 15 350 3501
6 16 380 3800
6 17 441 4412
6 18 173 1729
6 19 476 4756
6 20 401 4005
6 21 824 8239
6 22 764 7638
6 23 352 3520
6 24 555 5554
6 25 324 3238
6 26 473 4732
6 27 163 1626
6 28 414 4137
6 29 274 2738
6 30 433 4330
7 1 523 5234
7 2 360 3603
7 3 881 8807
7 4 152 1523
7 5 751 7514
7 6 494 4943
7 8 788 7884
7 9 253 2529
7 10 397 3965
7 11 499 4991
7 12 968 9677
7 13 898 8981
7 14 583 5834
7 15 841 8412
7 16 481 4815
7 17 513 5133
7 18 459 4593
7 19 552 5516
7 20 447 4473
7 21 348 3485
7 22 722 7223
7 23 142 1425
7 24 1001 10006
7 25 304 3042
7 26 501 5009
7 27 490 4900
7 28 207 2071
7 29 374 3744
7 30 375 3754
8 1 1047 10471
8 2 484 4845
8 3 476 4765
8 4 717 7169
8 5 176 1759
8 6 839 8388
8 7 788 7884
8 9 938 9384
8 10 528 5275
8 11 1037 10366
8 12 907 9073
8 13 807 8067
8 14 771 7712
8 15 980 9798
8 16 1129 11294
8 17 1185 11849
8 18 969 9690
8 19 364 3641
8 20 446 4455
8 21 789 7892
8 22 76 757
8 23 765 7649
8 24 904 9041
8 25 582 5818
8 26 369 3689
8 27 681 6807
8 28 943 9429
8 29 585 5850
8 30 455 4548
9 1 287 2870
9 2 457 4569
9 3 902 9023
9 4 227 2265
9 5 858 8580
9 6 347 3471
9 7 253 2529
9 8 938 9384
9 10 441 4415
9 11 262 2615
9 12 861 8612
9 13 813 8132
9 14 475 4754
9 15 688 6878
9 16 230 2302
9 17 269 2687
9 18 240 2404
9 19 627 6269
9 20 519 5190
9 21 595 5952
9 22 865 8652
9 23 180 1799
9 24 901 9011
9 25 363 3633
9 26 592 5920
9 27 426 4258
9 28 73 726
9 29 392 3921
9 30 485 4847
10 1 520 5204
10 2 88 884
10 3 486 4862
10 4 259 2590
10 5 421 4212
10 6 326 3262
10 7 397 3965
10 8 528 5275
10 9 441 4415
10 11 509 5092
10 12 628 6283
10 13 542 5422
10 14 309 3091
10 15 576 5763
10 16 607 6073
10 17 665 6651
10 18 442 4417
10 19 186 1860
10 20 83 827
10 21 626 6261
10 22 452 4518
10 23 299 2986
10 24 652 6521
10 25 93 929
10 26 160 1599
10 27 193 1934
10 28 468 4681
10 29 57 575
10 30 114 1137
11 1 26 256
11 2 565 5649
11 3 871 8715
11 4 413 4130
11 5 918 9177
11 6 232 2322
11 7 499 4991
11 8 1037 10366
11 9 262 2615
11 10 509 5092
11 12 699 6989
11 13 678 6777
11 14 366 3660
11 15 488 4882
11 16 161 1610
11 17 218 2184
11 18 68 677
11 19 682 6821
11 20 591 5910
11 21 847 8474
11 22 961 9609
11 23 382 3818
11 24 744 7435
11 25 470 4699
11 26 668 6679
11 27 387 3869
11 28 332 3319
11 29 452 4517
11 30 597 5969
12 1 684 6842
12 2 712 7118
12 3 465 4648
12 4 816 8159
12 5 732 7315
12 6 515 5146
12 7 968 9677
12 8 907 9073
12 9 861 8612
12 10 628 6283
12 11 699 6989
12 13 101 1010
12 14 390 3904
12 15 235 2353
12 16 860 8598
12 17 916 9157
12 18 663 6631
12 19 623 6229
12 20 642 6425
12 21 1250 12505
12 22 852 8520
12 23 830 8303
12 24 46 464
12 25 697 6972
12 26 667 6670
12 27 478 4785
12 28 926 9258
12 29 618 6179
12 30 728 7276
13 1 666 6663
13 2 623 6231
13 3 372 3722
13 4 746 7458
13 5 631 6311
13 6 473 4728
13 7 898 8981
13 8 807 8067
13 9 813 8132
13 10 542 5422
13 11 678 6777
13 12 101 1010
13 14 338 3379
13 15 265 2650
13 16 838 8376
13 17 896 8961
13 18 634 6340
13 19 524 5245
13 20 550 5499
13 21 1168 11676
13 22 751 7510
13 23 764 7644
13 24 111 1112
13 25 617 6166
13 26 570 5702
13 27 409 4089
13 28 874 8741
13 29 537 5375
13 30 637 6370
14 1 361 3613
14 2 397 3966
14 3 513 5129
14 4 434 4340
14 5 621 6207
14 6 140 1398
14 7 583 5834
14 8 771 7712
14 9 475 4754
14 10 309 3091
14 11 366 3660
14 12 390 3904
14 13 338 3379
14 15 273 2730
14 16 519 5185
14 17 579 5794
14 18 311 3110
14 19 410 4102
14 20 364 3637
14 21 889 8889
14 22 699 6988
14 23 443 4432
14 24 428 4280
14 25 346 3458
14 26 424 4243
14 27 117 1168
14 28 537 5374
14 29 274 2735
14 30 423 4228
15 1 470 4701
15 2 665 6647
15 3 608 6078
15 4 697 6968
15 5 812 8121
15 6 350 3501
15 7 841 8412
15 8 980 9798
15 9 688 6878
15 10 576 5763
15 11 488 4882
15 12 235 2353
15 13 265 2650
15 14 273 2730
15 16 647 6468
15 17 699 6990
15 18 465 4648
15 19 641 6408
15 20 620 6197
15 21 1159 11588
15 22 913 9134
15 23 699 6988
15 24 282 2815
15 25 619 6188
15 26 669 6687
15 27 389 3885
15 28 758 7578
15 29 545 5454
15 30 689 6887
16 1 177 1768
16 2 646 6459
16 3 1013 10127
16 4 444 4440
16 5 1027 10273
16 6 380 3800
16 7 481 4815
16 8 1129 11294
16 9 230 2302
16 10 607 6073
16 11 161 1610
16 12 860 8598
16 13 838 8376
16 14 519 5185
16 15 647 6468
16 17 62 616
16 18 207 2075
16 19 790 7902
16 20 690 6898
16 21 816 8162
16 22 1054 10543
16 23 401 4013
16 24 904 9045
16 25 548 5482
16 26 767 7667
16 27 521 5207
16 28 279 2794
16 29 551 5511
16 30 677 6766
17 1 231 2315
17 2 701 7006
17 3 1074 10742
17 4 491 4905
17 5 1086 10857
17 6 441 4412
17 7 513 5133
17 8 1185 11849
17 9 269 2687
17 10 665 6651
17 11 218 2184
17 12 916 9157
17 13 896 8961
17 14 579 5794
17 15 699 6990
17 16 62 616
17 18 268 2684
17 19 849 8489
17 20 747 7474
17 21 838 8384
17 22 1110 11100
17 23 446 4459
17 24 961 9607
17 25 603 6031
17 26 824 8240
17 27 582 5822
17 28 307 3069
17 29 609 6093
17 30 731 7310
18 1 80 802
18 2 499 4989
18 3 810 8099
18 4 360 3596
18 5 850 8502
18 6 173 1729
18 7 459 4593
18 8 969 9690
18 9 240 2404
18 10 442 4417
18 11 68 677
18 12 663 6631
18 13 634 6340
18 14 311 3110
18 15 465 4648
18 16 207 2075
18 17 268 2684
18 19 614 6145
18 20 523 5235
18 21 807 8073
18 22 893 8933
18 23 333 3330
18 24 707 7066
18 25 405 4047
18 26 600 6003
18 27 322 3219
18 28 313 3130
18 29 384 3843
18 30 531 5309
19 1 690 6904
19 2 191 1914
19 3 344 3444
19 4 432 4316
19 5 237 2371
19 6 476 4756
19 7 552 5516
19 8 364 3641
19 9 627 6269
19 10 186 1860
19 11 682 6821
19 12 623 6229
19 13 524 5245
19 14 410 4102
19 15 641 6408
19 16 790 7902
19 17 849 8489
19 18 614 6145
19 20 109 1092
19 21 709 7092
19 22 290 2901
19 23 475 4754
19 24 634 6342
19 25 267 2675
19 26 58 579
19 27 317 3166
19 28 650 6500
19 29 240 2399
19 30 179 1792
20 1 602 6016
20 2 90 901
20 3 436 4364
20 4 323 3228
20 5 340 3401
20 6 401 4005
20 7 447 4473
20 8 446 4455
20 9 519 5190
20 10 83 827
20 11 591 5910
20 12 642 6425
20 13 550 5499
20 14 364 3637
20 15 620 6197
20 16 690 6898
20 17 747 7474
20 18 523 5235
20 19 109 1092
20 21 635 6354
20 22 370 3699
20 23 366 3663
20 24 661 6611
20 25 158 1583
20 26 77 772
20 27 254 2541
20 28 541 5408
20 29 140 1399
20 30 91 908
21 1 872 8718
21 2 551 5507
21 3 1052 10519
21 4 468 4678
21 5 829 8294
21 6 824 8239
21 7 348 3485
21 8 789 7892
21 9 595 5952
21 10 626 6261
21 11 847 8474
21 12 1250 12505
21 13 1168 11676
21 14 889 8889
21 15 1159 11588
21 16 816 8162
21 17 838 8384
21 18 807 8073
21 19 709 7092
21 20 635 6354
21 22 746 7465
21 23 480 4796
21 24 1277 12767
21 25 553 5535
21 26 651 6514
21 27 780 7801
21 28 537 5369
21 29 633 6327
21 30 545 5447
22 1 971 9714
22 2 410 4101
22 3 439 4394
22 4 645 6452
22 5 132 1320
22 6 764 7638
22 7 722 7223
22 8 76 757
22 9 865 8652
22 10 452 4518
22 11 961 9609
22 12 852 8520
22 13 751 7510
22 14 699 6988
22 15 913 9134
22 16 1054 10543
22 17 1110 11100
22 18 893 8933
22 19 290 2901
22 20 370 3699
22 21 746 7465
22 23 693 6931
22 24 852 8516
22 25 507 5071
22 26 293 2932
22 27 606 6064
22 28 871 8715
22 29 509 5093
22 30 381 3809
23 1 404 4043
23 2 292 2919
23 3 782 7822
23 4 48 480
23 5 697 6972
23 6 352 3520
23 7 142 1425
23 8 765 7649
23 9 180 1799
23 10 299 2986
23 11 382 3818
23 12 830 8303
23 13 764 7644
23 14 443 4432
23 15 699 6988
23 16 401 4013
23 17 446 4459
23 18 333 3330
23 19 475 4754
23 20 366 3663
23 21 480 4796
23 22 693 6931
23 24 865 8646
23 25 209 2086
23 26 433 4332
23 27 356 3556
23 28 179 1789
23 29 262 2621
23 30 316 3165
24 1 729 7293
24 2 734 7338
24 3 450 4502
24 4 848 8485
24 5 728 7282
24 6 555 5554
24 7 1001 10006
24 8 904 9041
24 9 901 9011
24 10 652 6521
24 11 744 7435
24 12 46 464
24 13 111 1112
24 14 428 4280
24 15 282 2815
24 16 904 9045
24 17 961 9607
24 18 707 7066
24 19 634 6342
24 20 661 6611
24 21 1277 12767
24 22 852 8516
24 23 865 8646
24 25 724 7245
24 26 681 6807
24 27 511 5107
24 28 965 9648
24 29 645 6452
24 30 748 7480
25 1 485 4849
25 2 98 977
25 3 579 5790
25 4 167 1670
25 5 495 4949
25 6 324 3238
25 7 304 3042
25 8 582 5818
25 9 363 3633
25 10 93 929
25 11 470 4699
25 12 697 6972
25 13 617 6166
25 14 346 3458
25 15 619 6188
25 16 548 5482
25 17 603 6031
25 18 405 4047
25 19 267 2675
25 20 158 1583
25 21 553 5535
25 22 507 5071
25 23 209 2086
25 24 724 7245
25 26 229 2289
25 27 231 2311
25 28 383 3826
25 29 79 793
25 30 129 1288
26 1 678 6782
26 2 143 1428
26 3 402 4020
26 4 388 3878
26 5 266 2660
26 6 473 4732
26 7 501 5009
26 8 369 3689
26 9 592 5920
26 10 160 1599
26 11 668 6679
26 12 667 6670
26 13 570 5702
26 14 424 4243
26 15 669 6687
26 16 767 7667
26 17 824 8240
26 18 600 6003
26 19 58 579
26 20 77 772
26 21 651 6514
26 22 293 2932
26 23 433 4332
26 24 681 6807
26 25 229 2289
26 27 321 3209
26 28 610 6102
26 29 217 2172
26 30 126 1257
27 1 390 3900
27 2 280 2802
27 3 493 4926
27 4 338 3378
27 5 543 5426
27 6 163 1626
27 7 490 4900
27 8 681 6807
27 9 426 4258
27 10 193 1934
27 11 387 3869
27 12 478 4785
27 13 409 4089
27 14 117 1168
27 15 389 3885
27 16 521 5207
27 17 582 5822
27 18 322 3219
27 19 317 3166
27 20 254 2541
27 21 780 7801
27 22 606 6064
27 23 356 3556
27 24 511 5107
27 25 231 2311
27 26 321 3209
27 28 478 4782
27 29 157 1570
27 30 307 3071
28 1 358 3575
28 2 470 4701
28 3 942 9420
28 4 226 2265
28 5 875 8752
28 6 414 4137
28 7 207 2071
28 8 943 9429
28 9 73 726
28 10 468 4681
28 11 332 3319
28 12 926 9258
28 13 874 8741
28 14 537 5374
28 15 758 7578
28 16 279 2794
28 17 307 3069
28 18 313 3130
28 19 650 6500
28 20 541 5408
28 21 537 5369
28 22 871 8715
28 23 179 1789
28 24 965 9648
28 25 383 3826
28 26 610 6102
28 27 478 4782
28 29 424 4238
28 30 495 4952
29 1 463 4631
29 2 129 1292
29 3 521 5207
29 4 228 2279
29 5 476 4765
29 6 274 2738
29 7 374 3744
29 8 585 5850
29 9 392 3921
29 10 57 575
29 11 452 4517
29 12 618 6179
29 13 537 5375
29 14 274 2735
29 15 545 5454
29 16 551 5511
29 17 609 6093
29 18 384 3843
29 19 240 2399
29 20 140 1399
29 21 633 6327
29 22 509 5093
29 23 262 2621
29 24 645 6452
29 25 79 793
29 26 217 2172
29 27 157 1570
29 28 424 4238
29 30 159 1594
30 1 611 6109
30 2 32 321
30 3 520 5204
30 4 269 2695
30 5 382 3821
30 6 433 4330
30 7 375 3754
30 8 455 4548
30 9 485 4847
30 10 114 1137
30 11 597 5969
30 12 728 7276
30 13 637 6370
30 14 423 4228
30 15 689 6887
30 16 677 6766
30 17 731 7310
30 18 531 5309
30 19 179 1792
30 20 91 908
30 21 545 5447
30 22 381 3809
30 23 316 3165
30 24 748 7480
30 25 129 1288
30 26 126 1257
30 27 307 3071
30 28 495 4952
30 29 159 1594
