10
498
347
2
6
7
0
1 2 491 4908
1 3 322 3217
1 4 150 1496
1 5 424 4239
1 6 320 3199
1 7 623 6231
1 8 666 6661
1 9 579 5792
1 10 628 6279
2 1 491 4908
2 3 380 3798
2 4 510 5103
2 5 137 1373
2 6 190 1903
2 7 919 9192
2 8 272 2723
2 9 490 4896
2 10 768 7680
3 1 322 3217
3 2 380 3798
3 4 446 4463
3 5 414 4137
3 6 212 2119
3 7 540 5397
3 8 418 4181
3 9 259 2585
3 10 409 4090
4 1 150 1496
4 2 510 5103
4 3 446 4463
4 5 408 4082
4 6 378 3781
4 7 766 7657
4 8 731 7307
4 9 704 7040
4 10 777 7770
5 1 424 4239
5 2 137 1373
5 3 414 4137
5 4 408 4082
5 6 202 2020
5 7 936 9362
5 8 409 4088
5 9 581 5809
5 10 821 8212
6 1 320 3199
6 2 190 1903
6 3 212 2119
6 4 378 3781
6 5 202 2020
6 7 742 7415
6 8 354 3536
6 9 401 4008
6 10 619 6194
7 1 623 6231
7 2 919 9192
7 3 540 5397
7 4 766 7657
7 5 936 9362
7 6 742 7415
7 8 909 9094
7 9 575 5747
7 10 270 2695
8 1 666 6661
8 2 272 2723
8 3 418 4181
8 4 731 7307
8 5 409 4088
8 6 354 3536
8 7 909 9094
8 9 360 3603
8 10 694 6940
9 1 579 5792
9 2 490 4896
9 3 259 2585
9 4 704 7040
9 5 581 5809
9 6 401 4008
9 7 575 5747
9 8 360 3603
9 10 337 3369
10 1 628 6279
10 2 768 7680
10 3 409 4090
10 4 777 7770
10 5 821 8212
10 6 619 6194
10 7 270 2695
10 8 694 6940
10 9 337 3369
