30
808
818
28
22
13
7
8
10
18
6
23
9
4
17
5
14
28
20
27
25
30
19
29
3
2
11
21
24
15
12
16
0
1 2 877 8772
1 3 866 8657
1 4 567 5674
1 5 915 9150
1 6 795 7947
1 7 271 2709
1 8 364 3645
1 9 37 368
1 10 1027 10266
1 11 148 1475
1 12 462 4617
1 13 759 7593
1 14 515 5152
1 15 994 9940
1 16 146 1456
1 17 793 7927
1 18 644 6435
1 19 236 2358
1 20 101 1006
1 21 397 3968
1 22 1089 10892
1 23 834 8339
1 24 1094 10936
1 25 554 5543
1 26 684 6835
1 27 810 8097
1 28 71 706
1 29 489 4887
1 30 846 8459
2 1 877 8772
2 3 248 2479
2 4 319 3190
2 5 719 7194
2 6 236 2356
2 7 635 6351
2 8 513 5131
2 9 881 8808
2 10 526 5261
2 11 937 9375
2 12 530 5305
2 13 159 1587
2 14 553 5530
2 15 411 4113
2 16 770 7697
2 17 626 6262
2 18 290 2898
2 19 1019 10193
2 20 779 7790
2 21 551 5506
2 22 395 3951
2 23 44 440
2 24 450 4502
2 25 325 3253
2 26 320 3200
2 27 224 2240
2 28 830 8299
2 29 856 8562
2 30 808 8085
3 1 866 8657
3 2 248 2479
3 4 405 4047
3 5 477 4773
3 6 456 4562
3 7 597 5969
3 8 520 5203
3 9 859 8588
3 10 287 2871
3 11 887 8869
3 12 641 6411
3 13 164 1644
3 14 420 4196
3 15 183 1828
3 16 792 7923
3 17 398 3983
3 18 440 4395
3 19 954 9535
3 20 779 7785
3 21 634 6340
3 22 230 2304
3 23 251 2512
3 24 256 2564
3 25 390 3902
3 26 500 5005
3 27 62 617
3 28 805 8052
3 29 709 7086
3 30 580 5800
4 1 567 5674
4 2 319 3190
4 3 405 4047
4 5 735 7353
4 6 251 2506
4 7 354 3539
4 8 213 2131
4 9 575 5753
4 10 667 6674
4 11 646 6457
4 12 237 2366
4 13 247 2472
4 14 394 3944
4 15 582 5818
4 16 452 4522
4 17 608 6084
4 18 106 1056
4 19 735 7346
4 20 467 4674
4 21 238 2383
4 22 629 6289
4 23 275 2749
4 24 661 6610
4 25 32 317
4 26 181 1808
4 27 344 3438
4 28 527 5272
4 29 663 6634
4 30 767 7670
5 1 915 9150
5 2 719 7194
5 3 477 4773
5 4 735 7353
5 6 892 8924
5 7 679 6788
5 8 707 7072
5 9 890 8903
5 10 299 2989
5 11 857 8569
5 12 930 9299
5 13 589 5885
5 14 421 4211
5 15 387 3867
5 16 917 9175
5 17 133 1335
5 18 818 8180
5 19 879 8791
5 20 868 8678
5 21 889 8889
5 22 508 5077
5 23 712 7124
5 24 453 4530
5 25 706 7064
5 26 894 8944
5 27 496 4961
5 28 844 8444
5 29 509 5089
5 30 150 1496
6 1 795 7947
6 2 236 2356
6 3 456 4562
6 4 251 2506
6 5 892 8924
6 7 603 6030
6 8 459 4595
6 9 808 8078
6 10 743 7432
6 11 888 8875
6 12 368 3679
6 13 307 3071
6 14 621 6214
6 15 634 6338
6 16 664 6642
6 17 780 7800
6 18 153 1534
6 19 979 9788
6 20 694 6942
6 21 413 4126
6 22 630 6299
6 23 211 2114
6 24 683 6827
6 25 277 2774
6 26 121 1211
6 27 412 4121
6 28 763 7634
6 29 907 9068
6 30 955 9549
7 1 271 2709
7 2 635 6351
7 3 597 5969
7 4 354 3539
7 5 679 6788
7 6 603 6030
7 8 145 1451
7 9 262 2619
7 10 760 7597
7 11 303 3026
7 12 366 3661
7 13 502 5024
7 14 260 2603
7 15 723 7233
7 16 239 2387
7 17 549 5491
7 18 451 4512
7 19 385 3853
7 20 196 1962
7 21 299 2985
7 22 819 8187
7 23 594 5938
7 24 823 8227
7 25 331 3313
7 26 512 5123
7 27 543 5425
7 28 208 2083
7 29 372 3716
7 30 638 6379
8 1 364 3645
8 2 513 5131
8 3 520 5203
8 4 213 2131
8 5 707 7072
8 6 459 4595
8 7 145 1451
8 9 368 3678
8 10 729 7286
8 11 433 4329
8 12 247 2468
8 13 398 3979
8 14 296 2958
8 15 671 6713
8 16 272 2724
8 17 574 5738
8 18 307 3069
8 19 521 5215
8 20 268 2679
8 21 190 1895
8 22 750 7499
8 23 470 4700
8 24 765 7652
8 25 194 1942
8 26 367 3673
8 27 461 4607
8 28 318 3176
8 29 495 4953
8 30 696 6963
9 1 37 368
9 2 881 8808
9 3 859 8588
9 4 575 5753
9 5 890 8903
9 6 808 8078
9 7 262 2619
9 8 368 3678
9 10 1011 10108
9 11 112 1124
9 12 484 4835
9 13 758 7582
9 14 497 4967
9 15 982 9821
9 16 173 1731
9 17 770 7699
9 18 656 6556
9 19 204 2036
9 20 116 1165
9 21 417 4169
9 22 1080 10801
9 23 838 8378
9 24 1082 10823
9 25 560 5603
9 26 699 6990
9 27 804 8040
9 28 54 536
9 29 455 4551
9 30 817 8174
10 1 1027 10266
10 2 526 5261
10 3 287 2871
10 4 667 6674
10 5 299 2989
10 6 743 7432
10 7 760 7597
10 8 729 7286
10 9 1011 10108
10 11 1009 10089
10 12 898 8975
10 13 446 4464
10 14 516 5160
10 15 118 1182
10 16 986 9863
10 17 309 3091
10 18 719 7186
10 19 1055 10546
10 20 955 9552
10 21 878 8775
10 22 215 2155
10 23 536 5359
10 24 155 1551
10 25 647 6466
10 26 784 7840
10 27 337 3370
10 28 959 9588
10 29 727 7274
10 30 444 4435
11 1 148 1475
11 2 937 9375
11 3 887 8869
11 4 646 6457
11 5 857 8569
11 6 888 8875
11 7 303 3026
11 8 433 4329
11 9 112 1124
11 10 1009 10089
11 12 582 5823
11 13 804 8039
11 14 494 4941
11 15 993 9932
11 16 282 2825
11 17 745 7452
11 18 734 7342
11 19 96 956
11 20 218 2180
11 21 514 5135
11 22 1100 10996
11 23 896 8958
11 24 1095 10947
11 25 627 6268
11 26 784 7843
11 27 836 8362
11 28 132 1323
11 29 384 3845
11 30 768 7682
12 1 462 4617
12 2 530 5305
12 3 641 6411
12 4 237 2366
12 5 930 9299
12 6 368 3679
12 7 366 3661
12 8 247 2468
12 9 484 4835
12 10 898 8975
12 11 582 5823
12 13 483 4832
12 14 536 5358
12 15 817 8168
12 16 319 3188
12 17 798 7977
12 18 243 2426
12 19 678 6779
12 20 367 3674
12 21 70 705
12 22 865 8652
12 23 488 4882
12 24 898 8975
12 25 252 2523
12 26 247 2470
12 27 580 5800
12 28 450 4502
12 29 735 7352
12 30 935 9348
13 1 759 7593
13 2 159 1587
13 3 164 1644
13 4 247 2472
13 5 589 5885
13 6 307 3071
13 7 502 5024
13 8 398 3979
13 9 758 7582
13 10 446 4464
13 11 804 8039
13 12 483 4832
13 14 395 3951
13 15 347 3470
13 16 668 6677
13 17 483 4834
13 18 275 2751
13 19 881 8808
13 20 665 6652
13 21 483 4832
13 22 382 3821
13 23 134 1336
13 24 418 4177
13 25 238 2379
13 26 338 3377
13 27 109 1094
13 28 706 7056
13 29 698 6984
13 30 664 6636
14 1 515 5152
14 2 553 5530
14 3 420 4196
14 4 394 3944
14 5 421 4211
14 6 621 6214
14 7 260 2603
14 8 296 2958
14 9 497 4967
14 10 516 5160
14 11 494 4941
14 12 536 5358
14 13 395 3951
14 15 501 5011
14 16 499 4987
14 17 290 2897
14 18 497 4974
14 19 547 5472
14 20 454 4543
14 21 484 4844
14 22 613 6134
14 23 522 5219
14 24 603 6028
14 25 363 3627
14 26 575 5747
14 27 382 3817
14 28 446 4458
14 29 303 3033
14 30 401 4006
15 1 994 9940
15 2 411 4113
15 3 183 1828
15 4 582 5818
15 5 387 3867
15 6 634 6338
15 7 723 7233
15 8 671 6713
15 9 982 9821
15 10 118 1182
15 11 993 9932
15 12 817 8168
15 13 347 3470
15 14 501 5011
15 16 938 9382
15 17 359 3594
15 18 622 6220
15 19 1048 10482
15 20 915 9149
15 21 804 8040
15 22 128 1283
15 23 424 4241
15 24 102 1017
15 25 565 5645
15 26 683 6831
15 27 240 2399
15 28 929 9289
15 29 750 7503
15 30 520 5201
16 1 146 1456
16 2 770 7697
16 3 792 7923
16 4 452 4522
16 5 917 9175
16 6 664 6642
16 7 239 2387
16 8 272 2724
16 9 173 1731
16 10 986 9863
16 11 282 2825
16 12 319 3188
16 13 668 6677
16 14 499 4987
16 15 938 9382
16 17 788 7878
16 18 517 5167
16 19 376 3761
16 20 73 726
16 21 257 2568
16 22 1021 10213
16 23 726 7258
16 24 1034 10342
16 25 445 4446
16 26 549 5492
16 27 733 7329
16 28 157 1566
16 29 557 5565
16 30 871 8710
17 1 793 7927
17 2 626 6262
17 3 398 3983
17 4 608 6084
17 5 133 1335
17 6 780 7800
17 7 549 5491
17 8 574 5738
17 9 770 7699
17 10 309 3091
17 11 745 7452
17 12 798 7977
17 13 483 4834
17 14 290 2897
17 15 359 3594
17 16 788 7878
17 18 695 6954
17 19 776 7763
17 20 741 7405
17 21 756 7557
17 22 488 4876
17 23 613 6132
17 24 447 4467
17 25 579 5788
17 26 773 7728
17 27 403 4031
17 28 722 7222
17 29 425 4248
17 30 183 1826
18 1 644 6435
18 2 290 2898
18 3 440 4395
18 4 106 1056
18 5 818 8180
18 6 153 1534
18 7 451 4512
18 8 307 3069
18 9 656 6556
18 10 719 7186
18 11 734 7342
18 12 243 2426
18 13 275 2751
18 14 497 4974
18 15 622 6220
18 16 517 5167
18 17 695 6954
18 19 825 8255
18 20 543 5429
18 21 273 2730
18 22 649 6491
18 23 249 2489
18 24 690 6903
18 25 136 1363
18 26 79 785
18 27 383 3830
18 28 611 6105
18 29 769 7690
18 30 860 8603
19 1 236 2358
19 2 1019 10193
19 3 954 9535
19 4 735 7346
19 5 879 8791
19 6 979 9788
19 7 385 3853
19 8 521 5215
19 9 204 2036
19 10 1055 10546
19 11 96 956
19 12 678 6779
19 13 881 8808
19 14 547 5472
19 15 1048 10482
19 16 376 3761
19 17 776 7763
19 18 825 8255
19 20 313 3133
19 21 609 6090
19 22 1159 11594
19 23 978 9784
19 24 1150 11499
19 25 714 7143
19 26 877 8775
19 27 906 9056
19 28 228 2279
19 29 382 3819
19 30 777 7771
20 1 101 1006
20 2 779 7790
20 3 779 7785
20 4 467 4674
20 5 868 8678
20 6 694 6942
20 7 196 1962
20 8 268 2679
20 9 116 1165
20 10 955 9552
20 11 218 2180
20 12 367 3674
20 13 665 6652
20 14 454 4543
20 15 915 9149
20 16 73 726
20 17 741 7405
20 18 543 5429
20 19 313 3133
20 21 300 3004
20 22 1005 10049
20 23 735 7355
20 24 1013 10130
20 25 455 4551
20 26 584 5838
20 27 721 7210
20 28 87 872
20 29 487 4872
20 30 813 8134
21 1 397 3968
21 2 551 5506
21 3 634 6340
21 4 238 2383
21 5 889 8889
21 6 413 4126
21 7 299 2985
21 8 190 1895
21 9 417 4169
21 10 878 8775
21 11 514 5135
21 12 70 705
21 13 483 4832
21 14 484 4844
21 15 804 8040
21 16 257 2568
21 17 756 7557
21 18 273 2730
21 19 609 6090
21 20 300 3004
21 22 862 8622
21 23 507 5071
21 24 890 8895
21 25 245 2454
21 26 295 2946
21 27 572 5723
21 28 382 3816
21 29 669 6692
21 30 885 8849
22 1 1089 10892
22 2 395 3951
22 3 230 2304
22 4 629 6289
22 5 508 5077
22 6 630 6299
22 7 819 8187
22 8 750 7499
22 9 1080 10801
22 10 215 2155
22 11 1100 10996
22 12 865 8652
22 13 382 3821
22 14 613 6134
22 15 128 1283
22 16 1021 10213
22 17 488 4876
22 18 649 6491
22 19 1159 11594
22 20 1005 10049
22 21 862 8622
22 23 420 4202
22 24 69 690
22 25 617 6172
22 26 700 6996
22 27 292 2916
22 28 1027 10265
22 29 874 8743
22 30 645 6455
23 1 834 8339
23 2 44 440
23 3 251 2512
23 4 275 2749
23 5 712 7124
23 6 211 2114
23 7 594 5938
23 8 470 4700
23 9 838 8378
23 10 536 5359
23 11 896 8958
23 12 488 4882
23 13 134 1336
23 14 522 5219
23 15 424 4241
23 16 726 7258
23 17 613 6132
23 18 249 2489
23 19 978 9784
23 20 735 7355
23 21 507 5071
23 22 420 4202
23 24 472 4715
23 25 281 2814
23 26 285 2845
23 27 217 2171
23 28 787 7871
23 29 824 8244
23 30 795 7946
24 1 1094 10936
24 2 450 4502
24 3 256 2564
24 4 661 6610
24 5 453 4530
24 6 683 6827
24 7 823 8227
24 8 765 7652
24 9 1082 10823
24 10 155 1551
24 11 1095 10947
24 12 898 8975
24 13 418 4177
24 14 603 6028
24 15 102 1017
24 16 1034 10342
24 17 447 4467
24 18 690 6903
24 19 1150 11499
24 20 1013 10130
24 21 890 8895
24 22 69 690
24 23 472 4715
24 25 646 6465
24 26 745 7454
24 27 318 3177
24 28 1029 10290
24 29 848 8484
24 30 595 5951
25 1 554 5543
25 2 325 3253
25 3 390 3902
25 4 32 317
25 5 706 7064
25 6 277 2774
25 7 331 3313
25 8 194 1942
25 9 560 5603
25 10 647 6466
25 11 627 6268
25 12 252 2523
25 13 238 2379
25 14 363 3627
25 15 565 5645
25 16 445 4446
25 17 579 5788
25 18 136 1363
25 19 714 7143
25 20 455 4551
25 21 245 2454
25 22 617 6172
25 23 281 2814
25 24 646 6465
25 26 212 2123
25 27 329 3288
25 28 511 5112
25 29 633 6334
25 30 736 7361
26 1 684 6835
26 2 320 3200
26 3 500 5005
26 4 181 1808
26 5 894 8944
26 6 121 1211
26 7 512 5123
26 8 367 3673
26 9 699 6990
26 10 784 7840
26 11 784 7843
26 12 247 2470
26 13 338 3377
26 14 575 5747
26 15 683 6831
26 16 549 5492
26 17 773 7728
26 18 79 785
26 19 877 8775
26 20 584 5838
26 21 295 2946
26 22 700 6996
26 23 285 2845
26 24 745 7454
26 25 212 2123
26 27 447 4470
26 28 657 6570
26 29 842 8418
26 30 939 9386
27 1 810 8097
27 2 224 2240
27 3 62 617
27 4 344 3438
27 5 496 4961
27 6 412 4121
27 7 543 5425
27 8 461 4607
27 9 804 8040
27 10 337 3370
27 11 836 8362
27 12 580 5800
27 13 109 1094
27 14 382 3817
27 15 240 2399
27 16 733 7329
27 17 403 4031
27 18 383 3830
27 19 906 9056
27 20 721 7210
27 21 572 5723
27 22 292 2916
27 23 217 2171
27 24 318 3177
27 25 329 3288
27 26 447 4470
27 28 751 7505
27 29 678 6783
27 30 586 5857
28 1 71 706
28 2 830 8299
28 3 805 8052
28 4 527 5272
28 5 844 8444
28 6 763 7634
28 7 208 2083
28 8 318 3176
28 9 54 536
28 10 959 9588
28 11 132 1323
28 12 450 4502
28 13 706 7056
28 14 446 4458
28 15 929 9289
28 16 157 1566
28 17 722 7222
28 18 611 6105
28 19 228 2279
28 20 87 872
28 21 382 3816
28 22 1027 10265
28 23 787 7871
28 24 1029 10290
28 25 511 5112
28 26 657 6570
28 27 751 7505
28 29 426 4259
28 30 776 7765
29 1 489 4887
29 2 856 8562
29 3 709 7086
29 4 663 6634
29 5 509 5089
29 6 907 9068
29 7 372 3716
29 8 495 4953
29 9 455 4551
29 10 727 7274
29 11 384 3845
29 12 735 7352
29 13 698 6984
29 14 303 3033
29 15 750 7503
29 16 557 5565
29 17 425 4248
29 18 769 7690
29 19 382 3819
29 20 487 4872
29 21 669 6692
29 22 874 8743
29 23 824 8244
29 24 848 8484
29 25 633 6334
29 26 842 8418
29 27 678 6783
29 28 426 4259
29 30 396 3963
30 1 846 8459
30 2 808 8085
30 3 580 5800
30 4 767 7670
30 5 150 1496
30 6 955 9549
30 7 638 6379
30 8 696 6963
30 9 817 8174
30 10 444 4435
30 11 768 7682
30 12 935 9348
30 13 664 6636
30 14 401 4006
30 15 520 5201
30 16 871 8710
30 17 183 1826
30 18 860 8603
30 19 777 7771
30 20 813 8134
30 21 885 8849
30 22 645 6455
30 23 795 7946
30 24 595 5951
30 25 736 7361
30 26 939 9386
30 27 586 5857
30 28 776 7765
30 29 396 3963
