10
96
91
1
8
8
4
3
10
5
6
9
2
1
1 2 213 2132
1 3 259 2592
1 4 685 6852
1 5 222 2225
1 6 412 4124
1 7 288 2877
1 8 917 9165
1 9 374 3738
1 10 261 2608
2 1 213 2132
2 3 129 1294
2 4 837 8373
2 5 291 2912
2 6 590 5902
2 7 300 3000
2 8 898 8978
2 9 579 5787
2 10 394 3938
3 1 259 2592
3 2 129 1294
3 4 932 9323
3 5 221 2212
3 6 669 6685
3 7 424 4244
3 8 1027 10271
3 9 631 6307
3 10 491 4913
4 1 685 6852
4 2 837 8373
4 3 932 9323
4 5 879 8795
4 6 287 2865
4 7 584 5845
4 8 724 7237
4 9 409 4089
4 10 444 4437
5 1 222 2225
5 2 291 2912
5 3 221 2212
5 4 879 8795
5 6 595 5950
5 7 499 4989
5 8 1130 11303
5 9 513 5125
5 10 479 4787
6 1 412 4124
6 2 590 5902
6 3 669 6685
6 4 287 2865
6 5 595 5950
6 7 401 4009
6 8 800 8002
6 9 148 1476
6 10 216 2157
7 1 288 2877
7 2 300 3000
7 3 424 4244
7 4 584 5845
7 5 499 4989
7 6 401 4009
7 8 631 6315
7 9 464 4638
7 10 190 1897
8 1 917 9165
8 2 898 8978
8 3 1027 10271
8 4 724 7237
8 5 1130 11303
8 6 800 8002
8 7 631 6315
8 9 938 9380
8 10 714 7142
9 1 374 3738
9 2 579 5787
9 3 631 6307
9 4 409 4089
9 5 513 5125
9 6 148 1476
9 7 464 4638
9 8 938 9380
9 10 278 2778
10 1 261 2608
10 2 394 3938
10 3 491 4913
10 4 444 4437
10 5 479 4787
10 6 216 2157
10 7 190 1897
10 8 714 7142
10 9 278 2778
