10
409
558
5
7
6
4
5
9
7
4
6
5
2
9
7
8
1 2 470 4704
1 3 794 7937
1 4 767 7667
1 5 715 7150
1 6 1060 10601
1 7 311 3106
1 8 120 1196
1 9 632 6317
1 10 795 7949
2 1 470 4704
2 3 387 3866
2 4 777 7766
2 5 293 2929
2 6 897 8972
2 7 550 5502
2 8 373 3731
2 9 166 1660
2 10 648 6475
3 1 794 7937
3 2 387 3866
3 4 702 7017
3 5 95 948
3 6 643 6432
3 7 731 7309
3 8 725 7246
3 9 254 2537
3 10 472 4718
4 1 767 7667
4 2 777 7766
4 3 702 7017
4 5 713 7133
4 6 388 3882
4 7 471 4706
4 8 805 8051
4 9 802 8025
4 10 257 2574
5 1 715 7150
5 2 293 2929
5 3 95 948
5 4 713 7133
5 6 704 7036
5 7 681 6809
5 8 640 6396
5 9 162 1617
5 10 504 5043
6 1 1060 10601
6 2 897 8972
6 3 643 6432
6 4 388 3882
6 5 704 7036
6 7 806 8057
6 8 1063 10634
6 9 847 8474
6 10 269 2687
7 1 311 3106
7 2 550 5502
7 3 731 7309
7 4 471 4706
7 5 681 6809
7 6 806 8057
7 8 382 3819
7 9 669 6686
7 10 558 5584
8 1 120 1196
8 2 373 3731
8 3 725 7246
8 4 805 8051
8 5 640 6396
8 6 1063 10634
8 7 382 3819
8 9 538 5384
8 10 795 7948
9 1 632 6317
9 2 166 1660
9 3 254 2537
9 4 802 8025
9 5 162 1617
9 6 847 8474
9 7 669 6686
9 8 538 5384
9 10 625 6251
10 1 795 7949
10 2 648 6475
10 3 472 4718
10 4 257 2574
10 5 504 5043
10 6 269 2687
10 7 558 5584
10 8 795 7948
10 9 625 6251
