30
838
414
3
27
23
28
2
19
30
1 2 353 3530
1 3 190 1895
1 4 164 1642
1 5 758 7584
1 6 515 5150
1 7 520 5202
1 8 928 9280
1 9 52 523
1 10 922 9221
1 11 467 4674
1 12 758 7578
1 13 140 1396
1 14 676 6757
1 15 95 947
1 16 569 5689
1 17 126 1256
1 18 367 3671
1 19 716 7161
1 20 292 2919
1 21 452 4520
1 22 925 9245
1 23 772 7722
1 24 621 6209
1 25 121 1213
1 26 720 7197
1 27 529 5291
1 28 685 6854
1 29 367 3674
1 30 571 5708
2 1 353 3530
2 3 164 1637
2 4 475 4753
2 5 822 8223
2 6 482 4823
2 7 599 5986
2 8 770 7701
2 9 382 3824
2 10 816 8164
2 11 255 2551
2 12 734 7342
2 13 405 4051
2 14 650 6504
2 15 445 4445
2 16 364 3638
2 17 475 4746
2 18 17 166
2 19 365 3653
2 20 582 5815
2 21 124 1245
2 22 795 7946
2 23 464 4643
2 24 564 5638
2 25 418 4177
2 26 739 7390
2 27 331 3306
2 28 344 3441
2 29 608 6083
2 30 321 3206
3 1 190 1895
3 2 164 1637
3 4 323 3229
3 5 768 7676
3 6 460 4595
3 7 530 5296
3 8 823 8230
3 9 222 2221
3 10 843 8431
3 11 320 3196
3 12 718 7181
3 13 254 2539
3 14 632 6323
3 15 282 2820
3 16 431 4310
3 17 311 3111
3 18 178 1782
3 19 528 5282
3 20 439 4390
3 21 270 2703
3 22 833 8334
3 23 598 5980
3 24 558 5581
3 25 266 2661
3 26 703 7026
3 27 392 3918
3 28 499 4988
3 29 475 4755
3 30 414 4144
4 1 164 1642
4 2 475 4753
4 3 323 3229
4 5 894 8945
4 6 675 6754
4 7 663 6626
4 8 1092 10920
4 9 113 1128
4 10 1083 10834
4 11 626 6259
4 12 912 9116
4 13 274 2737
4 14 831 8314
4 15 100 998
4 16 730 7302
4 17 164 1636
4 18 486 4865
4 19 822 8221
4 20 128 1279
4 21 551 5506
4 22 1087 10874
4 23 920 9203
4 24 781 7812
4 25 58 576
4 26 867 8671
4 27 690 6904
4 28 818 8184
4 29 461 4613
4 30 727 7274
5 1 758 7584
5 2 822 8223
5 3 768 7676
5 4 894 8945
5 6 349 3491
5 7 241 2408
5 8 523 5231
5 9 805 8048
5 10 407 4070
5 11 621 6209
5 12 196 1958
5 13 624 6240
5 14 225 2252
5 15 795 7947
5 16 580 5799
5 17 737 7369
5 18 836 8360
5 19 1061 10609
5 20 1009 10093
5 21 937 9373
5 22 460 4599
5 23 827 8272
5 24 311 3112
5 25 872 8723
5 26 115 1150
5 27 580 5797
5 28 901 9012
5 29 466 4656
5 30 656 6561
6 1 515 5150
6 2 482 4823
6 3 460 4595
6 4 675 6754
6 5 349 3491
6 7 179 1786
6 8 435 4345
6 9 567 5671
6 10 408 4083
6 11 273 2727
6 12 259 2589
6 13 413 4128
6 14 173 1731
6 15 583 5831
6 16 251 2513
6 17 548 5480
6 18 495 4948
6 19 716 7157
6 20 802 8023
6 21 592 5922
6 22 417 4171
6 23 523 5229
6 24 106 1059
6 25 636 6363
6 26 257 2572
6 27 241 2406
6 28 565 5654
6 29 401 4014
6 30 322 3218
7 1 520 5202
7 2 599 5986
7 3 530 5296
7 4 663 6626
7 5 241 2408
7 6 179 1786
7 8 552 5521
7 9 568 5680
7 10 484 4844
7 11 433 4326
7 12 269 2693
7 13 389 3893
7 14 209 2094
7 15 563 5634
7 16 429 4286
7 17 511 5107
7 18 613 6135
7 19 876 8759
7 20 782 7819
7 21 719 7187
7 22 514 5139
7 23 701 7015
7 24 224 2236
7 25 636 6365
7 26 207 2070
7 27 414 4140
7 28 736 7361
7 29 279 2789
7 30 496 4961
8 1 928 9280
8 2 770 7701
8 3 823 8230
8 4 1092 10920
8 5 523 5231
8 6 435 4345
8 7 552 5521
8 9 980 9801
8 10 138 1382
8 11 517 5171
8 12 331 3307
8 13 842 8421
8 14 349 3487
8 15 1006 10058
8 16 406 4063
8 17 978 9777
8 18 775 7752
8 19 814 8144
8 20 1220 12199
8 21 835 8354
8 22 75 749
8 23 480 4801
8 24 339 3390
8 25 1047 10468
8 26 421 4214
8 27 441 4409
8 28 630 6301
8 29 822 8224
8 30 459 4585
9 1 52 523
9 2 382 3824
9 3 222 2221
9 4 113 1128
9 5 805 8048
9 6 567 5671
9 7 568 5680
9 8 980 9801
9 10 974 9744
9 11 515 5146
9 12 809 8087
9 13 182 1816
9 14 727 7270
9 15 66 663
9 16 618 6179
9 17 124 1241
9 18 395 3954
9 19 741 7408
9 20 240 2402
9 21 472 4724
9 22 977 9768
9 23 815 8145
9 24 673 6730
9 25 70 696
9 26 769 7691
9 27 578 5781
9 28 721 7209
9 29 399 3990
9 30 617 6171
10 1 922 9221
10 2 816 8164
10 3 843 8431
10 4 1083 10834
10 5 407 4070
10 6 408 4083
10 7 484 4844
10 8 138 1382
10 9 974 9744
10 11 562 5619
10 12 229 2286
10 13 820 8201
10 14 275 2753
10 15 991 9914
10 16 461 4608
10 17 955 9545
10 18 824 8240
10 19 912 9115
10 20 1211 12105
10 21 897 8972
10 22 63 634
10 23 592 5920
10 24 303 3027
10 25 1043 10432
10 26 318 3182
10 27 488 4884
10 28 728 7281
10 29 763 7628
10 30 526 5263
11 1 467 4674
11 2 255 2551
11 3 320 3196
11 4 626 6259
11 5 621 6209
11 6 273 2727
11 7 433 4326
11 8 517 5171
11 9 515 5146
11 10 562 5619
11 12 500 5002
11 13 437 4374
11 14 421 4213
11 15 559 5590
11 16 113 1131
11 17 557 5570
11 18 262 2622
11 19 444 4445
11 20 750 7496
11 21 341 3407
11 22 540 5395
11 23 324 3243
11 24 329 3294
11 25 573 5728
11 26 522 5224
11 27 76 763
11 28 308 3084
11 29 556 5559
11 30 105 1054
12 1 758 7578
12 2 734 7342
12 3 718 7181
12 4 912 9116
12 5 196 1958
12 6 259 2589
12 7 269 2693
12 8 331 3307
12 9 809 8087
12 10 229 2286
12 11 500 5002
12 13 639 6394
12 14 86 858
12 15 815 8147
12 16 433 4326
12 17 769 7688
12 18 746 7456
12 19 919 9195
12 20 1035 10354
12 21 837 8371
12 22 273 2730
12 23 654 6538
12 24 171 1714
12 25 878 8783
12 26 91 912
12 27 443 4429
12 28 748 7483
12 29 547 5469
12 30 510 5095
13 1 140 1396
13 2 405 4051
13 3 254 2539
13 4 274 2737
13 5 624 6240
13 6 413 4128
13 7 389 3893
13 8 842 8421
13 9 182 1816
13 10 820 8201
13 11 437 4374
13 12 639 6394
13 14 561 5607
13 15 175 1755
13 16 522 5218
13 17 136 1356
13 18 421 4212
13 19 767 7669
13 20 396 3961
13 21 522 5217
13 22 830 8296
13 23 760 7597
13 24 517 5175
13 25 248 2483
13 26 593 5933
13 27 484 4842
13 28 703 7026
13 29 234 2339
13 30 542 5424
14 1 676 6757
14 2 650 6504
14 3 632 6323
14 4 831 8314
14 5 225 2252
14 6 173 1731
14 7 209 2094
14 8 349 3487
14 9 727 7270
14 10 275 2753
14 11 421 4213
14 12 86 858
14 13 561 5607
14 15 735 7355
14 16 363 3629
14 17 692 6922
14 18 662 6621
14 19 849 8493
14 20 956 9562
14 21 755 7553
14 22 305 3053
14 23 602 6022
14 24 93 929
14 25 797 7966
14 26 111 1115
14 27 369 3687
14 28 683 6830
14 29 488 4875
14 30 440 4401
15 1 95 947
15 2 445 4445
15 3 282 2820
15 4 100 998
15 5 795 7947
15 6 583 5831
15 7 563 5634
15 8 1006 10058
15 9 66 663
15 10 991 9914
15 11 559 5590
15 12 815 8147
15 13 175 1755
15 14 735 7355
15 16 658 6579
15 17 71 707
15 18 458 4580
15 19 805 8051
15 20 221 2208
15 21 538 5376
15 22 998 9979
15 23 867 8666
15 24 689 6887
15 25 93 928
15 26 768 7683
15 27 618 6184
15 28 780 7796
15 29 366 3657
15 30 663 6632
16 1 569 5689
16 2 364 3638
16 3 431 4310
16 4 730 7302
16 5 580 5799
16 6 251 2513
16 7 429 4286
16 8 406 4063
16 9 618 6179
16 10 461 4608
16 11 113 1131
16 12 433 4326
16 13 522 5218
16 14 363 3629
16 15 658 6579
16 17 649 6488
16 18 369 3692
16 19 487 4871
16 20 856 8556
16 21 436 4365
16 22 433 4332
16 23 275 2754
16 24 271 2709
16 25 679 6787
16 26 472 4720
16 27 40 399
16 28 321 3214
16 29 604 6040
16 30 77 772
17 1 126 1256
17 2 475 4746
17 3 311 3111
17 4 164 1636
17 5 737 7369
17 6 548 5480
17 7 511 5107
17 8 978 9777
17 9 124 1241
17 10 955 9545
17 11 557 5570
17 12 769 7688
17 13 136 1356
17 14 692 6922
17 15 71 707
17 16 649 6488
17 18 489 4892
17 19 839 8392
17 20 272 2724
17 21 577 5770
17 22 965 9650
17 23 873 8733
17 24 652 6523
17 25 163 1635
17 26 717 7173
17 27 610 6102
17 28 799 7990
17 29 298 2978
17 30 662 6622
18 1 367 3671
18 2 17 166
18 3 178 1782
18 4 486 4865
18 5 836 8360
18 6 495 4948
18 7 613 6135
18 8 775 7752
18 9 395 3954
18 10 824 8240
18 11 262 2622
18 12 746 7456
18 13 421 4212
18 14 662 6621
18 15 458 4580
18 16 369 3692
18 17 489 4892
18 19 350 3502
18 20 591 5910
18 21 108 1082
18 22 801 8012
18 23 459 4593
18 24 575 5749
18 25 429 4289
18 26 752 7518
18 27 337 3370
18 28 335 3346
18 29 625 6248
18 30 323 3230
19 1 716 7161
19 2 365 3653
19 3 528 5282
19 4 822 8221
19 5 1061 10609
19 6 716 7157
19 7 876 8759
19 8 814 8144
19 9 741 7408
19 10 912 9115
19 11 444 4445
19 12 919 9195
19 13 767 7669
19 14 849 8493
19 15 805 8051
19 16 487 4871
19 17 839 8392
19 18 350 3502
19 20 912 9121
19 21 272 2716
19 22 867 8672
19 23 346 3462
19 24 757 7567
19 25 766 7656
19 26 957 9568
19 27 482 4818
19 28 184 1844
19 29 953 9531
19 30 410 4100
20 1 292 2919
20 2 582 5815
20 3 439 4390
20 4 128 1279
20 5 1009 10093
20 6 802 8023
20 7 782 7819
20 8 1220 12199
20 9 240 2402
20 10 1211 12105
20 11 750 7496
20 12 1035 10354
20 13 396 3961
20 14 956 9562
20 15 221 2208
20 16 856 8556
20 17 272 2724
20 18 591 5910
20 19 912 9121
20 21 642 6419
20 22 1215 12151
20 23 1036 10365
20 24 908 9081
20 25 177 1769
20 26 988 9878
20 27 816 8156
20 28 926 9256
20 29 561 5615
20 30 850 8497
21 1 452 4520
21 2 124 1245
21 3 270 2703
21 4 551 5506
21 5 937 9373
21 6 592 5922
21 7 719 7187
21 8 835 8354
21 9 472 4724
21 10 897 8972
21 11 341 3407
21 12 837 8371
21 13 522 5217
21 14 755 7553
21 15 538 5376
21 16 436 4365
21 17 577 5770
21 18 108 1082
21 19 272 2716
21 20 642 6419
21 22 869 8687
21 23 463 4632
21 24 666 6656
21 25 494 4943
21 26 849 8493
21 27 410 4100
21 28 311 3109
21 29 731 7312
21 30 377 3769
22 1 925 9245
22 2 795 7946
22 3 833 8334
22 4 1087 10874
22 5 460 4599
22 6 417 4171
22 7 514 5139
22 8 75 749
22 9 977 9768
22 10 63 634
22 11 540 5395
22 12 273 2730
22 13 830 8296
22 14 305 3053
22 15 998 9979
22 16 433 4332
22 17 965 9650
22 18 801 8012
22 19 867 8672
22 20 1215 12151
22 21 869 8687
22 23 541 5405
22 24 315 3145
22 25 1045 10448
22 26 364 3641
22 27 464 4642
22 28 683 6830
22 29 790 7897
22 30 494 4936
23 1 772 7722
23 2 464 4643
23 3 598 5980
23 4 920 9203
23 5 827 8272
23 6 523 5229
23 7 701 7015
23 8 480 4801
23 9 815 8145
23 10 592 5920
23 11 324 3243
23 12 654 6538
23 13 760 7597
23 14 602 6022
23 15 867 8666
23 16 275 2754
23 17 873 8733
23 18 459 4593
23 19 346 3462
23 20 1036 10365
23 21 463 4632
23 22 541 5405
23 24 518 5183
23 25 864 8640
23 26 714 7136
23 27 300 2995
23 28 171 1712
23 29 873 8732
23 30 223 2234
24 1 621 6209
24 2 564 5638
24 3 558 5581
24 4 781 7812
24 5 311 3112
24 6 106 1059
24 7 224 2236
24 8 339 3390
24 9 673 6730
24 10 303 3027
24 11 329 3294
24 12 171 1714
24 13 517 5175
24 14 93 929
24 15 689 6887
24 16 271 2709
24 17 652 6523
24 18 575 5749
24 19 757 7567
24 20 908 9081
24 21 666 6656
24 22 315 3145
24 23 518 5183
24 25 742 7421
24 26 201 2012
24 27 276 2758
24 28 592 5917
24 29 484 4843
24 30 348 3479
25 1 121 1213
25 2 418 4177
25 3 266 2661
25 4 58 576
25 5 872 8723
25 6 636 6363
25 7 636 6365
25 8 1047 10468
25 9 70 696
25 10 1043 10432
25 11 573 5728
25 12 878 8783
25 13 248 2483
25 14 797 7966
25 15 93 928
25 16 679 6787
25 17 163 1635
25 18 429 4289
25 19 766 7656
25 20 177 1769
25 21 494 4943
25 22 1045 10448
25 23 864 8640
25 24 742 7421
25 26 838 8383
25 27 639 6387
25 28 761 7609
25 29 456 4557
25 30 673 6733
26 1 720 7197
26 2 739 7390
26 3 703 7026
26 4 867 8671
26 5 115 1150
26 6 257 2572
26 7 207 2070
26 8 421 4214
26 9 769 7691
26 10 318 3182
26 11 522 5224
26 12 91 912
26 13 593 5933
26 14 111 1115
26 15 768 7683
26 16 472 4720
26 17 717 7173
26 18 752 7518
26 19 957 9568
26 20 988 9878
26 21 849 8493
26 22 364 3641
26 23 714 7136
26 24 201 2012
26 25 838 8383
26 27 475 4751
26 28 793 7929
26 29 475 4752
26 30 549 5489
27 1 529 5291
27 2 331 3306
27 3 392 3918
27 4 690 6904
27 5 580 5797
27 6 241 2406
27 7 414 4140
27 8 441 4409
27 9 578 5781
27 10 488 4884
27 11 76 763
27 12 443 4429
27 13 484 4842
27 14 369 3687
27 15 618 6184
27 16 40 399
27 17 610 6102
27 18 337 3370
27 19 482 4818
27 20 816 8156
27 21 410 4100
27 22 464 4642
27 23 300 2995
27 24 276 2758
27 25 639 6387
27 26 475 4751
27 28 325 3250
27 29 575 5746
27 30 82 822
28 1 685 6854
28 2 344 3441
28 3 499 4988
28 4 818 8184
28 5 901 9012
28 6 565 5654
28 7 736 7361
28 8 630 6301
28 9 721 7209
28 10 728 7281
28 11 308 3084
28 12 748 7483
28 13 703 7026
28 14 683 6830
28 15 780 7796
28 16 321 3214
28 17 799 7990
28 18 335 3346
28 19 184 1844
28 20 926 9256
28 21 311 3109
28 22 683 6830
28 23 171 1712
28 24 592 5917
28 25 761 7609
28 26 793 7929
28 27 325 3250
28 29 856 8563
28 30 245 2455
29 1 367 3674
29 2 608 6083
29 3 475 4755
29 4 461 4613
29 5 466 4656
29 6 401 4014
29 7 279 2789
29 8 822 8224
29 9 399 3990
29 10 763 7628
29 11 556 5559
29 12 547 5469
29 13 234 2339
29 14 488 4875
29 15 366 3657
29 16 604 6040
29 17 298 2978
29 18 625 6248
29 19 953 9531
29 20 561 5615
29 21 731 7312
29 22 790 7897
29 23 873 8732
29 24 484 4843
29 25 456 4557
29 26 475 4752
29 27 575 5746
29 28 856 8563
29 30 650 6502
30 1 571 5708
30 2 321 3206
30 3 414 4144
30 4 727 7274
30 5 656 6561
30 6 322 3218
30 7 496 4961
30 8 459 4585
30 9 617 6171
30 10 526 5263
30 11 105 1054
30 12 510 5095
30 13 542 5424
30 14 440 4401
30 15 663 6632
30 16 77 772
30 17 662 6622
30 18 323 3230
30 19 410 4100
30 20 850 8497
30 21 377 3769
30 22 494 4936
30 23 223 2234
30 24 348 3479
30 25 673 6733
30 26 549 5489
30 27 82 822
30 28 245 2455
30 29 650 6502
