10
732
3
10
3
7
5
6
8
10
4
9
2
1
1
8
1 2 395 3952
1 3 864 8637
1 4 745 7453
1 5 618 6182
1 6 518 5181
1 7 831 8311
1 8 859 8587
1 9 432 4322
1 10 1026 10264
2 1 395 3952
2 3 487 4869
2 4 376 3758
2 5 229 2294
2 6 129 1288
2 7 458 4580
2 8 578 5780
2 9 50 501
2 10 731 7311
3 1 864 8637
3 2 487 4869
3 4 120 1202
3 5 347 3469
3 6 403 4034
3 7 398 3983
3 8 321 3209
3 9 471 4708
3 10 375 3747
4 1 745 7453
4 2 376 3758
4 3 120 1202
4 5 276 2758
4 6 309 3086
4 7 398 3977
4 8 300 3002
4 9 366 3658
4 10 405 4050
5 1 618 6182
5 2 229 2294
5 3 347 3469
5 4 276 2758
5 6 101 1010
5 7 234 2342
5 8 562 5618
5 9 187 1865
5 10 680 6804
6 1 518 5181
6 2 129 1288
6 3 403 4034
6 4 309 3086
6 5 101 1010
6 7 330 3303
6 8 564 5638
6 9 86 860
6 10 700 7000
7 1 831 8311
7 2 458 4580
7 3 398 3983
7 4 398 3977
7 5 234 2342
7 6 330 3303
7 8 695 6955
7 9 411 4109
7 10 773 7727
8 1 859 8587
8 2 578 5780
8 3 321 3209
8 4 300 3002
8 5 562 5618
8 6 564 5638
8 7 695 6955
8 9 591 5906
8 10 168 1682
9 1 432 4322
9 2 50 501
9 3 471 4708
9 4 366 3658
9 5 187 1865
9 6 86 860
9 7 411 4109
9 8 591 5906
9 10 738 7380
10 1 1026 10264
10 2 731 7311
10 3 375 3747
10 4 405 4050
10 5 680 6804
10 6 700 7000
10 7 773 7727
10 8 168 1682
10 9 738 7380
