30
506
608
20
30
11
14
22
7
1
10
6
19
13
21
18
24
5
2
20
26
8
29
17
28
26
2
13
1
16
7
27
11
21
15
28
9
18
10
24
5
19
8
6
12
29
17
14
30
3
4
22
23
1 2 633 6329
1 3 232 2322
1 4 264 2644
1 5 292 2923
1 6 473 4732
1 7 716 7161
1 8 722 7217
1 9 187 1870
1 10 616 6164
1 11 181 1814
1 12 668 6683
1 13 490 4897
1 14 311 3113
1 15 757 7567
1 16 289 2891
1 17 393 3927
1 18 650 6500
1 19 351 3512
1 20 667 6674
1 21 598 5978
1 22 574 5738
1 23 386 3864
1 24 465 4654
1 25 364 3639
1 26 482 4819
1 27 152 1524
1 28 136 1357
1 29 151 1512
1 30 474 4738
2 1 633 6329
2 3 766 7658
2 4 765 7647
2 5 699 6988
2 6 276 2760
2 7 514 5137
2 8 294 2943
2 9 577 5774
2 10 177 1770
2 11 674 6743
2 12 466 4663
2 13 817 8172
2 14 876 8763
2 15 225 2249
2 16 344 3439
2 17 409 4089
2 18 141 1410
2 19 958 9576
2 20 35 347
2 21 458 4584
2 22 716 7157
2 23 256 2557
2 24 428 4279
2 25 272 2717
2 26 469 4693
2 27 705 7049
2 28 551 5505
2 29 784 7840
2 30 487 4870
3 1 232 2322
3 2 766 7658
3 4 43 432
3 5 133 1329
3 6 538 5376
3 7 683 6828
3 8 768 7684
3 9 189 1889
3 10 697 6969
3 11 398 3980
3 12 647 6472
3 13 702 7016
3 14 111 1110
3 15 929 9289
3 16 443 4433
3 17 612 6116
3 18 817 8168
3 19 211 2108
3 20 800 8002
3 21 575 5746
3 22 804 8039
3 23 552 5523
3 24 687 6874
3 25 523 5233
3 26 455 4547
3 27 352 3518
3 28 365 3647
3 29 206 2056
3 30 438 4385
4 1 264 2644
4 2 765 7647
4 3 43 432
4 5 99 988
4 6 527 5267
4 7 653 6535
4 8 751 7511
4 9 189 1887
4 10 686 6864
4 11 435 4355
4 12 620 6201
4 13 741 7409
4 14 125 1252
4 15 936 9355
4 16 452 4519
4 17 634 6338
4 18 823 8228
4 19 236 2357
4 20 799 7988
4 21 548 5481
4 22 838 8380
4 23 561 5610
4 24 710 7105
4 25 531 5311
4 26 430 4296
4 27 391 3910
4 28 393 3932
4 29 249 2486
4 30 412 4125
5 1 292 2923
5 2 699 6988
5 3 133 1329
5 4 99 988
5 6 447 4467
5 7 555 5550
5 8 661 6612
5 9 149 1487
5 10 606 6057
5 11 473 4732
5 12 522 5224
5 13 782 7818
5 14 222 2218
5 15 883 8829
5 16 410 4103
5 17 620 6201
5 18 770 7698
5 19 334 3342
5 20 732 7321
5 21 451 4508
5 22 858 8575
5 23 517 5169
5 24 698 6980
5 25 486 4857
5 26 334 3336
5 27 437 4370
5 28 403 4034
5 29 322 3216
5 30 316 3158
6 1 473 4732
6 2 276 2760
6 3 538 5376
6 4 527 5267
6 5 447 4467
6 7 319 3191
6 8 248 2484
6 9 353 3531
6 10 160 1597
6 11 583 5832
6 12 264 2637
6 13 818 8179
6 14 648 6477
6 15 493 4926
6 16 237 2365
6 17 454 4545
6 18 388 3879
6 19 744 7441
6 20 305 3049
6 21 222 2218
6 22 783 7828
6 23 249 2487
6 24 513 5132
6 25 230 2302
6 26 196 1963
6 27 592 5924
6 28 448 4485
6 29 612 6123
6 30 213 2127
7 1 716 7161
7 2 514 5137
7 3 683 6828
7 4 653 6535
7 5 555 5550
7 6 319 3191
7 8 253 2530
7 9 544 5444
7 10 337 3367
7 11 862 8621
7 12 55 555
7 13 1124 11241
7 14 776 7762
7 15 735 7353
7 16 545 5447
7 17 774 7735
7 18 652 6519
7 19 889 8891
7 20 527 5273
7 21 119 1185
7 22 1101 11011
7 23 568 5677
7 24 832 8317
7 25 549 5491
7 26 236 2365
7 27 858 8580
7 28 733 7329
7 29 827 8266
7 30 249 2485
8 1 722 7217
8 2 294 2943
8 3 768 7684
8 4 751 7511
8 5 661 6612
8 6 248 2484
8 7 253 2530
8 9 592 5920
8 10 139 1386
8 11 826 8256
8 12 223 2229
8 13 1037 10373
8 14 876 8755
8 15 501 5014
8 16 471 4705
8 17 644 6444
8 18 435 4349
8 19 978 9784
8 20 298 2980
8 21 256 2562
8 22 972 9717
8 23 443 4432
8 24 685 6853
8 25 438 4377
8 26 339 3392
8 27 838 8384
8 28 691 6907
8 29 859 8594
8 30 360 3595
9 1 187 1870
9 2 577 5774
9 3 189 1889
9 4 189 1887
9 5 149 1487
9 6 353 3531
9 7 544 5444
9 8 592 5920
9 10 511 5112
9 11 363 3626
9 12 501 5007
9 13 666 6658
9 14 300 2999
9 15 747 7473
9 16 266 2662
9 17 472 4719
9 18 634 6345
9 19 391 3912
9 20 612 6117
9 21 428 4282
9 22 722 7218
9 23 375 3747
9 24 550 5498
9 25 344 3442
9 26 308 3080
9 27 339 3392
9 28 269 2690
9 29 282 2823
9 30 297 2968
10 1 616 6164
10 2 177 1770
10 3 697 6969
10 4 686 6864
10 5 606 6057
10 6 160 1597
10 7 337 3367
10 8 139 1386
10 9 511 5112
10 11 703 7034
10 12 290 2899
10 13 902 9021
10 14 807 8073
10 15 400 3998
10 16 347 3469
10 17 506 5063
10 18 316 3160
10 19 902 9024
10 20 192 1923
10 21 288 2882
10 22 833 8331
10 23 307 3073
10 24 547 5468
10 25 305 3046
10 26 323 3227
10 27 721 7211
10 28 570 5696
10 29 761 7610
10 30 342 3425
11 1 181 1814
11 2 674 6743
11 3 398 3980
11 4 435 4355
11 5 473 4732
11 6 583 5832
11 7 862 8621
11 8 826 8256
11 9 363 3626
11 10 703 7034
11 12 811 8108
11 13 309 3086
11 14 452 4523
11 15 746 7458
11 16 357 3567
11 17 329 3294
11 18 652 6524
11 19 453 4531
11 20 706 7063
11 21 744 7441
11 22 412 4124
11 23 419 4193
11 24 384 3837
11 25 409 4088
11 26 636 6358
11 27 57 570
11 28 135 1350
11 29 231 2312
11 30 631 6311
12 1 668 6683
12 2 466 4663
12 3 647 6472
12 4 620 6201
12 5 522 5224
12 6 264 2637
12 7 55 555
12 8 223 2229
12 9 501 5007
12 10 290 2899
12 11 811 8108
12 13 1070 10699
12 14 744 7442
12 15 690 6896
12 16 490 4898
12 17 718 7180
12 18 603 6030
12 19 856 8557
12 20 482 4819
12 21 73 731
12 22 1046 10456
12 23 512 5123
12 24 776 7764
12 25 494 4936
12 26 194 1943
12 27 808 8082
12 28 681 6806
12 29 783 7830
12 30 209 2090
13 1 490 4897
13 2 817 8172
13 3 702 7016
13 4 741 7409
13 5 782 7818
13 6 818 8179
13 7 1124 11241
13 8 1037 10373
13 9 666 6658
13 10 902 9021
13 11 309 3086
13 12 1070 10699
13 14 741 7410
13 15 803 8031
13 16 582 5821
13 17 408 4084
13 18 743 7429
13 19 714 7145
13 20 842 8423
13 21 1010 10096
13 22 202 2022
13 23 595 5948
13 24 404 4042
13 25 600 6000
13 26 913 9129
13 27 350 3500
13 28 405 4053
13 29 513 5132
13 30 912 9117
14 1 311 3113
14 2 876 8763
14 3 111 1110
14 4 125 1252
14 5 222 2218
14 6 648 6477
14 7 776 7762
14 8 876 8755
14 9 300 2999
14 10 807 8073
14 11 452 4523
14 12 744 7442
14 13 741 7410
14 15 1036 10358
14 16 550 5501
14 17 702 7024
14 18 924 9243
14 19 115 1151
14 20 911 9108
14 21 672 6725
14 22 865 8646
14 23 659 6586
14 24 776 7762
14 25 630 6303
14 26 555 5546
14 27 399 3993
14 28 447 4470
14 29 228 2278
14 30 537 5372
15 1 757 7567
15 2 225 2249
15 3 929 9289
15 4 936 9355
15 5 883 8829
15 6 493 4926
15 7 735 7353
15 8 501 5014
15 9 747 7473
15 10 400 3998
15 11 746 7458
15 12 690 6896
15 13 803 8031
15 14 1036 10358
15 16 486 4858
15 17 425 4247
15 18 113 1131
15 19 1102 11024
15 20 208 2080
15 21 683 6833
15 22 655 6546
15 23 377 3773
15 24 402 4016
15 25 406 4057
15 26 689 6885
15 27 789 7890
15 28 646 6455
15 29 905 9048
15 30 705 7053
16 1 289 2891
16 2 344 3439
16 3 443 4433
16 4 452 4519
16 5 410 4103
16 6 237 2365
16 7 545 5447
16 8 471 4705
16 9 266 2662
16 10 347 3469
16 11 357 3567
16 12 490 4898
16 13 582 5821
16 14 550 5501
16 15 486 4858
16 17 249 2494
16 18 374 3742
16 19 621 6209
16 20 378 3784
16 21 434 4339
16 22 563 5627
16 23 109 1091
16 24 322 3221
16 25 80 802
16 26 354 3539
16 27 375 3755
16 28 223 2228
16 29 440 4402
16 30 359 3589
17 1 393 3927
17 2 409 4089
17 3 612 6116
17 4 634 6338
17 5 620 6201
17 6 454 4545
17 7 774 7735
17 8 644 6444
17 9 472 4719
17 10 506 5063
17 11 329 3294
17 12 718 7180
17 13 408 4084
17 14 702 7024
17 15 425 4247
17 16 249 2494
17 18 345 3446
17 19 741 7407
17 20 434 4342
17 21 670 6703
17 22 330 3301
17 23 207 2074
17 24 78 779
17 25 224 2245
17 26 601 6011
17 27 379 3787
17 28 259 2595
17 29 523 5228
17 30 607 6073
18 1 650 6500
18 2 141 1410
18 3 817 8168
18 4 823 8228
18 5 770 7698
18 6 388 3879
18 7 652 6519
18 8 435 4349
18 9 634 6345
18 10 316 3160
18 11 652 6524
18 12 603 6030
18 13 743 7429
18 14 924 9243
18 15 113 1131
18 16 374 3742
18 17 345 3446
18 19 993 9930
18 20 140 1401
18 21 589 5890
18 22 616 6157
18 23 267 2667
18 24 339 3394
18 25 294 2941
18 26 584 5841
18 27 692 6922
18 28 544 5444
18 29 799 7995
18 30 600 6000
19 1 351 3512
19 2 958 9576
19 3 211 2108
19 4 236 2357
19 5 334 3342
19 6 744 7441
19 7 889 8891
19 8 978 9784
19 9 391 3912
19 10 902 9024
19 11 453 4531
19 12 856 8557
19 13 714 7145
19 14 115 1151
19 15 1102 11024
19 16 621 6209
19 17 741 7407
19 18 993 9930
19 20 992 9923
19 21 783 7835
19 22 860 8598
19 23 726 7265
19 24 810 8101
19 25 700 7003
19 26 664 6643
19 27 396 3964
19 28 481 4812
19 29 224 2236
19 30 648 6476
20 1 667 6674
20 2 35 347
20 3 800 8002
20 4 799 7988
20 5 732 7321
20 6 305 3049
20 7 527 5273
20 8 298 2980
20 9 612 6117
20 10 192 1923
20 11 706 7063
20 12 482 4819
20 13 842 8423
20 14 911 9108
20 15 208 2080
20 16 378 3784
20 17 434 4342
20 18 140 1401
20 19 992 9923
20 21 479 4786
20 22 735 7348
20 23 289 2887
20 24 449 4487
20 25 306 3055
20 26 496 4959
20 27 738 7377
20 28 584 5836
20 29 819 8185
20 30 514 5141
21 1 598 5978
21 2 458 4584
21 3 575 5746
21 4 548 5481
21 5 451 4508
21 6 222 2218
21 7 119 1185
21 8 256 2562
21 9 428 4282
21 10 288 2882
21 11 744 7441
21 12 73 731
21 13 1010 10096
21 14 672 6725
21 15 683 6833
21 16 434 4339
21 17 670 6703
21 18 589 5890
21 19 783 7835
21 20 479 4786
21 22 995 9946
21 23 468 4681
21 24 733 7325
21 25 447 4465
21 26 121 1212
21 27 739 7395
21 28 616 6156
21 29 710 7105
21 30 136 1362
22 1 574 5738
22 2 716 7157
22 3 804 8039
22 4 838 8380
22 5 858 8575
22 6 783 7828
22 7 1101 11011
22 8 972 9717
22 9 722 7218
22 10 833 8331
22 11 412 4124
22 12 1046 10456
22 13 202 2022
22 14 865 8646
22 15 655 6546
22 16 563 5627
22 17 330 3301
22 18 616 6157
22 19 860 8598
22 20 735 7348
22 21 995 9946
22 23 537 5374
22 24 289 2888
22 25 553 5528
22 26 915 9154
22 27 467 4667
22 28 454 4545
22 29 642 6420
22 30 919 9187
23 1 386 3864
23 2 256 2557
23 3 552 5523
23 4 561 5610
23 5 517 5169
23 6 249 2487
23 7 568 5677
23 8 443 4432
23 9 375 3747
23 10 307 3073
23 11 419 4193
23 12 512 5123
23 13 595 5948
23 14 659 6586
23 15 377 3773
23 16 109 1091
23 17 207 2074
23 18 267 2667
23 19 726 7265
23 20 289 2887
23 21 468 4681
23 22 537 5374
23 24 265 2646
23 25 32 316
23 26 412 4119
23 27 449 4492
23 28 295 2949
23 29 537 5372
23 30 421 4214
24 1 465 4654
24 2 428 4279
24 3 687 6874
24 4 710 7105
24 5 698 6980
24 6 513 5132
24 7 832 8317
24 8 685 6853
24 9 550 5498
24 10 547 5468
24 11 384 3837
24 12 776 7764
24 13 404 4042
24 14 776 7762
24 15 402 4016
24 16 322 3221
24 17 78 779
24 18 339 3394
24 19 810 8101
24 20 449 4487
24 21 733 7325
24 22 289 2888
24 23 265 2646
24 25 287 2867
24 26 670 6698
24 27 437 4365
24 28 330 3304
24 29 590 5897
24 30 677 6770
25 1 364 3639
25 2 272 2717
25 3 523 5233
25 4 531 5311
25 5 486 4857
25 6 230 2302
25 7 549 5491
25 8 438 4377
25 9 344 3442
25 10 305 3046
25 11 409 4088
25 12 494 4936
25 13 600 6000
25 14 630 6303
25 15 406 4057
25 16 80 802
25 17 224 2245
25 18 294 2941
25 19 700 7003
25 20 306 3055
25 21 447 4465
25 22 553 5528
25 23 32 316
25 24 287 2867
25 26 385 3853
25 27 435 4352
25 28 280 2804
25 29 515 5151
25 30 394 3941
26 1 482 4819
26 2 469 4693
26 3 455 4547
26 4 430 4296
26 5 334 3336
26 6 196 1963
26 7 236 2365
26 8 339 3392
26 9 308 3080
26 10 323 3227
26 11 636 6358
26 12 194 1943
26 13 913 9129
26 14 555 5546
26 15 689 6885
26 16 354 3539
26 17 601 6011
26 18 584 5841
26 19 664 6643
26 20 496 4959
26 21 121 1212
26 22 915 9154
26 23 412 4119
26 24 670 6698
26 25 385 3853
26 27 627 6271
26 28 512 5119
26 29 590 5902
26 30 21 206
27 1 152 1524
27 2 705 7049
27 3 352 3518
27 4 391 3910
27 5 437 4370
27 6 592 5924
27 7 858 8580
27 8 838 8384
27 9 339 3392
27 10 721 7211
27 11 57 570
27 12 808 8082
27 13 350 3500
27 14 399 3993
27 15 789 7890
27 16 375 3755
27 17 379 3787
27 18 692 6922
27 19 396 3964
27 20 738 7377
27 21 739 7395
27 22 467 4667
27 23 449 4492
27 24 437 4365
27 25 435 4352
27 26 627 6271
27 28 155 1548
27 29 175 1755
27 30 621 6205
28 1 136 1357
28 2 551 5505
28 3 365 3647
28 4 393 3932
28 5 403 4034
28 6 448 4485
28 7 733 7329
28 8 691 6907
28 9 269 2690
28 10 570 5696
28 11 135 1350
28 12 681 6806
28 13 405 4053
28 14 447 4470
28 15 646 6455
28 16 223 2228
28 17 259 2595
28 18 544 5444
28 19 481 4812
28 20 584 5836
28 21 616 6156
28 22 454 4545
28 23 295 2949
28 24 330 3304
28 25 280 2804
28 26 512 5119
28 27 155 1548
28 29 265 2654
28 30 509 5091
29 1 151 1512
29 2 784 7840
29 3 206 2056
29 4 249 2486
29 5 322 3216
29 6 612 6123
29 7 827 8266
29 8 859 8594
29 9 282 2823
29 10 761 7610
29 11 231 2312
29 12 783 7830
29 13 513 5132
29 14 228 2278
29 15 905 9048
29 16 440 4402
29 17 523 5228
29 18 799 7995
29 19 224 2236
29 20 819 8185
29 21 710 7105
29 22 642 6420
29 23 537 5372
29 24 590 5897
29 25 515 5151
29 26 590 5902
29 27 175 1755
29 28 265 2654
29 30 578 5784
30 1 474 4738
30 2 487 4870
30 3 438 4385
30 4 412 4125
30 5 316 3158
30 6 213 2127
30 7 249 2485
30 8 360 3595
30 9 297 2968
30 10 342 3425
30 11 631 6311
30 12 209 2090
30 13 912 9117
30 14 537 5372
30 15 705 7053
30 16 359 3589
30 17 607 6073
30 18 600 6000
30 19 648 6476
30 20 514 5141
30 21 136 1362
30 22 919 9187
30 23 421 4214
30 24 677 6770
30 25 394 3941
30 26 21 206
30 27 621 6205
30 28 509 5091
30 29 578 5784
