40
293
340
30
30
21
40
6
22
36
12
26
11
25
37
35
4
31
32
2
19
23
27
5
24
15
18
28
20
39
7
29
8
14
37
16
11
30
39
29
18
2
3
6
22
33
4
34
8
13
20
38
15
26
12
40
1
37
24
32
9
35
27
7
5
36
25
21
19
23
28
17
1 2 445 4451
1 3 567 5671
1 4 191 1914
1 5 227 2267
1 6 359 3586
1 7 384 3841
1 8 431 4308
1 9 525 5252
1 10 304 3035
1 11 320 3195
1 12 197 1974
1 13 188 1882
1 14 727 7270
1 15 364 3636
1 16 693 6929
1 17 308 3083
1 18 572 5717
1 19 442 4417
1 20 419 4191
1 21 680 6803
1 22 321 3208
1 23 214 2137
1 24 719 7190
1 25 96 960
1 26 209 2088
1 27 620 6200
1 28 311 3106
1 29 682 6816
1 30 150 1502
1 31 542 5424
1 32 574 5739
1 33 350 3499
1 34 314 3137
1 35 370 3695
1 36 162 1616
1 37 215 2148
1 38 571 5708
1 39 309 3089
1 40 425 4245
2 1 445 4451
2 3 421 4211
2 4 266 2660
2 5 618 6182
2 6 168 1677
2 7 122 1219
2 8 456 4560
2 9 846 8459
2 10 528 5278
2 11 159 1589
2 12 614 6137
2 13 372 3716
2 14 981 9810
2 15 169 1686
2 16 420 4200
2 17 144 1436
2 18 138 1384
2 19 93 934
2 20 113 1128
2 21 829 8294
2 22 724 7243
2 23 395 3947
2 24 553 5530
2 25 454 4544
2 26 479 4793
2 27 212 2116
2 28 754 7539
2 29 719 7192
2 30 580 5803
2 31 158 1578
2 32 216 2156
2 33 772 7716
2 34 370 3696
2 35 626 6256
2 36 503 5033
2 37 542 5423
2 38 246 2456
2 39 374 3736
2 40 494 4936
3 1 567 5671
3 2 421 4211
3 4 416 4164
3 5 588 5876
3 6 546 5457
3 7 514 5141
3 8 190 1902
3 9 657 6567
3 10 389 3885
3 11 343 3434
3 12 762 7623
3 13 382 3817
3 14 700 6997
3 15 550 5497
3 16 180 1796
3 17 389 3887
3 18 514 5140
3 19 328 3277
3 20 312 3117
3 21 491 4912
3 22 886 8855
3 23 365 3651
3 24 155 1554
3 25 500 5001
3 26 727 7270
3 27 598 5982
3 28 831 8315
3 29 330 3301
3 30 712 7118
3 31 314 3138
3 32 630 6297
3 33 738 7377
3 34 260 2598
3 35 451 4514
3 36 491 4908
3 37 488 4878
3 38 664 6644
3 39 266 2658
3 40 234 2342
4 1 191 1914
4 2 266 2660
4 3 416 4164
4 5 354 3539
4 6 234 2339
4 7 239 2393
4 8 331 3314
4 9 605 6049
4 10 304 3042
4 11 128 1282
4 12 382 3818
4 13 128 1285
4 14 770 7698
4 15 240 2396
4 16 517 5171
4 17 123 1229
4 18 401 4008
4 19 251 2510
4 20 228 2278
4 21 664 6636
4 22 503 5027
4 23 162 1621
4 24 572 5718
4 25 189 1885
4 26 311 3112
4 27 461 4614
4 28 501 5009
4 29 610 6104
4 30 339 3390
4 31 351 3511
4 32 432 4323
4 33 506 5057
4 34 205 2055
4 35 399 3987
4 36 242 2416
4 37 286 2862
4 38 441 4412
4 39 205 2046
4 40 346 3465
5 1 227 2267
5 2 618 6182
5 3 588 5876
5 4 354 3539
5 6 569 5685
5 7 586 5856
5 8 406 4062
5 9 304 3045
5 10 209 2093
5 11 467 4665
5 12 291 2909
5 13 257 2568
5 14 519 5192
5 15 574 5740
5 16 750 7495
5 17 475 4747
5 18 754 7544
5 19 586 5861
5 20 558 5584
5 21 522 5224
5 22 384 3845
5 23 249 2486
5 24 719 7187
5 25 168 1676
5 26 413 4126
5 27 815 8146
5 28 267 2671
5 29 582 5819
5 30 246 2463
5 31 675 6750
5 32 780 7796
5 33 160 1598
5 34 340 3398
5 35 211 2111
5 36 117 1171
5 37 100 999
5 38 782 7824
5 39 333 3330
5 40 376 3757
6 1 359 3586
6 2 168 1677
6 3 546 5457
6 4 234 2339
6 5 569 5685
6 7 47 467
6 8 528 5280
6 9 837 8369
6 10 537 5374
6 11 210 2102
6 12 492 4922
6 13 362 3623
6 14 1003 10032
6 15 6 57
6 16 577 5769
6 17 165 1654
6 18 241 2412
6 19 240 2395
6 20 243 2429
6 21 885 8855
6 22 591 5909
6 23 395 3949
6 24 691 6909
6 25 402 4018
6 26 332 3321
6 27 269 2690
6 28 648 6481
6 29 807 8070
6 30 469 4686
6 31 324 3241
6 32 215 2154
6 33 707 7070
6 34 414 4143
6 35 633 6326
6 36 466 4655
6 37 515 5146
6 38 214 2139
6 39 416 4158
6 40 555 5549
7 1 384 3841
7 2 122 1219
7 3 514 5141
7 4 239 2393
7 5 586 5856
7 6 47 467
7 8 511 5107
7 9 844 8440
7 10 537 5375
7 11 190 1897
7 12 529 5288
7 13 365 3651
7 14 1002 10022
7 15 47 469
7 16 536 5358
7 17 148 1485
7 18 199 1995
7 19 199 1991
7 20 206 2058
7 21 875 8747
7 22 631 6310
7 23 396 3957
7 24 656 6560
7 25 418 4179
7 26 375 3749
7 27 236 2363
7 28 681 6811
7 29 787 7870
7 30 502 5024
7 31 279 2793
7 32 194 1942
7 33 729 7289
7 34 403 4030
7 35 634 6342
7 36 478 4782
7 37 525 5249
7 38 202 2021
7 39 405 4052
7 40 541 5408
8 1 431 4308
8 2 456 4560
8 3 190 1902
8 4 331 3314
8 5 406 4062
8 6 528 5280
8 7 511 5107
8 9 473 4735
8 10 201 2009
8 11 321 3211
8 12 615 6151
8 13 245 2455
8 14 548 5480
8 15 533 5331
8 16 367 3667
8 17 363 3635
8 18 580 5801
8 19 373 3732
8 20 347 3466
8 21 374 3741
8 22 735 7353
8 23 217 2171
8 24 313 3125
8 25 348 3477
8 26 619 6193
8 27 662 6621
8 28 661 6613
8 29 281 2809
8 30 563 5629
8 31 410 4102
8 32 671 6706
8 33 551 5512
8 34 127 1270
8 35 262 2619
8 36 322 3215
8 37 308 3083
8 38 696 6961
8 39 129 1293
8 40 48 482
9 1 525 5252
9 2 846 8459
9 3 657 6567
9 4 605 6049
9 5 304 3045
9 6 837 8369
9 7 844 8440
9 8 473 4735
9 10 320 3199
9 11 687 6870
9 12 581 5811
9 13 480 4800
9 14 227 2274
9 15 843 8426
9 16 836 8362
9 17 710 7103
9 18 984 9838
9 19 789 7887
9 20 759 7592
9 21 333 3330
9 22 650 6499
9 23 452 4525
9 24 738 7383
9 25 446 4464
9 26 717 7171
9 27 1055 10553
9 28 495 4953
9 29 484 4836
9 30 543 5431
9 31 856 8559
9 32 1035 10355
9 33 287 2875
9 34 490 4903
9 35 225 2246
9 36 377 3767
9 37 324 3242
9 38 1046 10461
9 39 485 4846
9 40 426 4259
10 1 304 3035
10 2 528 5278
10 3 389 3885
10 4 304 3042
10 5 209 2093
10 6 537 5374
10 7 537 5375
10 8 201 2009
10 9 320 3199
10 11 370 3695
10 12 456 4560
10 13 176 1759
10 14 466 4658
10 15 543 5431
10 16 560 5596
10 17 397 3966
10 18 665 6652
10 19 469 4688
10 20 439 4394
10 21 379 3789
10 22 568 5681
10 23 142 1424
10 24 512 5117
10 25 208 2076
10 26 512 5116
10 27 739 7385
10 28 473 4727
10 29 389 3888
10 30 404 4043
10 31 539 5386
10 32 724 7243
10 33 350 3503
10 34 173 1729
10 35 98 979
10 36 152 1519
10 37 118 1182
10 38 739 7389
10 39 167 1667
10 40 167 1668
11 1 320 3195
11 2 159 1589
11 3 343 3434
11 4 128 1282
11 5 467 4665
11 6 210 2102
11 7 190 1897
11 8 321 3211
11 9 687 6870
11 10 370 3695
11 12 507 5075
11 13 214 2144
11 14 827 8267
11 15 215 2150
11 16 410 4100
11 17 46 458
11 18 297 2971
11 19 123 1234
11 20 100 996
11 21 687 6874
11 22 627 6267
11 23 236 2361
11 24 495 4946
11 25 308 3083
11 26 414 4141
11 27 369 3690
11 28 629 6291
11 29 598 5979
11 30 466 4663
11 31 223 2229
11 32 360 3595
11 33 623 6231
11 34 218 2178
11 35 467 4674
11 36 350 3500
11 37 386 3859
11 38 380 3799
11 39 221 2210
11 40 352 3521
12 1 197 1974
12 2 614 6137
12 3 762 7623
12 4 382 3818
12 5 291 2909
12 6 492 4922
12 7 529 5288
12 8 615 6151
12 9 581 5811
12 10 456 4560
12 11 507 5075
12 13 381 3809
12 14 804 8042
12 15 496 4960
12 16 890 8902
12 17 488 4885
12 18 727 7271
12 19 626 6258
12 20 606 6059
12 21 810 8095
12 22 124 1235
12 23 401 4014
12 24 913 9125
12 25 267 2674
12 26 192 1919
12 27 761 7610
12 28 169 1686
12 29 845 8447
12 30 52 524
12 31 728 7283
12 32 701 7009
12 33 323 3226
12 34 505 5053
12 35 493 4928
12 36 305 3047
12 37 342 3424
12 38 687 6870
12 39 500 5000
12 40 601 6014
13 1 188 1882
13 2 372 3716
13 3 382 3817
13 4 128 1285
13 5 257 2568
13 6 362 3623
13 7 365 3651
13 8 245 2455
13 9 480 4800
13 10 176 1759
13 11 214 2144
13 12 381 3809
13 14 641 6414
13 15 368 3679
13 16 520 5196
13 17 232 2316
13 18 510 5098
13 19 331 3305
13 20 302 3023
13 21 543 5428
13 22 504 5039
13 23 36 359
13 24 532 5318
13 25 121 1214
13 26 375 3749
13 27 577 5774
13 28 460 4598
13 29 510 5102
13 30 330 3302
13 31 418 4182
13 32 556 5556
13 33 416 4160
13 34 126 1255
13 35 270 2703
13 36 140 1399
13 37 172 1715
13 38 567 5672
13 39 121 1208
13 40 246 2460
14 1 727 7270
14 2 981 9810
14 3 700 6997
14 4 770 7698
14 5 519 5192
14 6 1003 10032
14 7 1002 10022
14 8 548 5480
14 9 227 2274
14 10 466 4658
14 11 827 8267
14 12 804 8042
14 13 641 6414
14 15 1009 10089
14 16 873 8727
14 17 858 8584
14 18 1114 11144
14 19 909 9094
14 20 881 8808
14 21 235 2345
14 22 877 8769
14 23 608 6082
14 24 735 7352
14 25 639 6389
14 26 928 9282
14 27 1192 11925
14 28 722 7225
14 29 429 4285
14 30 764 7637
14 31 957 9574
14 32 1186 11857
14 33 514 5142
14 34 611 6115
14 35 372 3721
14 36 568 5683
14 37 514 5140
14 38 1203 12027
14 39 607 6074
14 40 502 5018
15 1 364 3636
15 2 169 1686
15 3 550 5497
15 4 240 2396
15 5 574 5740
15 6 6 57
15 7 47 469
15 8 533 5331
15 9 843 8426
15 10 543 5431
15 11 215 2150
15 12 496 4960
15 13 368 3679
15 14 1009 10089
15 16 579 5794
15 17 170 1704
15 18 239 2388
15 19 242 2420
15 20 246 2460
15 21 891 8909
15 22 594 5941
15 23 401 4006
15 24 694 6945
15 25 407 4073
15 26 335 3347
15 27 265 2651
15 28 652 6523
15 29 812 8121
15 30 473 4728
15 31 325 3255
15 32 211 2106
15 33 712 7121
15 34 420 4197
15 35 638 6382
15 36 471 4711
15 37 520 5202
15 38 209 2086
15 39 421 4212
15 40 560 5602
16 1 693 6929
16 2 420 4200
16 3 180 1796
16 4 517 5171
16 5 750 7495
16 6 577 5769
16 7 536 5358
16 8 367 3667
16 9 836 8362
16 10 560 5596
16 11 410 4100
16 12 890 8902
16 13 520 5196
16 14 873 8727
16 15 579 5794
16 17 448 4483
16 18 466 4663
16 19 337 3373
16 20 337 3367
16 21 655 6553
16 22 1013 10135
16 23 511 5115
16 24 182 1823
16 25 641 6410
16 26 823 8225
16 27 544 5442
16 28 979 9792
16 29 477 4766
16 30 843 8425
16 31 270 2697
16 32 597 5969
16 33 904 9043
16 34 411 4108
16 35 629 6286
16 36 645 6445
16 37 650 6498
16 38 638 6380
16 39 417 4175
16 40 412 4124
17 1 308 3083
17 2 144 1436
17 3 389 3887
17 4 123 1229
17 5 475 4747
17 6 165 1654
17 7 148 1485
17 8 363 3635
17 9 710 7103
17 10 397 3966
17 11 46 458
17 12 488 4885
17 13 232 2316
17 14 858 8584
17 15 170 1704
17 16 448 4483
17 18 280 2802
17 19 138 1378
17 20 121 1214
17 21 726 7262
17 22 605 6050
17 23 258 2579
17 24 539 5391
17 25 311 3110
17 26 381 3813
17 27 346 3459
17 28 619 6188
17 29 642 6418
17 30 450 4503
17 31 241 2407
17 32 328 3278
17 33 628 6281
17 34 255 2547
17 35 494 4943
17 36 360 3601
17 37 401 4006
17 38 345 3446
17 39 257 2571
17 40 392 3924
18 1 572 5717
18 2 138 1384
18 3 514 5140
18 4 401 4008
18 5 754 7544
18 6 241 2412
18 7 199 1995
18 8 580 5801
18 9 984 9838
18 10 665 6652
18 11 297 2971
18 12 727 7271
18 13 510 5098
18 14 1114 11144
18 15 239 2388
18 16 466 4663
18 17 280 2802
18 19 207 2070
18 20 235 2345
18 21 954 9540
18 22 830 8305
18 23 533 5331
18 24 626 6256
18 25 589 5891
18 26 573 5733
18 27 84 844
18 28 876 8758
18 29 830 8304
18 30 699 6985
18 31 204 2040
18 32 133 1331
18 33 906 9060
18 34 504 5036
18 35 763 7628
18 36 640 6403
18 37 680 6803
18 38 177 1767
18 39 508 5081
18 40 621 6208
19 1 442 4417
19 2 93 934
19 3 328 3277
19 4 251 2510
19 5 586 5861
19 6 240 2395
19 7 199 1991
19 8 373 3732
19 9 789 7887
19 10 469 4688
19 11 123 1234
19 12 626 6258
19 13 331 3305
19 14 909 9094
19 15 242 2420
19 16 337 3373
19 17 138 1378
19 18 207 2070
19 20 29 294
19 21 747 7473
19 22 743 7428
19 23 347 3468
19 24 461 4612
19 25 431 4309
19 26 515 5153
19 27 289 2891
19 28 752 7518
19 29 629 6294
19 30 586 5865
19 31 103 1029
19 32 306 3058
19 33 744 7441
19 34 301 3012
19 35 565 5651
19 36 469 4691
19 37 501 5012
19 38 338 3380
19 39 306 3062
19 40 414 4138
20 1 419 4191
20 2 113 1128
20 3 312 3117
20 4 228 2278
20 5 558 5584
20 6 243 2429
20 7 206 2058
20 8 347 3466
20 9 759 7592
20 10 439 4394
20 11 100 996
20 12 606 6059
20 13 302 3023
20 14 881 8808
20 15 246 2460
20 16 337 3367
20 17 121 1214
20 18 235 2345
20 19 29 294
20 21 721 7207
20 22 724 7242
20 23 318 3179
20 24 450 4504
20 25 405 4047
20 26 502 5024
20 27 316 3157
20 28 729 7286
20 29 606 6065
20 30 565 5654
20 31 123 1233
20 32 328 3281
20 33 717 7167
20 34 272 2719
20 35 536 5357
20 36 441 4413
20 37 473 4726
20 38 358 3583
20 39 277 2769
20 40 386 3864
21 1 680 6803
21 2 829 8294
21 3 491 4912
21 4 664 6636
21 5 522 5224
21 6 885 8855
21 7 875 8747
21 8 374 3741
21 9 333 3330
21 10 379 3789
21 11 687 6874
21 12 810 8095
21 13 543 5428
21 14 235 2345
21 15 891 8909
21 16 655 6553
21 17 726 7262
21 18 954 9540
21 19 747 7473
21 20 721 7207
21 22 907 9067
21 23 507 5069
21 24 506 5062
21 25 585 5845
21 26 889 8892
21 27 1036 10362
21 28 775 7751
21 29 195 1946
21 30 761 7610
21 31 777 7771
21 32 1043 10430
21 33 585 5854
21 34 472 4718
21 35 317 3175
21 36 521 5213
21 37 473 4730
21 38 1067 10666
21 39 470 4699
21 40 336 3363
22 1 321 3208
22 2 724 7243
22 3 886 8855
22 4 503 5027
22 5 384 3845
22 6 591 5909
22 7 631 6310
22 8 735 7353
22 9 650 6499
22 10 568 5681
22 11 627 6267
22 12 124 1235
22 13 504 5039
22 14 877 8769
22 15 594 5941
22 16 1013 10135
22 17 605 6050
22 18 830 8305
22 19 743 7428
22 20 724 7242
22 21 907 9067
22 23 523 5234
22 24 1035 10352
22 25 389 3886
22 26 265 2647
22 27 857 8572
22 28 166 1655
22 29 956 9560
22 30 174 1738
22 31 846 8456
22 32 791 7913
22 33 369 3690
22 34 628 6279
22 35 594 5941
22 36 419 4195
22 37 451 4515
22 38 773 7725
22 39 622 6225
22 40 719 7194
23 1 214 2137
23 2 395 3947
23 3 365 3651
23 4 162 1621
23 5 249 2486
23 6 395 3949
23 7 396 3957
23 8 217 2171
23 9 452 4525
23 10 142 1424
23 11 236 2361
23 12 401 4014
23 13 36 359
23 14 608 6082
23 15 401 4006
23 16 511 5115
23 17 258 2579
23 18 533 5331
23 19 347 3468
23 20 318 3179
23 21 507 5069
23 22 523 5234
23 24 512 5121
23 25 135 1354
23 26 407 4070
23 27 603 6030
23 28 469 4687
23 29 477 4766
23 30 350 3498
23 31 430 4295
23 32 584 5844
23 33 408 4083
23 34 105 1054
23 35 238 2385
23 36 135 1351
23 37 156 1558
23 38 597 5975
23 39 100 995
23 40 214 2137
24 1 719 7190
24 2 553 5530
24 3 155 1554
24 4 572 5718
24 5 719 7187
24 6 691 6909
24 7 656 6560
24 8 313 3125
24 9 738 7383
24 10 512 5117
24 11 495 4946
24 12 913 9125
24 13 532 5318
24 14 735 7352
24 15 694 6945
24 16 182 1823
24 17 539 5391
24 18 626 6256
24 19 461 4612
24 20 450 4504
24 21 506 5062
24 22 1035 10352
24 23 512 5121
24 25 647 6474
24 26 882 8824
24 27 707 7074
24 28 972 9721
24 29 316 3157
24 30 861 8614
24 31 422 4218
24 32 751 7506
24 33 861 8609
24 34 407 4073
24 35 557 5565
24 36 631 6309
24 37 621 6207
24 38 789 7888
24 39 413 4128
24 40 346 3458
25 1 96 960
25 2 454 4544
25 3 500 5001
25 4 189 1885
25 5 168 1676
25 6 402 4018
25 7 418 4179
25 8 348 3477
25 9 446 4464
25 10 208 2076
25 11 308 3083
25 12 267 2674
25 13 121 1214
25 14 639 6389
25 15 407 4073
25 16 641 6410
25 17 311 3110
25 18 589 5891
25 19 431 4309
25 20 405 4047
25 21 585 5845
25 22 389 3886
25 23 135 1354
25 24 647 6474
25 26 305 3047
25 27 647 6475
25 28 339 3388
25 29 589 5886
25 30 215 2154
25 31 526 5256
25 32 612 6121
25 33 317 3172
25 34 241 2406
25 35 276 2757
25 36 71 708
25 37 125 1251
25 38 615 6155
25 39 235 2349
25 40 336 3361
26 1 209 2088
26 2 479 4793
26 3 727 7270
26 4 311 3112
26 5 413 4126
26 6 332 3321
26 7 375 3749
26 8 619 6193
26 9 717 7171
26 10 512 5116
26 11 414 4141
26 12 192 1919
26 13 375 3749
26 14 928 9282
26 15 335 3347
26 16 823 8225
26 17 381 3813
26 18 573 5733
26 19 515 5153
26 20 502 5024
26 21 889 8892
26 22 265 2647
26 23 407 4070
26 24 882 8824
26 25 305 3047
26 27 595 5945
26 28 360 3605
26 29 883 8830
26 30 196 1963
26 31 617 6167
26 32 527 5270
26 33 493 4930
26 34 494 4943
26 35 578 5776
26 36 370 3696
26 37 422 4215
26 38 508 5079
26 39 491 4910
26 40 621 6205
27 1 620 6200
27 2 212 2116
27 3 598 5982
27 4 461 4614
27 5 815 8146
27 6 269 2690
27 7 236 2363
27 8 662 6621
27 9 1055 10553
27 10 739 7385
27 11 369 3690
27 12 761 7610
27 13 577 5774
27 14 1192 11925
27 15 265 2651
27 16 544 5442
27 17 346 3459
27 18 84 844
27 19 289 2891
27 20 316 3157
27 21 1036 10362
27 22 857 8572
27 23 603 6030
27 24 707 7074
27 25 647 6475
27 26 595 5945
27 28 916 9164
27 29 915 9146
27 30 737 7372
27 31 287 2869
27 32 83 834
27 33 962 9621
27 34 581 5810
27 35 836 8364
27 36 703 7030
27 37 746 7457
27 38 125 1255
27 39 585 5852
27 40 702 7019
28 1 311 3106
28 2 754 7539
28 3 831 8315
28 4 501 5009
28 5 267 2671
28 6 648 6481
28 7 681 6811
28 8 661 6613
28 9 495 4953
28 10 473 4727
28 11 629 6291
28 12 169 1686
28 13 460 4598
28 14 722 7225
28 15 652 6523
28 16 979 9792
28 17 619 6188
28 18 876 8758
28 19 752 7518
28 20 729 7286
28 21 775 7751
28 22 166 1655
28 23 469 4687
28 24 972 9721
28 25 339 3388
28 26 360 3605
28 27 916 9164
28 29 849 8485
28 30 180 1797
28 31 852 8518
28 32 861 8607
28 33 209 2089
28 34 573 5728
28 35 475 4754
28 36 341 3414
28 37 356 3557
28 38 850 8496
28 39 566 5664
28 40 636 6362
29 1 682 6816
29 2 719 7192
29 3 330 3301
29 4 610 6104
29 5 582 5819
29 6 807 8070
29 7 787 7870
29 8 281 2809
29 9 484 4836
29 10 389 3888
29 11 598 5979
29 12 845 8447
29 13 510 5102
29 14 429 4285
29 15 812 8121
29 16 477 4766
29 17 642 6418
29 18 830 8304
29 19 629 6294
29 20 606 6065
29 21 195 1946
29 22 956 9560
29 23 477 4766
29 24 316 3157
29 25 589 5886
29 26 883 8830
29 27 915 9146
29 28 849 8485
29 30 793 7929
29 31 638 6380
29 32 935 9345
29 33 686 6855
29 34 405 4049
29 35 375 3745
29 36 540 5402
29 37 505 5046
29 38 964 9640
29 39 406 4059
29 40 265 2654
30 1 150 1502
30 2 580 5803
30 3 712 7118
30 4 339 3390
30 5 246 2463
30 6 469 4686
30 7 502 5024
30 8 563 5629
30 9 543 5431
30 10 404 4043
30 11 466 4663
30 12 52 524
30 13 330 3302
30 14 764 7637
30 15 473 4728
30 16 843 8425
30 17 450 4503
30 18 699 6985
30 19 586 5865
30 20 565 5654
30 21 761 7610
30 22 174 1738
30 23 350 3498
30 24 861 8614
30 25 215 2154
30 26 196 1963
30 27 737 7372
30 28 180 1797
30 29 793 7929
30 31 688 6884
30 32 681 6810
30 33 299 2986
30 34 454 4541
30 35 444 4437
30 36 253 2527
30 37 292 2917
30 38 670 6702
30 39 449 4487
30 40 549 5491
31 1 542 5424
31 2 158 1578
31 3 314 3138
31 4 351 3511
31 5 675 6750
31 6 324 3241
31 7 279 2793
31 8 410 4102
31 9 856 8559
31 10 539 5386
31 11 223 2229
31 12 728 7283
31 13 418 4182
31 14 957 9574
31 15 325 3255
31 16 270 2697
31 17 241 2407
31 18 204 2040
31 19 103 1029
31 20 123 1233
31 21 777 7771
31 22 846 8456
31 23 430 4295
31 24 422 4218
31 25 526 5256
31 26 617 6167
31 27 287 2869
31 28 852 8518
31 29 638 6380
31 30 688 6884
31 32 330 3299
31 33 834 8342
31 34 366 3660
31 35 631 6313
31 36 558 5581
31 37 585 5854
31 38 370 3697
31 39 372 3720
31 40 456 4556
32 1 574 5739
32 2 216 2156
32 3 630 6297
32 4 432 4323
32 5 780 7796
32 6 215 2154
32 7 194 1942
32 8 671 6706
32 9 1035 10355
32 10 724 7243
32 11 360 3595
32 12 701 7009
32 13 556 5556
32 14 1186 11857
32 15 211 2106
32 16 597 5969
32 17 328 3278
32 18 133 1331
32 19 306 3058
32 20 328 3281
32 21 1043 10430
32 22 791 7913
32 23 584 5844
32 24 751 7506
32 25 612 6121
32 26 527 5270
32 27 83 834
32 28 861 8607
32 29 935 9345
32 30 681 6810
32 31 330 3299
32 33 921 9214
32 34 577 5771
32 35 822 8219
32 36 672 6723
32 37 718 7184
32 38 45 446
32 39 580 5804
32 40 707 7068
33 1 350 3499
33 2 772 7716
33 3 738 7377
33 4 506 5057
33 5 160 1598
33 6 707 7070
33 7 729 7289
33 8 551 5512
33 9 287 2875
33 10 350 3503
33 11 623 6231
33 12 323 3226
33 13 416 4160
33 14 514 5142
33 15 712 7121
33 16 904 9043
33 17 628 6281
33 18 906 9060
33 19 744 7441
33 20 717 7167
33 21 585 5854
33 22 369 3690
33 23 408 4083
33 24 861 8609
33 25 317 3172
33 26 493 4930
33 27 962 9621
33 28 209 2089
33 29 686 6855
33 30 299 2986
33 31 834 8342
33 32 921 9214
33 34 497 4970
33 35 316 3158
33 36 276 2761
33 37 256 2563
33 38 920 9201
33 39 490 4902
33 40 515 5151
34 1 314 3137
34 2 370 3696
34 3 260 2598
34 4 205 2055
34 5 340 3398
34 6 414 4143
34 7 403 4030
34 8 127 1270
34 9 490 4903
34 10 173 1729
34 11 218 2178
34 12 505 5053
34 13 126 1255
34 14 611 6115
34 15 420 4197
34 16 411 4108
34 17 255 2547
34 18 504 5036
34 19 301 3012
34 20 272 2719
34 21 472 4718
34 22 628 6279
34 23 105 1054
34 24 407 4073
34 25 241 2406
34 26 494 4943
34 27 581 5810
34 28 573 5728
34 29 405 4049
34 30 454 4541
34 31 366 3660
34 32 577 5771
34 33 497 4970
34 35 266 2658
34 36 234 2342
34 37 241 2408
34 38 598 5976
34 39 7 69
34 40 142 1424
35 1 370 3695
35 2 626 6256
35 3 451 4514
35 4 399 3987
35 5 211 2111
35 6 633 6326
35 7 634 6342
35 8 262 2619
35 9 225 2246
35 10 98 979
35 11 467 4674
35 12 493 4928
35 13 270 2703
35 14 372 3721
35 15 638 6382
35 16 629 6286
35 17 494 4943
35 18 763 7628
35 19 565 5651
35 20 536 5357
35 21 317 3175
35 22 594 5941
35 23 238 2385
35 24 557 5565
35 25 276 2757
35 26 578 5776
35 27 836 8364
35 28 475 4754
35 29 375 3745
35 30 444 4437
35 31 631 6313
35 32 822 8219
35 33 316 3158
35 34 266 2658
35 36 208 2080
35 37 157 1568
35 38 836 8359
35 39 260 2601
35 40 217 2175
36 1 162 1616
36 2 503 5033
36 3 491 4908
36 4 242 2416
36 5 117 1171
36 6 466 4655
36 7 478 4782
36 8 322 3215
36 9 377 3767
36 10 152 1519
36 11 350 3500
36 12 305 3047
36 13 140 1399
36 14 568 5683
36 15 471 4711
36 16 645 6445
36 17 360 3601
36 18 640 6403
36 19 469 4691
36 20 441 4413
36 21 521 5213
36 22 419 4195
36 23 135 1351
36 24 631 6309
36 25 71 708
36 26 370 3696
36 27 703 7030
36 28 341 3414
36 29 540 5402
36 30 253 2527
36 31 558 5581
36 32 672 6723
36 33 276 2761
36 34 234 2342
36 35 208 2080
36 37 54 543
36 38 678 6781
36 39 228 2275
36 40 301 3010
37 1 215 2148
37 2 542 5423
37 3 488 4878
37 4 286 2862
37 5 100 999
37 6 515 5146
37 7 525 5249
37 8 308 3083
37 9 324 3242
37 10 118 1182
37 11 386 3859
37 12 342 3424
37 13 172 1715
37 14 514 5140
37 15 520 5202
37 16 650 6498
37 17 401 4006
37 18 680 6803
37 19 501 5012
37 20 473 4726
37 21 473 4730
37 22 451 4515
37 23 156 1558
37 24 621 6207
37 25 125 1251
37 26 422 4215
37 27 746 7457
37 28 356 3557
37 29 505 5046
37 30 292 2917
37 31 585 5854
37 32 718 7184
37 33 256 2563
37 34 241 2408
37 35 157 1568
37 36 54 543
37 38 726 7260
37 39 234 2340
37 40 281 2807
38 1 571 5708
38 2 246 2456
38 3 664 6644
38 4 441 4412
38 5 782 7824
38 6 214 2139
38 7 202 2021
38 8 696 6961
38 9 1046 10461
38 10 739 7389
38 11 380 3799
38 12 687 6870
38 13 567 5672
38 14 1203 12027
38 15 209 2086
38 16 638 6380
38 17 345 3446
38 18 177 1767
38 19 338 3380
38 20 358 3583
38 21 1067 10666
38 22 773 7725
38 23 597 5975
38 24 789 7888
38 25 615 6155
38 26 508 5079
38 27 125 1255
38 28 850 8496
38 29 964 9640
38 30 670 6702
38 31 370 3697
38 32 45 446
38 33 920 9201
38 34 598 5976
38 35 836 8359
38 36 678 6781
38 37 726 7260
38 39 601 6006
38 40 731 7305
39 1 309 3089
39 2 374 3736
39 3 266 2658
39 4 205 2046
39 5 333 3330
39 6 416 4158
39 7 405 4052
39 8 129 1293
39 9 485 4846
39 10 167 1667
39 11 221 2210
39 12 500 5000
39 13 121 1208
39 14 607 6074
39 15 421 4212
39 16 417 4175
39 17 257 2571
39 18 508 5081
39 19 306 3062
39 20 277 2769
39 21 470 4699
39 22 622 6225
39 23 100 995
39 24 413 4128
39 25 235 2349
39 26 491 4910
39 27 585 5852
39 28 566 5664
39 29 406 4059
39 30 449 4487
39 31 372 3720
39 32 580 5804
39 33 490 4902
39 34 7 69
39 35 260 2601
39 36 228 2275
39 37 234 2340
39 38 601 6006
39 40 142 1423
40 1 425 4245
40 2 494 4936
40 3 234 2342
40 4 346 3465
40 5 376 3757
40 6 555 5549
40 7 541 5408
40 8 48 482
40 9 426 4259
40 10 167 1668
40 11 352 3521
40 12 601 6014
40 13 246 2460
40 14 502 5018
40 15 560 5602
40 16 412 4124
40 17 392 3924
40 18 621 6208
40 19 414 4138
40 20 386 3864
40 21 336 3363
40 22 719 7194
40 23 214 2137
40 24 346 3458
40 25 336 3361
40 26 621 6205
40 27 702 7019
40 28 636 6362
40 29 265 2654
40 30 549 5491
40 31 456 4556
40 32 707 7068
40 33 515 5151
40 34 142 1424
40 35 217 2175
40 36 301 3010
40 37 281 2807
40 38 731 7305
40 39 142 1423
