30
65
656
30
16
20
8
17
22
27
18
24
5
21
11
10
12
26
9
4
3
23
14
13
6
28
25
15
2
19
29
7
30
1
29
5
23
6
18
17
2
25
13
14
16
27
15
11
8
21
7
9
24
3
29
26
19
12
4
1
10
28
20
22
1 2 722 7222
1 3 970 9697
1 4 279 2787
1 5 315 3147
1 6 345 3446
1 7 589 5889
1 8 451 4510
1 9 493 4933
1 10 454 4536
1 11 462 4622
1 12 483 4833
1 13 117 1171
1 14 514 5138
1 15 734 7344
1 16 317 3165
1 17 864 8635
1 18 569 5688
1 19 431 4313
1 20 330 3300
1 21 191 1906
1 22 463 4628
1 23 210 2098
1 24 791 7908
1 25 263 2635
1 26 437 4375
1 27 124 1241
1 28 536 5358
1 29 277 2766
1 30 470 4698
2 1 722 7222
2 3 248 2481
2 4 676 6760
2 5 655 6550
2 6 957 9568
2 7 563 5627
2 8 1074 10739
2 9 964 9637
2 10 982 9817
2 11 832 8318
2 12 412 4115
2 13 836 8363
2 14 455 4547
2 15 114 1142
2 16 572 5723
2 17 143 1432
2 18 259 2586
2 19 676 6762
2 20 619 6195
2 21 598 5984
2 22 370 3701
2 23 543 5427
2 24 736 7358
2 25 889 8889
2 26 778 7779
2 27 604 6042
2 28 758 7584
2 29 452 4520
2 30 294 2939
3 1 970 9697
3 2 248 2481
3 4 904 9039
3 5 891 8906
3 6 1200 11998
3 7 751 7508
3 8 1316 13160
3 9 1192 11925
3 10 1216 12164
3 11 1055 10553
3 12 631 6306
3 13 1084 10841
3 14 644 6441
3 15 278 2781
3 16 809 8092
3 17 115 1153
3 18 476 4755
3 19 880 8804
3 20 854 8538
3 21 839 8387
3 22 585 5854
3 23 790 7900
3 24 882 8825
3 25 1134 11339
3 26 1002 10017
3 27 851 8506
3 28 966 9663
3 29 700 7001
3 30 525 5252
4 1 279 2787
4 2 676 6760
4 3 904 9039
4 5 547 5472
4 6 619 6194
4 7 764 7636
4 8 719 7187
4 9 770 7705
4 10 732 7322
4 11 725 7252
4 12 607 6071
4 13 358 3585
4 14 308 3083
4 15 731 7306
4 16 514 5139
4 17 816 8164
4 18 625 6247
4 19 154 1537
4 20 548 5479
4 21 136 1355
4 22 321 3209
4 23 366 3657
4 24 985 9849
4 25 540 5397
4 26 692 6922
4 27 227 2266
4 28 774 7741
4 29 353 3534
4 30 382 3823
5 1 315 3147
5 2 655 6550
5 3 891 8906
5 4 547 5472
5 6 323 3231
5 7 298 2979
5 8 433 4326
5 9 314 3137
5 10 327 3267
5 11 204 2036
5 12 274 2739
5 13 356 3559
5 14 664 6635
5 15 617 6172
5 16 83 832
5 17 776 7755
5 18 419 4191
5 19 682 6815
5 20 38 383
5 21 417 4166
5 22 566 5663
5 23 199 1993
5 24 480 4801
5 25 277 2772
5 26 157 1568
5 27 321 3207
5 28 227 2273
5 29 277 2766
5 30 518 5178
6 1 345 3446
6 2 957 9568
6 3 1200 11998
6 4 619 6194
6 5 323 3231
6 7 595 5947
6 8 118 1184
6 9 208 2077
6 10 138 1385
6 11 281 2809
6 12 597 5966
6 13 270 2700
6 14 849 8486
6 15 932 9322
6 16 397 3968
6 17 1086 10857
6 18 737 7369
6 19 773 7731
6 20 361 3613
6 21 532 5321
6 22 780 7804
6 23 425 4247
6 24 720 7202
6 25 82 818
6 26 302 3017
6 27 447 4468
6 28 417 4172
6 29 522 5217
6 30 763 7627
7 1 589 5889
7 2 563 5627
7 3 751 7508
7 4 764 7636
7 5 298 2979
7 6 595 5947
7 8 687 6872
7 9 496 4964
7 10 546 5463
7 11 352 3522
7 12 187 1868
7 13 650 6496
7 14 770 7700
7 15 479 4792
7 16 272 2724
7 17 641 6407
7 18 309 3088
7 19 869 8686
7 20 269 2686
7 21 629 6286
7 22 655 6548
7 23 404 4042
7 24 225 2254
7 25 566 5660
7 26 308 3078
7 27 550 5502
7 28 229 2291
7 29 416 4161
7 30 573 5733
8 1 451 4510
8 2 1074 10739
8 3 1316 13160
8 4 719 7187
8 5 433 4326
8 6 118 1184
8 7 687 6872
8 9 231 2308
8 10 157 1569
8 11 348 3485
8 12 706 7064
8 13 361 3611
8 14 961 9610
8 15 1047 10467
8 16 510 5097
8 17 1202 12016
8 18 850 8501
8 19 872 8721
8 20 471 4709
8 21 641 6410
8 22 896 8962
8 23 543 5431
8 24 789 7885
8 25 196 1961
8 26 382 3824
8 27 560 5596
8 28 489 4892
8 29 640 6401
8 30 881 8806
9 1 493 4933
9 2 964 9637
9 3 1192 11925
9 4 770 7705
9 5 314 3137
9 6 208 2077
9 7 496 4964
9 8 231 2308
9 10 76 761
9 11 145 1446
9 12 563 5625
9 13 452 4517
9 14 952 9523
9 15 915 9152
9 16 396 3964
9 17 1077 10773
9 18 717 7170
9 19 921 9208
9 20 346 3462
9 21 661 6611
9 22 865 8654
9 23 490 4896
9 24 566 5656
9 25 257 2567
9 26 194 1944
9 27 565 5651
9 28 277 2767
9 29 580 5802
9 30 826 8263
10 1 454 4536
10 2 982 9817
10 3 1216 12164
10 4 732 7322
10 5 327 3267
10 6 138 1385
10 7 546 5463
10 8 157 1569
10 9 76 761
10 11 197 1974
10 12 591 5913
10 13 398 3978
10 14 934 9343
10 15 941 9413
10 16 409 4095
10 17 1101 11012
10 18 743 7426
10 19 885 8846
10 20 363 3628
10 21 631 6312
10 22 854 8542
10 23 481 4814
10 24 633 6332
10 25 200 2002
10 26 239 2385
10 27 538 5383
10 28 337 3370
10 29 576 5760
10 30 823 8229
11 1 462 4622
11 2 832 8318
11 3 1055 10553
11 4 725 7252
11 5 204 2036
11 6 281 2809
11 7 352 3522
11 8 348 3485
11 9 145 1446
11 10 197 1974
11 12 425 4247
11 13 456 4561
11 14 866 8661
11 15 777 7773
11 16 280 2795
11 17 940 9404
11 18 580 5803
11 19 868 8681
11 20 228 2276
11 21 602 6022
11 22 770 7699
11 23 400 3997
11 24 442 4419
11 25 290 2902
11 26 54 539
11 27 504 5042
11 28 141 1407
11 29 480 4802
11 30 720 7199
12 1 483 4833
12 2 412 4115
12 3 631 6306
12 4 607 6071
12 5 274 2739
12 6 597 5966
12 7 187 1868
12 8 706 7064
12 9 563 5625
12 10 591 5913
12 11 425 4247
12 13 570 5697
12 14 584 5845
12 15 353 3528
12 16 203 2029
12 17 516 5156
12 18 156 1558
12 19 698 6977
12 20 236 2356
12 21 476 4762
12 22 469 4687
12 23 276 2758
12 24 408 4079
12 25 545 5448
12 26 371 3711
12 27 413 4134
12 28 348 3478
12 29 254 2537
12 30 386 3865
13 1 117 1171
13 2 836 8363
13 3 1084 10841
13 4 358 3585
13 5 356 3559
13 6 270 2700
13 7 650 6496
13 8 361 3611
13 9 452 4517
13 10 398 3978
13 11 456 4561
13 12 570 5697
13 14 622 6221
13 15 844 8435
13 16 383 3827
13 17 977 9768
13 18 670 6704
13 19 511 5114
13 20 381 3813
13 21 298 2982
13 22 578 5777
13 23 308 3083
13 24 834 8344
13 25 198 1977
13 26 445 4446
13 27 241 2411
13 28 555 5555
13 29 387 3866
13 30 587 5869
14 1 514 5138
14 2 455 4547
14 3 644 6441
14 4 308 3083
14 5 664 6635
14 6 849 8486
14 7 770 7700
14 8 961 9610
14 9 952 9523
14 10 934 9343
14 11 866 8661
14 12 584 5845
14 13 622 6221
14 15 543 5435
14 16 597 5973
14 17 578 5780
14 18 522 5225
14 19 239 2390
14 20 646 6462
14 21 324 3242
14 22 117 1167
14 23 467 4669
14 24 992 9923
14 25 767 7670
14 26 820 8202
14 27 402 4018
14 28 866 8660
14 29 390 3901
14 30 208 2080
15 1 734 7344
15 2 114 1142
15 3 278 2781
15 4 731 7306
15 5 617 6172
15 6 932 9322
15 7 479 4792
15 8 1047 10467
15 9 915 9152
15 10 941 9413
15 11 777 7773
15 12 353 3528
15 13 844 8435
15 14 543 5435
15 16 537 5373
15 17 164 1639
15 18 199 1987
15 19 751 7511
15 20 580 5797
15 21 636 6364
15 22 446 4461
15 23 538 5383
15 24 635 6351
15 25 870 8704
15 26 724 7239
15 27 625 6246
15 28 689 6894
15 29 458 4579
15 30 359 3588
16 1 317 3165
16 2 572 5723
16 3 809 8092
16 4 514 5139
16 5 83 832
16 6 397 3968
16 7 272 2724
16 8 510 5097
16 9 396 3964
16 10 409 4095
16 11 280 2795
16 12 203 2029
16 13 383 3827
16 14 597 5973
16 15 537 5373
16 17 694 6942
16 18 340 3404
16 19 638 6379
16 20 52 519
16 21 379 3792
16 22 495 4951
16 23 149 1493
16 24 479 4794
16 25 342 3421
16 26 229 2287
16 27 290 2900
16 28 272 2718
16 29 207 2072
16 30 441 4408
17 1 864 8635
17 2 143 1432
17 3 115 1153
17 4 816 8164
17 5 776 7755
17 6 1086 10857
17 7 641 6407
17 8 1202 12016
17 9 1077 10773
17 10 1101 11012
17 11 940 9404
17 12 516 5156
17 13 977 9768
17 14 578 5780
17 15 164 1639
17 16 694 6942
17 18 360 3604
17 19 808 8077
17 20 739 7386
17 21 742 7415
17 22 505 5045
17 23 679 6790
17 24 783 7833
17 25 1021 10207
17 26 887 8868
17 27 747 7465
17 28 853 8532
17 29 591 5910
17 30 434 4342
18 1 569 5688
18 2 259 2586
18 3 476 4755
18 4 625 6247
18 5 419 4191
18 6 737 7369
18 7 309 3088
18 8 850 8501
18 9 717 7170
18 10 743 7426
18 11 580 5803
18 12 156 1558
18 13 670 6704
18 14 522 5225
18 15 199 1987
18 16 340 3404
18 17 360 3604
18 19 683 6833
18 20 381 3814
18 21 509 5086
18 22 407 4074
18 23 362 3622
18 24 503 5027
18 25 678 6780
18 26 527 5266
18 27 473 4727
18 28 500 5002
18 29 299 2988
18 30 314 3144
19 1 431 4313
19 2 676 6762
19 3 880 8804
19 4 154 1537
19 5 682 6815
19 6 773 7731
19 7 869 8686
19 8 872 8721
19 9 921 9208
19 10 885 8846
19 11 868 8681
19 12 698 6977
19 13 511 5114
19 14 239 2390
19 15 751 7511
19 16 638 6379
19 17 808 8077
19 18 683 6833
19 20 677 6773
19 21 266 2661
19 22 307 3066
19 23 489 4890
19 24 1093 10935
19 25 693 6932
19 26 832 8319
19 27 364 3640
19 28 906 9059
19 29 453 4528
19 30 393 3927
20 1 330 3300
20 2 619 6195
20 3 854 8538
20 4 548 5479
20 5 38 383
20 6 361 3613
20 7 269 2686
20 8 471 4709
20 9 346 3462
20 10 363 3628
20 11 228 2276
20 12 236 2356
20 13 381 3813
20 14 646 6462
20 15 580 5797
20 16 52 519
20 17 739 7386
20 18 381 3814
20 19 677 6773
20 21 415 4148
20 22 546 5456
20 23 189 1892
20 24 461 4609
20 25 314 3140
20 26 177 1770
20 27 322 3216
20 28 229 2287
20 29 257 2566
20 30 493 4925
21 1 191 1906
21 2 598 5984
21 3 839 8387
21 4 136 1355
21 5 417 4166
21 6 532 5321
21 7 629 6286
21 8 641 6410
21 9 661 6611
21 10 631 6312
21 11 602 6022
21 12 476 4762
21 13 298 2982
21 14 324 3242
21 15 636 6364
21 16 379 3792
21 17 742 7415
21 18 509 5086
21 19 266 2661
21 20 415 4148
21 22 286 2861
21 23 230 2304
21 24 849 8495
21 25 450 4504
21 26 566 5659
21 27 98 981
21 28 642 6425
21 29 223 2230
21 30 316 3160
22 1 463 4628
22 2 370 3701
22 3 585 5854
22 4 321 3209
22 5 566 5663
22 6 780 7804
22 7 655 6548
22 8 896 8962
22 9 865 8654
22 10 854 8542
22 11 770 7699
22 12 469 4687
22 13 578 5777
22 14 117 1167
22 15 446 4461
22 16 495 4951
22 17 505 5045
22 18 407 4074
22 19 307 3066
22 20 546 5456
22 21 286 2861
22 23 376 3758
22 24 876 8763
22 25 700 7002
22 26 722 7218
22 27 341 3412
22 28 760 7599
22 29 290 2897
22 30 94 940
23 1 210 2098
23 2 543 5427
23 3 790 7900
23 4 366 3657
23 5 199 1993
23 6 425 4247
23 7 404 4042
23 8 543 5431
23 9 490 4896
23 10 481 4814
23 11 400 3997
23 12 276 2758
23 13 308 3083
23 14 467 4669
23 15 538 5383
23 16 149 1493
23 17 679 6790
23 18 362 3622
23 19 489 4890
23 20 189 1892
23 21 230 2304
23 22 376 3758
23 24 621 6214
23 25 351 3508
23 26 356 3556
23 27 146 1461
23 28 418 4178
23 29 97 971
23 30 342 3420
24 1 791 7908
24 2 736 7358
24 3 882 8825
24 4 985 9849
24 5 480 4801
24 6 720 7202
24 7 225 2254
24 8 789 7885
24 9 566 5656
24 10 633 6332
24 11 442 4419
24 12 408 4079
24 13 834 8344
24 14 992 9923
24 15 635 6351
24 16 479 4794
24 17 783 7833
24 18 503 5027
24 19 1093 10935
24 20 461 4609
24 21 849 8495
24 22 876 8763
24 23 621 6214
24 25 714 7136
24 26 420 4195
24 27 767 7668
24 28 303 3030
24 29 641 6407
24 30 792 7918
25 1 263 2635
25 2 889 8889
25 3 1134 11339
25 4 540 5397
25 5 277 2772
25 6 82 818
25 7 566 5660
25 8 196 1961
25 9 257 2567
25 10 200 2002
25 11 290 2902
25 12 545 5448
25 13 198 1977
25 14 767 7670
25 15 870 8704
25 16 342 3421
25 17 1021 10207
25 18 678 6780
25 19 693 6932
25 20 314 3140
25 21 450 4504
25 22 700 7002
25 23 351 3508
25 24 714 7136
25 26 296 2964
25 27 365 3652
25 28 414 4143
25 29 447 4472
25 30 685 6852
26 1 437 4375
26 2 778 7779
26 3 1002 10017
26 4 692 6922
26 5 157 1568
26 6 302 3017
26 7 308 3078
26 8 382 3824
26 9 194 1944
26 10 239 2385
26 11 54 539
26 12 371 3711
26 13 445 4446
26 14 820 8202
26 15 724 7239
26 16 229 2287
26 17 887 8868
26 18 527 5266
26 19 832 8319
26 20 177 1770
26 21 566 5659
26 22 722 7218
26 23 356 3556
26 24 420 4195
26 25 296 2964
26 27 468 4682
26 28 118 1180
26 29 432 4322
26 30 669 6695
27 1 124 1241
27 2 604 6042
27 3 851 8506
27 4 227 2266
27 5 321 3207
27 6 447 4468
27 7 550 5502
27 8 560 5596
27 9 565 5651
27 10 538 5383
27 11 504 5042
27 12 413 4134
27 13 241 2411
27 14 402 4018
27 15 625 6246
27 16 290 2900
27 17 747 7465
27 18 473 4727
27 19 364 3640
27 20 322 3216
27 21 98 981
27 22 341 3412
27 23 146 1461
27 24 767 7668
27 25 365 3652
27 26 468 4682
27 28 548 5475
27 29 174 1740
27 30 346 3458
28 1 536 5358
28 2 758 7584
28 3 966 9663
28 4 774 7741
28 5 227 2273
28 6 417 4172
28 7 229 2291
28 8 489 4892
28 9 277 2767
28 10 337 3370
28 11 141 1407
28 12 348 3478
28 13 555 5555
28 14 866 8660
28 15 689 6894
28 16 272 2718
28 17 853 8532
28 18 500 5002
28 19 906 9059
28 20 229 2287
28 21 642 6425
28 22 760 7599
28 23 418 4178
28 24 303 3030
28 25 414 4143
28 26 118 1180
28 27 548 5475
28 29 477 4771
28 30 696 6958
29 1 277 2766
29 2 452 4520
29 3 700 7001
29 4 353 3534
29 5 277 2766
29 6 522 5217
29 7 416 4161
29 8 640 6401
29 9 580 5802
29 10 576 5760
29 11 480 4802
29 12 254 2537
29 13 387 3866
29 14 390 3901
29 15 458 4579
29 16 207 2072
29 17 591 5910
29 18 299 2988
29 19 453 4528
29 20 257 2566
29 21 223 2230
29 22 290 2897
29 23 97 971
29 24 641 6407
29 25 447 4472
29 26 432 4322
29 27 174 1740
29 28 477 4771
29 30 247 2469
30 1 470 4698
30 2 294 2939
30 3 525 5252
30 4 382 3823
30 5 518 5178
30 6 763 7627
30 7 573 5733
30 8 881 8806
30 9 826 8263
30 10 823 8229
30 11 720 7199
30 12 386 3865
30 13 587 5869
30 14 208 2080
30 15 359 3588
30 16 441 4408
30 17 434 4342
30 18 314 3144
30 19 393 3927
30 20 493 4925
30 21 316 3160
30 22 94 940
30 23 342 3420
30 24 792 7918
30 25 685 6852
30 26 669 6695
30 27 346 3458
30 28 696 6958
30 29 247 2469
