40
786
282
36
11
34
15
12
25
22
33
40
5
10
7
19
27
18
26
29
8
2
16
9
28
38
21
31
37
13
6
24
1
17
39
3
14
30
23
35
36
28
25
9
8
20
4
14
1
19
38
7
3
15
10
32
22
12
17
13
5
30
21
34
24
31
27
36
11
16
33
40
18
2
23
35
29
1 2 488 4885
1 3 325 3255
1 4 244 2438
1 5 765 7655
1 6 674 6737
1 7 656 6564
1 8 424 4240
1 9 720 7197
1 10 780 7796
1 11 553 5529
1 12 140 1402
1 13 205 2045
1 14 728 7276
1 15 308 3084
1 16 325 3253
1 17 245 2447
1 18 573 5734
1 19 377 3770
1 20 266 2658
1 21 787 7868
1 22 243 2431
1 23 745 7451
1 24 727 7270
1 25 508 5083
1 26 225 2252
1 27 500 5001
1 28 412 4123
1 29 995 9951
1 30 617 6173
1 31 671 6713
1 32 225 2245
1 33 608 6075
1 34 478 4780
1 35 270 2698
1 36 330 3303
1 37 662 6625
1 38 974 9740
1 39 170 1704
1 40 765 7650
2 1 488 4885
2 3 326 3263
2 4 698 6976
2 5 291 2907
2 6 219 2189
2 7 301 3008
2 8 566 5657
2 9 349 3491
2 10 349 3486
2 11 472 4718
2 12 432 4318
2 13 486 4864
2 14 264 2642
2 15 184 1843
2 16 403 4027
2 17 634 6336
2 18 566 5661
2 19 360 3602
2 20 410 4101
2 21 520 5203
2 22 664 6637
2 23 779 7791
2 24 304 3038
2 25 589 5885
2 26 461 4608
2 27 325 3248
2 28 482 4816
2 29 531 5315
2 30 358 3578
2 31 336 3362
2 32 712 7120
2 33 418 4177
2 34 236 2356
2 35 346 3459
2 36 427 4272
2 37 375 3754
2 38 564 5643
2 39 508 5076
2 40 345 3455
3 1 325 3255
3 2 326 3263
3 4 569 5690
3 5 525 5245
3 6 424 4236
3 7 355 3553
3 8 243 2426
3 9 664 6641
3 10 675 6749
3 11 244 2439
3 12 196 1956
3 13 460 4605
3 14 478 4777
3 15 255 2548
3 16 486 4856
3 17 349 3491
3 18 299 2991
3 19 62 616
3 20 100 996
3 21 461 4615
3 22 566 5657
3 23 507 5071
3 24 629 6290
3 25 283 2831
3 26 457 4575
3 27 176 1761
3 28 167 1671
3 29 725 7252
3 30 629 6293
3 31 638 6384
3 32 525 5253
3 33 662 6619
3 34 178 1779
3 35 56 565
3 36 505 5050
3 37 661 6611
3 38 671 6707
3 39 451 4510
3 40 671 6708
4 1 244 2438
4 2 698 6976
4 3 569 5690
4 5 985 9852
4 6 899 8992
4 7 896 8962
4 8 633 6331
4 9 858 8579
4 10 939 9394
4 11 790 7903
4 12 378 3782
4 13 243 2432
4 14 952 9515
4 15 514 5136
4 16 397 3973
4 17 380 3800
4 18 799 7995
4 19 619 6189
4 20 502 5023
4 21 1030 10304
4 22 65 651
4 23 950 9503
4 24 887 8872
4 25 722 7222
4 26 279 2788
4 27 744 7439
4 28 640 6401
4 29 1221 12212
4 30 727 7268
4 31 801 8014
4 32 127 1274
4 33 690 6899
4 34 720 7196
4 35 513 5130
4 36 386 3864
4 37 775 7746
4 38 1212 12124
4 39 204 2043
4 40 920 9203
5 1 765 7655
5 2 291 2907
5 3 525 5245
5 4 985 9852
5 6 101 1012
5 7 238 2382
5 8 723 7227
5 9 434 4336
5 10 350 3499
5 11 543 5430
5 12 684 6841
5 13 777 7770
5 14 50 501
5 15 472 4723
5 16 684 6841
5 17 870 8699
5 18 647 6468
5 19 527 5272
5 20 623 6234
5 21 428 4276
5 22 954 9535
5 23 832 8322
5 24 343 3434
5 25 710 7099
5 26 751 7508
5 27 416 4163
5 28 633 6327
5 29 242 2417
5 30 532 5323
5 31 462 4623
5 32 990 9899
5 33 612 6122
5 34 355 3555
5 35 566 5662
5 36 708 7081
5 37 524 5238
5 38 316 3157
5 39 798 7981
5 40 367 3675
6 1 674 6737
6 2 219 2189
6 3 424 4236
6 4 899 8992
6 5 101 1012
6 7 161 1605
6 8 623 6232
6 9 446 4462
6 10 385 3846
6 11 452 4515
6 12 586 5865
6 13 701 7007
6 14 55 550
6 15 391 3906
6 16 621 6215
6 17 770 7697
6 18 556 5556
6 19 426 4262
6 20 523 5226
6 21 376 3763
6 22 871 8711
6 23 748 7485
6 24 364 3643
6 25 614 6137
6 26 677 6768
6 27 319 3189
6 28 533 5331
6 29 322 3222
6 30 518 5180
6 31 462 4623
6 32 897 8975
6 33 593 5925
6 34 255 2547
6 35 466 4660
6 36 646 6459
6 37 519 5187
6 38 347 3475
6 39 718 7182
6 40 397 3966
7 1 656 6564
7 2 301 3008
7 3 355 3553
7 4 896 8962
7 5 238 2382
7 6 161 1605
7 8 509 5087
7 9 595 5947
7 10 542 5425
7 11 309 3091
7 12 544 5441
7 13 730 7295
7 14 190 1902
7 15 424 4241
7 16 683 6827
7 17 701 7007
7 18 412 4118
7 19 336 3357
7 20 452 4521
7 21 226 2260
7 22 879 8791
7 23 594 5940
7 24 518 5182
7 25 483 4828
7 26 712 7122
7 27 202 2023
7 28 421 4212
7 29 380 3800
7 30 646 6459
7 31 603 6028
7 32 872 8718
7 33 713 7133
7 34 180 1804
7 35 408 4081
7 36 707 7069
7 37 654 6541
7 38 318 3182
7 39 737 7374
7 40 553 5528
8 1 424 4240
8 2 566 5657
8 3 243 2426
8 4 633 6331
8 5 723 7227
8 6 623 6232
8 7 509 5087
8 9 907 9066
8 10 914 9139
8 11 231 2309
8 12 294 2937
8 13 614 6139
8 14 673 6730
8 15 489 4885
8 16 684 6837
8 17 281 2810
8 18 184 1836
8 19 207 2071
8 20 194 1936
8 21 509 5093
8 22 654 6544
8 23 321 3214
8 24 869 8694
8 25 90 901
8 26 623 6232
8 27 309 3088
8 28 90 901
8 29 887 8874
8 30 868 8683
8 31 881 8807
8 32 544 5439
8 33 895 8953
8 34 371 3706
8 35 246 2460
8 36 699 6989
8 37 902 9017
8 38 789 7888
8 39 589 5889
8 40 911 9111
9 1 720 7197
9 2 349 3491
9 3 664 6641
9 4 858 8579
9 5 434 4336
9 6 446 4462
9 7 595 5947
9 8 907 9066
9 10 116 1161
9 11 819 8191
9 12 718 7184
9 13 615 6147
9 14 451 4508
9 15 442 4418
9 16 465 4652
9 17 923 9228
9 18 915 9150
9 19 705 7051
9 20 734 7344
9 21 819 8193
9 22 804 8042
9 23 1127 11273
9 24 93 928
9 25 936 9360
9 26 579 5793
9 27 671 6712
9 28 826 8262
9 29 625 6249
9 30 154 1540
9 31 61 608
9 32 918 9180
9 33 232 2316
9 34 582 5822
9 35 671 6712
9 36 481 4812
9 37 117 1173
9 38 746 7464
9 39 655 6545
9 40 90 898
10 1 780 7796
10 2 349 3486
10 3 675 6749
10 4 939 9394
10 5 350 3499
10 6 385 3846
10 7 542 5425
10 8 914 9139
10 9 116 1161
10 11 798 7984
10 12 759 7587
10 13 698 6983
10 14 377 3766
10 15 482 4824
10 16 556 5562
10 17 964 9642
10 18 899 8988
10 19 708 7076
10 20 756 7557
10 21 761 7606
10 22 889 8893
10 23 1106 11063
10 24 53 528
10 25 932 9323
10 26 664 6638
10 27 651 6513
10 28 829 8288
10 29 519 5190
10 30 266 2664
10 31 173 1725
10 32 989 9886
10 33 347 3466
10 34 565 5650
10 35 691 6914
10 36 575 5746
10 37 233 2331
10 38 653 6533
10 39 735 7351
10 40 26 264
11 1 553 5529
11 2 472 4718
11 3 244 2439
11 4 790 7903
11 5 543 5430
11 6 452 4515
11 7 309 3091
11 8 231 2309
11 9 819 8191
11 10 798 7984
11 12 413 4134
11 13 704 7037
11 14 493 4933
11 15 476 4757
11 16 725 7248
11 17 489 4887
11 18 104 1041
11 19 183 1831
11 20 288 2881
11 21 279 2789
11 22 796 7959
11 23 309 3086
11 24 762 7619
11 25 180 1797
11 26 701 7014
11 27 148 1480
11 28 166 1657
11 29 675 6751
11 30 820 8202
11 31 808 8079
11 32 725 7249
11 33 867 8669
11 34 237 2369
11 35 291 2912
11 36 745 7453
11 37 844 8437
11 38 562 5621
11 39 692 6921
11 40 802 8018
12 1 140 1402
12 2 432 4318
12 3 196 1956
12 4 378 3782
12 5 684 6841
12 6 586 5865
12 7 544 5441
12 8 294 2937
12 9 718 7184
12 10 759 7587
12 11 413 4134
12 13 320 3202
12 14 641 6415
12 15 278 2776
12 16 402 4021
12 17 206 2056
12 18 434 4341
12 19 241 2412
12 20 126 1258
12 21 655 6551
12 22 383 3828
12 23 612 6123
12 24 708 7076
12 25 374 3738
12 26 330 3304
12 27 372 3715
12 28 273 2732
12 29 902 9018
12 30 642 6419
12 31 678 6784
12 32 330 3299
12 33 650 6502
12 34 364 3638
12 35 139 1393
12 36 414 4143
12 37 683 6828
12 38 862 8619
12 39 296 2962
12 40 748 7483
13 1 205 2045
13 2 486 4864
13 3 460 4605
13 4 243 2432
13 5 777 7770
13 6 701 7007
13 7 730 7295
13 8 614 6139
13 9 615 6147
13 10 698 6983
13 11 704 7037
13 12 320 3202
13 14 749 7494
13 15 311 3115
13 16 157 1567
13 17 446 4464
13 18 744 7439
13 19 521 5206
13 20 434 4343
13 21 900 8999
13 22 191 1911
13 23 931 9313
13 24 647 6465
13 25 693 6926
13 26 36 358
13 27 617 6169
13 28 586 5861
13 29 1018 10178
13 30 485 4848
13 31 558 5582
13 32 320 3197
13 33 453 4532
13 34 568 5681
13 35 413 4134
13 36 150 1501
13 37 533 5325
13 38 1034 10341
13 39 46 455
13 40 679 6786
14 1 728 7276
14 2 264 2642
14 3 478 4777
14 4 952 9515
14 5 50 501
14 6 55 550
14 7 190 1902
14 8 673 6730
14 9 451 4508
14 10 377 3766
14 11 493 4933
14 12 641 6415
14 13 749 7494
14 15 441 4409
14 16 664 6643
14 17 824 8244
14 18 597 5972
14 19 479 4786
14 20 577 5769
14 21 389 3888
14 22 922 9222
14 23 784 7841
14 24 364 3637
14 25 660 6598
14 26 725 7246
14 27 366 3663
14 28 583 5830
14 29 270 2699
14 30 537 5372
14 31 474 4737
14 32 952 9516
14 33 615 6147
14 34 307 3068
14 35 521 5208
14 36 689 6886
14 37 533 5331
14 38 314 3139
14 39 768 7683
14 40 392 3918
15 1 308 3084
15 2 184 1843
15 3 255 2548
15 4 514 5136
15 5 472 4723
15 6 391 3906
15 7 424 4241
15 8 489 4885
15 9 442 4418
15 10 482 4824
15 11 476 4757
15 12 278 2776
15 13 311 3115
15 14 441 4409
15 16 264 2644
15 17 483 4831
15 18 548 5484
15 19 311 3110
15 20 302 3017
15 21 614 6141
15 22 481 4815
15 23 760 7601
15 24 431 4309
15 25 538 5375
15 26 290 2905
15 27 352 3518
15 28 421 4209
15 29 711 7106
15 30 381 3809
15 31 405 4049
15 32 530 5300
15 33 408 4078
15 34 281 2813
15 35 243 2428
15 36 288 2878
15 37 417 4170
15 38 723 7230
15 39 328 3276
15 40 471 4711
16 1 325 3253
16 2 403 4027
16 3 486 4856
16 4 397 3973
16 5 684 6841
16 6 621 6215
16 7 683 6827
16 8 684 6837
16 9 465 4652
16 10 556 5562
16 11 725 7248
16 12 402 4021
16 13 157 1567
16 14 664 6643
16 15 264 2644
16 17 568 5680
16 18 784 7840
16 19 547 5469
16 20 492 4915
16 21 878 8784
16 22 340 3404
16 23 987 9867
16 24 506 5059
16 25 752 7515
16 26 121 1212
16 27 612 6123
16 28 637 6371
16 29 925 9252
16 30 330 3296
16 31 407 4069
16 32 475 4754
16 33 297 2969
16 34 545 5455
16 35 452 4517
16 36 24 245
16 37 377 3773
16 38 967 9667
16 39 201 2009
16 40 535 5347
17 1 245 2447
17 2 634 6336
17 3 349 3491
17 4 380 3800
17 5 870 8699
17 6 770 7697
17 7 701 7007
17 8 281 2810
17 9 923 9228
17 10 964 9642
17 11 489 4887
17 12 206 2056
17 13 446 4464
17 14 824 8244
17 15 483 4831
17 16 568 5680
17 18 463 4633
17 19 367 3665
17 20 250 2498
17 21 762 7623
17 22 417 4170
17 23 581 5808
17 24 913 9132
17 25 370 3699
17 26 469 4694
17 27 506 5056
17 28 323 3230
17 29 1074 10741
17 30 840 8395
17 31 881 8811
17 32 273 2727
17 33 840 8401
17 34 527 5267
17 35 304 3037
17 36 574 5744
17 37 882 8821
17 38 1010 10103
17 39 408 4076
17 40 954 9539
18 1 573 5734
18 2 566 5661
18 3 299 2991
18 4 799 7995
18 5 647 6468
18 6 556 5556
18 7 412 4118
18 8 184 1836
18 9 915 9150
18 10 899 8988
18 11 104 1041
18 12 434 4341
18 13 744 7439
18 14 597 5972
18 15 548 5484
18 16 784 7840
18 17 463 4633
18 19 239 2388
18 20 311 3110
18 21 348 3481
18 22 813 8134
18 23 214 2144
18 24 861 8610
18 25 103 1032
18 26 746 7462
18 27 248 2476
18 28 161 1611
18 29 771 7714
18 30 907 9074
18 31 901 9007
18 32 720 7197
18 33 949 9493
18 34 334 3344
18 35 334 3344
18 36 803 8028
18 37 933 9335
18 38 647 6474
18 39 726 7264
18 40 901 9014
19 1 377 3770
19 2 360 3602
19 3 62 616
19 4 619 6189
19 5 527 5272
19 6 426 4262
19 7 336 3357
19 8 207 2071
19 9 705 7051
19 10 708 7076
19 11 183 1831
19 12 241 2412
19 13 521 5206
19 14 479 4786
19 15 311 3110
19 16 547 5469
19 17 367 3665
19 18 239 2388
19 20 124 1243
19 21 415 4149
19 22 619 6193
19 23 449 4491
19 24 664 6638
19 25 232 2324
19 26 518 5185
19 27 140 1396
19 28 121 1215
19 29 713 7134
19 30 680 6796
19 31 683 6831
19 32 567 5667
19 33 716 7159
19 34 172 1718
19 35 109 1092
19 36 566 5665
19 37 709 7093
19 38 644 6439
19 39 510 5097
19 40 705 7055
20 1 266 2658
20 2 410 4101
20 3 100 996
20 4 502 5023
20 5 623 6234
20 6 523 5226
20 7 452 4521
20 8 194 1936
20 9 734 7344
20 10 756 7557
20 11 288 2881
20 12 126 1258
20 13 434 4343
20 14 577 5769
20 15 302 3017
20 16 492 4915
20 17 250 2498
20 18 311 3110
20 19 124 1243
20 21 538 5380
20 22 509 5086
20 23 499 4992
20 24 708 7077
20 25 261 2613
20 26 439 4391
20 27 263 2627
20 28 152 1518
20 29 824 8243
20 30 683 6826
20 31 703 7029
20 32 444 4436
20 33 705 7050
20 34 277 2769
20 35 64 643
20 36 508 5075
20 37 719 7185
20 38 765 7650
20 39 416 4155
20 40 749 7495
21 1 787 7868
21 2 520 5203
21 3 461 4615
21 4 1030 10304
21 5 428 4276
21 6 376 3763
21 7 226 2260
21 8 509 5093
21 9 819 8193
21 10 761 7606
21 11 279 2789
21 12 655 6551
21 13 900 8999
21 14 389 3888
21 15 614 6141
21 16 878 8784
21 17 762 7623
21 18 348 3481
21 19 415 4149
21 20 538 5380
21 22 1025 10252
21 23 461 4611
21 24 740 7401
21 25 447 4473
21 26 889 8885
21 27 287 2875
21 28 442 4419
21 29 463 4626
21 30 871 8710
21 31 829 8287
21 32 981 9814
21 33 937 9366
21 34 334 3344
21 35 518 5176
21 36 902 9018
21 37 880 8800
21 38 309 3092
21 39 899 8992
21 40 773 7729
22 1 243 2431
22 2 664 6637
22 3 566 5657
22 4 65 651
22 5 954 9535
22 6 871 8711
22 7 879 8791
22 8 654 6544
22 9 804 8042
22 10 889 8893
22 11 796 7959
22 12 383 3828
22 13 191 1911
22 14 922 9222
22 15 481 4815
22 16 340 3404
22 17 417 4170
22 18 813 8134
22 19 619 6193
22 20 509 5086
22 21 1025 10252
22 23 975 9747
22 24 838 8376
22 25 742 7420
22 26 226 2256
22 27 738 7378
22 28 653 6526
22 29 1192 11920
22 30 670 6696
22 31 747 7468
22 32 186 1857
22 33 630 6297
22 34 706 7060
22 35 511 5110
22 36 328 3277
22 37 717 7174
22 38 1192 11925
22 39 158 1582
22 40 869 8695
23 1 745 7451
23 2 779 7791
23 3 507 5071
23 4 950 9503
23 5 832 8322
23 6 748 7485
23 7 594 5940
23 8 321 3214
23 9 1127 11273
23 10 1106 11063
23 11 309 3086
23 12 612 6123
23 13 931 9313
23 14 784 7841
23 15 760 7601
23 16 987 9867
23 17 581 5808
23 18 214 2144
23 19 449 4491
23 20 499 4992
23 21 461 4611
23 22 975 9747
23 24 1070 10704
23 25 239 2387
23 26 938 9379
23 27 457 4566
23 28 350 3498
23 29 920 9203
23 30 1122 11219
23 31 1114 11144
23 32 853 8528
23 33 1163 11631
23 34 545 5452
23 35 535 5351
23 36 1004 10041
23 37 1148 11478
23 38 769 7692
23 39 908 9085
23 40 1110 11101
24 1 727 7270
24 2 304 3038
24 3 629 6290
24 4 887 8872
24 5 343 3434
24 6 364 3643
24 7 518 5182
24 8 869 8694
24 9 93 928
24 10 53 528
24 11 762 7619
24 12 708 7076
24 13 647 6465
24 14 364 3637
24 15 431 4309
24 16 506 5059
24 17 913 9132
24 18 861 8610
24 19 664 6638
24 20 708 7077
24 21 740 7401
24 22 838 8376
24 23 1070 10704
24 25 891 8907
24 26 612 6122
24 27 614 6142
24 28 785 7853
24 29 532 5325
24 30 229 2287
24 31 138 1380
24 32 936 9358
24 33 311 3111
24 34 527 5266
24 35 643 6435
24 36 525 5248
24 37 202 2018
24 38 655 6545
24 39 683 6829
24 40 42 418
25 1 508 5083
25 2 589 5885
25 3 283 2831
25 4 722 7222
25 5 710 7099
25 6 614 6137
25 7 483 4828
25 8 90 901
25 9 936 9360
25 10 932 9323
25 11 180 1797
25 12 374 3738
25 13 693 6926
25 14 660 6598
25 15 538 5375
25 16 752 7515
25 17 370 3699
25 18 103 1032
25 19 232 2324
25 20 261 2613
25 21 447 4473
25 22 742 7420
25 23 239 2387
25 24 891 8907
25 26 699 6994
25 27 295 2950
25 28 117 1169
25 29 854 8541
25 30 911 9113
25 31 915 9153
25 32 634 6340
25 33 945 9450
25 34 372 3717
25 35 302 3022
25 36 768 7682
25 37 942 9416
25 38 740 7404
25 39 670 6700
25 40 932 9320
26 1 225 2252
26 2 461 4608
26 3 457 4575
26 4 279 2788
26 5 751 7508
26 6 677 6768
26 7 712 7122
26 8 623 6232
26 9 579 5793
26 10 664 6638
26 11 701 7014
26 12 330 3304
26 13 36 358
26 14 725 7246
26 15 290 2905
26 16 121 1212
26 17 469 4694
26 18 746 7462
26 19 518 5185
26 20 439 4391
26 21 889 8885
26 22 226 2256
26 23 938 9379
26 24 612 6122
26 25 699 6994
26 27 608 6082
26 28 590 5904
26 29 992 9921
26 30 449 4490
26 31 523 5226
26 32 354 3545
26 33 418 4180
26 34 555 5551
26 35 413 4131
26 36 116 1160
26 37 497 4967
26 38 1013 10133
26 39 80 799
26 40 644 6439
27 1 500 5001
27 2 325 3248
27 3 176 1761
27 4 744 7439
27 5 416 4163
27 6 319 3189
27 7 202 2023
27 8 309 3088
27 9 671 6712
27 10 651 6513
27 11 148 1480
27 12 372 3715
27 13 617 6169
27 14 366 3663
27 15 352 3518
27 16 612 6123
27 17 506 5056
27 18 248 2476
27 19 140 1396
27 20 263 2627
27 21 287 2875
27 22 738 7378
27 23 457 4566
27 24 614 6142
27 25 295 2950
27 26 608 6082
27 28 220 2199
27 29 582 5823
27 30 677 6768
27 31 661 6610
27 32 701 7008
27 33 727 7272
27 34 89 892
27 35 233 2325
27 36 634 6344
27 37 698 6985
27 38 505 5047
27 39 614 6137
27 40 654 6542
28 1 412 4123
28 2 482 4816
28 3 167 1671
28 4 640 6401
28 5 633 6327
28 6 533 5331
28 7 421 4212
28 8 90 901
28 9 826 8262
28 10 829 8288
28 11 166 1657
28 12 273 2732
28 13 586 5861
28 14 583 5830
28 15 421 4209
28 16 637 6371
28 17 323 3230
28 18 161 1611
28 19 121 1215
28 20 152 1518
28 21 442 4419
28 22 653 6526
28 23 350 3498
28 24 785 7853
28 25 117 1169
28 26 590 5904
28 27 220 2199
28 29 801 8007
28 30 796 7962
28 31 803 8031
28 32 566 5655
28 33 829 8286
28 34 281 2806
28 35 186 1861
28 36 654 6544
28 37 828 8275
28 38 709 7091
28 39 567 5669
28 40 827 8269
29 1 995 9951
29 2 531 5315
29 3 725 7252
29 4 1221 12212
29 5 242 2417
29 6 322 3222
29 7 380 3800
29 8 887 8874
29 9 625 6249
29 10 519 5190
29 11 675 6751
29 12 902 9018
29 13 1018 10178
29 14 270 2699
29 15 711 7106
29 16 925 9252
29 17 1074 10741
29 18 771 7714
29 19 713 7134
29 20 824 8243
29 21 463 4626
29 22 1192 11920
29 23 920 9203
29 24 532 5325
29 25 854 8541
29 26 992 9921
29 27 582 5823
29 28 801 8007
29 30 748 7476
29 31 666 6664
29 32 1218 12183
29 33 830 8302
29 34 547 5474
29 35 774 7736
29 36 949 9491
29 37 730 7305
29 38 187 1871
29 39 1038 10377
29 40 543 5428
30 1 617 6173
30 2 358 3578
30 3 629 6293
30 4 727 7268
30 5 532 5323
30 6 518 5180
30 7 646 6459
30 8 868 8683
30 9 154 1540
30 10 266 2664
30 11 820 8202
30 12 642 6419
30 13 485 4848
30 14 537 5372
30 15 381 3809
30 16 330 3296
30 17 840 8395
30 18 907 9074
30 19 680 6796
30 20 683 6826
30 21 871 8710
30 22 670 6696
30 23 1122 11219
30 24 229 2287
30 25 911 9113
30 26 449 4490
30 27 677 6768
30 28 796 7962
30 29 748 7476
30 31 94 941
30 32 799 7987
30 33 83 832
30 34 589 5890
30 35 623 6234
30 36 342 3422
30 37 48 478
30 38 848 8476
30 39 527 5275
30 40 241 2406
31 1 671 6713
31 2 336 3362
31 3 638 6384
31 4 801 8014
31 5 462 4623
31 6 462 4623
31 7 603 6028
31 8 881 8807
31 9 61 608
31 10 173 1725
31 11 808 8079
31 12 678 6784
31 13 558 5582
31 14 474 4737
31 15 405 4049
31 16 407 4069
31 17 881 8811
31 18 901 9007
31 19 683 6831
31 20 703 7029
31 21 829 8287
31 22 747 7468
31 23 1114 11144
31 24 138 1380
31 25 915 9153
31 26 523 5226
31 27 661 6610
31 28 803 8031
31 29 666 6664
31 30 94 941
31 32 865 8649
31 33 174 1743
31 34 572 5719
31 35 641 6408
31 36 422 4223
31 37 64 642
31 38 778 7777
31 39 599 5988
31 40 147 1466
32 1 225 2245
32 2 712 7120
32 3 525 5253
32 4 127 1274
32 5 990 9899
32 6 897 8975
32 7 872 8718
32 8 544 5439
32 9 918 9180
32 10 989 9886
32 11 725 7249
32 12 330 3299
32 13 320 3197
32 14 952 9516
32 15 530 5300
32 16 475 4754
32 17 273 2727
32 18 720 7197
32 19 567 5667
32 20 444 4436
32 21 981 9814
32 22 186 1857
32 23 853 8528
32 24 936 9358
32 25 634 6340
32 26 354 3545
32 27 701 7008
32 28 566 5655
32 29 1218 12183
32 30 799 7987
32 31 865 8649
32 33 772 7723
32 34 692 6916
32 35 469 4691
32 36 470 4698
32 37 846 8460
32 38 1190 11900
32 39 275 2746
32 40 972 9719
33 1 608 6075
33 2 418 4177
33 3 662 6619
33 4 690 6899
33 5 612 6122
33 6 593 5925
33 7 713 7133
33 8 895 8953
33 9 232 2316
33 10 347 3466
33 11 867 8669
33 12 650 6502
33 13 453 4532
33 14 615 6147
33 15 408 4078
33 16 297 2969
33 17 840 8401
33 18 949 9493
33 19 716 7159
33 20 705 7050
33 21 937 9366
33 22 630 6297
33 23 1163 11631
33 24 311 3111
33 25 945 9450
33 26 418 4180
33 27 727 7272
33 28 829 8286
33 29 830 8302
33 30 83 832
33 31 174 1743
33 32 772 7723
33 34 642 6415
33 35 649 6493
33 36 304 3042
33 37 115 1149
33 38 927 9267
33 39 498 4978
33 40 320 3204
34 1 478 4780
34 2 236 2356
34 3 178 1779
34 4 720 7196
34 5 355 3555
34 6 255 2547
34 7 180 1804
34 8 371 3706
34 9 582 5822
34 10 565 5650
34 11 237 2369
34 12 364 3638
34 13 568 5681
34 14 307 3068
34 15 281 2813
34 16 545 5455
34 17 527 5267
34 18 334 3344
34 19 172 1718
34 20 277 2769
34 21 334 3344
34 22 706 7060
34 23 545 5452
34 24 527 5266
34 25 372 3717
34 26 555 5551
34 27 89 892
34 28 281 2806
34 29 547 5474
34 30 589 5890
34 31 572 5719
34 32 692 6916
34 33 642 6415
34 35 229 2287
34 36 569 5686
34 37 610 6098
34 38 498 4984
34 39 571 5707
34 40 567 5670
35 1 270 2698
35 2 346 3459
35 3 56 565
35 4 513 5130
35 5 566 5662
35 6 466 4660
35 7 408 4081
35 8 246 2460
35 9 671 6712
35 10 691 6914
35 11 291 2912
35 12 139 1393
35 13 413 4134
35 14 521 5208
35 15 243 2428
35 16 452 4517
35 17 304 3037
35 18 334 3344
35 19 109 1092
35 20 64 643
35 21 518 5176
35 22 511 5110
35 23 535 5351
35 24 643 6435
35 25 302 3022
35 26 413 4131
35 27 233 2325
35 28 186 1861
35 29 774 7736
35 30 623 6234
35 31 641 6408
35 32 469 4691
35 33 649 6493
35 34 229 2287
35 36 470 4696
35 37 658 6582
35 38 725 7249
35 39 401 4009
35 40 685 6852
36 1 330 3303
36 2 427 4272
36 3 505 5050
36 4 386 3864
36 5 708 7081
36 6 646 6459
36 7 707 7069
36 8 699 6989
36 9 481 4812
36 10 575 5746
36 11 745 7453
36 12 414 4143
36 13 150 1501
36 14 689 6886
36 15 288 2878
36 16 24 245
36 17 574 5744
36 18 803 8028
36 19 566 5665
36 20 508 5075
36 21 902 9018
36 22 328 3277
36 23 1004 10041
36 24 525 5248
36 25 768 7682
36 26 116 1160
36 27 634 6344
36 28 654 6544
36 29 949 9491
36 30 342 3422
36 31 422 4223
36 32 470 4698
36 33 304 3042
36 34 569 5686
36 35 470 4696
36 37 390 3899
36 38 991 9911
36 39 195 1954
36 40 553 5527
37 1 662 6625
37 2 375 3754
37 3 661 6611
37 4 775 7746
37 5 524 5238
37 6 519 5187
37 7 654 6541
37 8 902 9017
37 9 117 1173
37 10 233 2331
37 11 844 8437
37 12 683 6828
37 13 533 5325
37 14 533 5331
37 15 417 4170
37 16 377 3773
37 17 882 8821
37 18 933 9335
37 19 709 7093
37 20 719 7185
37 21 880 8800
37 22 717 7174
37 23 1148 11478
37 24 202 2018
37 25 942 9416
37 26 497 4967
37 27 698 6985
37 28 828 8275
37 29 730 7305
37 30 48 478
37 31 64 642
37 32 846 8460
37 33 115 1149
37 34 610 6098
37 35 658 6582
37 36 390 3899
37 38 840 8395
37 39 575 5751
37 40 207 2068
38 1 974 9740
38 2 564 5643
38 3 671 6707
38 4 1212 12124
38 5 316 3157
38 6 347 3475
38 7 318 3182
38 8 789 7888
38 9 746 7464
38 10 653 6533
38 11 562 5621
38 12 862 8619
38 13 1034 10341
38 14 314 3139
38 15 723 7230
38 16 967 9667
38 17 1010 10103
38 18 647 6474
38 19 644 6439
38 20 765 7650
38 21 309 3092
38 22 1192 11925
38 23 769 7692
38 24 655 6545
38 25 740 7404
38 26 1013 10133
38 27 505 5047
38 28 709 7091
38 29 187 1871
38 30 848 8476
38 31 778 7777
38 32 1190 11900
38 33 927 9267
38 34 498 4984
38 35 725 7249
38 36 991 9911
38 37 840 8395
38 39 1046 10463
38 40 674 6739
39 1 170 1704
39 2 508 5076
39 3 451 4510
39 4 204 2043
39 5 798 7981
39 6 718 7182
39 7 737 7374
39 8 589 5889
39 9 655 6545
39 10 735 7351
39 11 692 6921
39 12 296 2962
39 13 46 455
39 14 768 7683
39 15 328 3276
39 16 201 2009
39 17 408 4076
39 18 726 7264
39 19 510 5097
39 20 416 4155
39 21 899 8992
39 22 158 1582
39 23 908 9085
39 24 683 6829
39 25 670 6700
39 26 80 799
39 27 614 6137
39 28 567 5669
39 29 1038 10377
39 30 527 5275
39 31 599 5988
39 32 275 2746
39 33 498 4978
39 34 571 5707
39 35 401 4009
39 36 195 1954
39 37 575 5751
39 38 1046 10463
39 40 716 7160
40 1 765 7650
40 2 345 3455
40 3 671 6708
40 4 920 9203
40 5 367 3675
40 6 397 3966
40 7 553 5528
40 8 911 9111
40 9 90 898
40 10 26 264
40 11 802 8018
40 12 748 7483
40 13 679 6786
40 14 392 3918
40 15 471 4711
40 16 535 5347
40 17 954 9539
40 18 901 9014
40 19 705 7055
40 20 749 7495
40 21 773 7729
40 22 869 8695
40 23 1110 11101
40 24 42 418
40 25 932 9320
40 26 644 6439
40 27 654 6542
40 28 827 8269
40 29 543 5428
40 30 241 2406
40 31 147 1466
40 32 972 9719
40 33 320 3204
40 34 567 5670
40 35 685 6852
40 36 553 5527
40 37 207 2068
40 38 674 6739
40 39 716 7160
