40
250
671
25
23
5
17
35
22
12
8
21
13
7
1
24
31
20
15
38
34
27
6
25
10
39
29
37
30
20
29
4
23
26
38
20
21
16
31
35
6
39
13
2
19
5
37
30
18
24
1 2 185 1847
1 3 592 5918
1 4 450 4501
1 5 852 8522
1 6 344 3442
1 7 797 7970
1 8 102 1025
1 9 64 643
1 10 865 8653
1 11 961 9610
1 12 600 5997
1 13 821 8215
1 14 734 7341
1 15 168 1677
1 16 878 8783
1 17 754 7537
1 18 775 7746
1 19 619 6193
1 20 907 9073
1 21 48 479
1 22 849 8494
1 23 869 8693
1 24 940 9400
1 25 826 8263
1 26 883 8833
1 27 654 6544
1 28 726 7256
1 29 238 2378
1 30 617 6166
1 31 496 4957
1 32 493 4929
1 33 163 1633
1 34 985 9853
1 35 1022 10223
1 36 351 3515
1 37 577 5771
1 38 994 9935
1 39 328 3281
1 40 863 8634
2 1 185 1847
2 3 470 4701
2 4 325 3254
2 5 684 6841
2 6 368 3680
2 7 643 6432
2 8 268 2679
2 9 223 2233
2 10 681 6810
2 11 789 7887
2 12 428 4276
2 13 649 6489
2 14 561 5612
2 15 91 912
2 16 710 7101
2 17 588 5883
2 18 593 5925
2 19 614 6144
2 20 740 7401
2 21 228 2280
2 22 672 6723
2 23 692 6919
2 24 814 8136
2 25 650 6502
2 26 769 7686
2 27 640 6396
2 28 555 5546
2 29 167 1670
2 30 436 4355
2 31 489 4895
2 32 369 3695
2 33 121 1206
2 34 835 8346
2 35 861 8615
2 36 194 1943
2 37 414 4136
2 38 841 8413
2 39 323 3229
2 40 679 6795
3 1 592 5918
3 2 470 4701
3 4 145 1452
3 5 358 3582
3 6 399 3992
3 7 827 8274
3 8 694 6942
3 9 581 5814
3 10 609 6092
3 11 474 4735
3 12 592 5916
3 13 735 7354
3 14 669 6695
3 15 429 4293
3 16 811 8110
3 17 269 2690
3 18 601 6008
3 19 398 3976
3 20 399 3985
3 21 610 6097
3 22 420 4195
3 23 729 7294
3 24 348 3484
3 25 394 3941
3 26 298 2984
3 27 386 3855
3 28 678 6777
3 29 622 6224
3 30 335 3352
3 31 345 3450
3 32 101 1010
3 33 591 5905
3 34 414 4139
3 35 475 4753
3 36 541 5412
3 37 626 6259
3 38 425 4248
3 39 350 3501
3 40 528 5277
4 1 450 4501
4 2 325 3254
4 3 145 1452
4 5 439 4391
4 6 314 3143
4 7 753 7531
4 8 552 5521
4 9 445 4448
4 10 604 6040
4 11 556 5556
4 12 510 5100
4 13 686 6855
4 14 609 6094
4 15 285 2854
4 16 760 7602
4 17 339 3392
4 18 568 5676
4 19 413 4130
4 20 489 4888
4 21 471 4712
4 22 472 4717
4 23 694 6945
4 24 492 4924
4 25 446 4458
4 26 443 4434
4 27 417 4172
4 28 614 6138
4 29 481 4808
4 30 309 3087
4 31 320 3201
4 32 44 442
4 33 446 4460
4 34 540 5398
4 35 588 5876
4 36 414 4137
4 37 534 5340
4 38 549 5491
4 39 255 2549
4 40 547 5465
5 1 852 8522
5 2 684 6841
5 3 358 3582
5 4 439 4391
5 6 746 7458
5 7 718 7176
5 8 948 9478
5 9 863 8630
5 10 369 3685
5 11 117 1170
5 12 546 5462
5 13 576 5757
5 14 548 5482
5 15 686 6864
5 16 643 6425
5 17 101 1006
5 18 429 4285
5 19 744 7439
5 20 56 565
5 21 884 8836
5 22 105 1049
5 23 535 5345
5 24 336 3357
5 25 95 948
5 26 377 3771
5 27 723 7234
5 28 565 5648
5 29 787 7866
5 30 281 2814
5 31 703 7030
5 32 411 4111
5 33 788 7880
5 34 212 2118
5 35 189 1891
5 36 649 6488
5 37 601 6010
5 38 209 2092
5 39 690 6901
5 40 253 2532
6 1 344 3442
6 2 368 3680
6 3 399 3992
6 4 314 3143
6 5 746 7458
6 7 979 9794
6 8 429 4294
6 9 295 2954
6 10 905 9047
6 11 863 8628
6 12 742 7421
6 13 948 9479
6 14 864 8637
6 15 277 2770
6 16 1018 10183
6 17 648 6481
6 18 851 8509
6 19 276 2757
6 20 792 7916
6 21 330 3302
6 22 786 7856
6 23 972 9715
6 24 710 7099
6 25 760 7595
6 26 635 6354
6 27 313 3130
6 28 863 8629
6 29 522 5223
6 30 610 6104
6 31 156 1557
6 32 335 3354
6 33 453 4528
6 34 810 8096
6 35 874 8744
6 36 551 5513
6 37 746 7460
6 38 821 8213
6 39 62 624
6 40 857 8574
7 1 797 7970
7 2 643 6432
7 3 827 8274
7 4 753 7531
7 5 718 7176
7 6 979 9794
7 8 831 8314
7 9 853 8528
7 10 389 3894
7 11 740 7405
7 12 244 2436
7 13 161 1608
7 14 171 1705
7 15 726 7256
7 16 141 1410
7 17 692 6916
7 18 293 2925
7 19 1162 11622
7 20 757 7572
7 21 845 8449
7 22 624 6238
7 23 233 2330
7 24 1031 10313
7 25 625 6247
7 26 1042 10421
7 27 1170 11698
7 28 156 1562
7 29 570 5701
7 30 504 5045
7 31 1055 10547
7 32 774 7740
7 33 637 6370
7 34 929 9291
7 35 884 8840
7 36 450 4504
7 37 234 2336
7 38 925 9253
7 39 921 9214
7 40 496 4964
8 1 102 1025
8 2 268 2679
8 3 694 6942
8 4 552 5521
8 5 948 9478
8 6 429 4294
8 7 831 8314
8 9 134 1342
8 10 938 9381
8 11 1055 10547
8 12 654 6541
8 13 873 8734
8 14 788 7875
8 15 268 2681
8 16 925 9248
8 17 850 8501
8 18 841 8410
8 19 705 7049
8 20 1003 10033
8 21 99 993
8 22 940 9399
8 23 927 9269
8 24 1042 10424
8 25 918 9176
8 26 986 9856
8 27 742 7423
8 28 777 7770
8 29 261 2615
8 30 703 7034
8 31 584 5842
8 32 595 5951
8 33 202 2016
8 34 1086 10858
8 35 1121 11206
8 36 403 4032
8 37 624 6241
8 38 1094 10937
8 39 421 4214
8 40 945 9449
9 1 64 643
9 2 223 2233
9 3 581 5814
9 4 445 4448
9 5 863 8630
9 6 295 2954
9 7 853 8528
9 8 134 1342
9 10 901 9013
9 11 975 9746
9 12 648 6482
9 13 870 8701
9 14 782 7824
9 15 179 1794
9 16 929 9292
9 17 763 7632
9 18 815 8155
9 19 571 5710
9 20 917 9170
9 21 35 348
9 22 868 8678
9 23 915 9149
9 24 927 9273
9 25 844 8440
9 26 866 8662
9 27 608 6082
9 28 775 7750
9 29 300 3001
9 30 641 6411
9 31 450 4500
9 32 486 4857
9 33 225 2246
9 34 984 9843
9 35 1027 10271
9 36 404 4040
9 37 629 6292
9 38 993 9933
9 39 288 2884
9 40 892 8920
10 1 865 8653
10 2 681 6810
10 3 609 6092
10 4 604 6040
10 5 369 3685
10 6 905 9047
10 7 389 3894
10 8 938 9381
10 9 901 9013
10 11 361 3615
10 12 324 3243
10 13 230 2304
10 14 244 2437
10 15 730 7295
10 16 285 2850
10 17 383 3827
10 18 118 1181
10 19 1000 10004
10 20 395 3945
10 21 909 9089
10 22 264 2642
10 23 172 1723
10 24 703 7032
10 25 275 2751
10 26 736 7361
10 27 993 9931
10 28 264 2635
10 29 705 7045
10 30 296 2958
10 31 922 9222
10 32 602 6023
10 33 741 7413
10 34 569 5693
10 35 509 5090
10 36 547 5468
10 37 379 3787
10 38 563 5628
10 39 842 8423
10 40 118 1176
11 1 961 9610
11 2 789 7887
11 3 474 4735
11 4 556 5556
11 5 117 1170
11 6 863 8628
11 7 740 7405
11 8 1055 10547
11 9 975 9746
11 10 361 3615
11 12 601 6009
11 13 587 5874
11 14 577 5772
11 15 797 7967
11 16 646 6463
11 17 216 2164
11 18 448 4483
11 19 854 8536
11 20 79 789
11 21 994 9940
11 22 131 1310
11 23 534 5337
11 24 389 3890
11 25 145 1453
11 26 449 4486
11 27 831 8308
11 28 596 5956
11 29 881 8805
11 30 367 3671
11 31 818 8177
11 32 528 5281
11 33 888 8879
11 34 222 2224
11 35 148 1481
11 36 736 7359
11 37 658 6581
11 38 213 2126
11 39 807 8071
11 40 246 2459
12 1 600 5997
12 2 428 4276
12 3 592 5916
12 4 510 5100
12 5 546 5462
12 6 742 7421
12 7 244 2436
12 8 654 6541
12 9 648 6482
12 10 324 3243
12 11 601 6009
12 13 222 2219
12 14 134 1345
12 15 501 5015
12 16 283 2831
12 17 496 4957
12 18 208 2085
12 19 919 9186
12 20 595 5952
12 21 647 6468
12 22 471 4713
12 23 273 2731
12 24 829 8290
12 25 463 4634
12 26 828 8280
12 27 926 9263
12 28 127 1270
12 29 401 4011
12 30 289 2887
12 31 812 8117
12 32 532 5324
12 33 453 4525
12 34 755 7546
12 35 730 7299
12 36 251 2510
12 37 58 578
12 38 754 7538
12 39 683 6827
12 40 386 3864
13 1 821 8215
13 2 649 6489
13 3 735 7354
13 4 686 6855
13 5 576 5757
13 6 948 9479
13 7 161 1608
13 8 873 8734
13 9 870 8701
13 10 230 2304
13 11 587 5874
13 12 222 2219
13 14 88 878
13 15 720 7200
13 16 76 757
13 17 563 5631
13 18 148 1483
13 19 1098 10984
13 20 611 6107
13 21 869 8687
13 22 477 4769
13 23 76 762
13 24 900 9003
13 25 481 4811
13 26 920 9199
13 27 1100 11001
13 28 96 964
13 29 616 6164
13 30 401 4007
13 31 1001 10011
13 32 698 6983
13 33 672 6722
13 34 785 7848
13 35 733 7332
13 36 472 4715
13 37 251 2505
13 38 780 7799
13 39 887 8868
13 40 342 3416
14 1 734 7341
14 2 561 5612
14 3 669 6695
14 4 609 6094
14 5 548 5482
14 6 864 8637
14 7 171 1705
14 8 788 7875
14 9 782 7824
14 10 244 2437
14 11 577 5772
14 12 134 1345
14 13 88 878
14 15 633 6326
14 16 155 1546
14 17 521 5213
14 18 131 1313
14 19 1022 10223
14 20 589 5893
14 21 781 7813
14 22 457 4566
14 23 143 1432
14 24 861 8609
14 25 456 4561
14 26 873 8731
14 27 1026 10260
14 28 20 199
14 29 532 5321
14 30 339 3394
14 31 922 9218
14 32 625 6252
14 33 586 5861
14 34 760 7599
14 35 718 7183
14 36 385 3849
14 37 168 1678
14 38 757 7566
14 39 803 8031
14 40 338 3377
15 1 168 1677
15 2 91 912
15 3 429 4293
15 4 285 2854
15 5 686 6864
15 6 277 2770
15 7 726 7256
15 8 268 2681
15 9 179 1794
15 10 730 7295
15 11 797 7967
15 12 501 5015
15 13 720 7200
15 14 633 6326
15 16 784 7845
15 17 587 5872
15 18 650 6503
15 19 528 5284
15 20 741 7410
15 21 197 1974
15 22 689 6886
15 23 757 7575
15 24 778 7775
15 25 665 6648
15 26 725 7248
15 27 556 5557
15 28 628 6278
15 29 250 2501
15 30 462 4625
15 31 403 4027
15 32 329 3290
15 33 189 1886
15 34 818 8178
15 35 855 8548
15 36 281 2814
15 37 493 4935
15 38 826 8259
15 39 234 2336
15 40 714 7145
16 1 878 8783
16 2 710 7101
16 3 811 8110
16 4 760 7602
16 5 643 6425
16 6 1018 10183
16 7 141 1410
16 8 925 9248
16 9 929 9292
16 10 285 2850
16 11 646 6463
16 12 283 2831
16 13 76 757
16 14 155 1546
16 15 784 7845
16 17 635 6349
16 18 220 2198
16 19 1173 11732
16 20 675 6748
16 21 926 9259
16 22 542 5416
16 23 113 1131
16 24 971 9705
16 25 548 5477
16 26 992 9924
16 27 1175 11753
16 28 157 1568
16 29 665 6649
16 30 476 4763
16 31 1075 10748
16 32 774 7736
16 33 725 7248
16 34 850 8496
16 35 793 7935
16 36 527 5268
16 37 302 3015
16 38 844 8440
16 39 958 9577
16 40 401 4009
17 1 754 7537
17 2 588 5883
17 3 269 2690
17 4 339 3392
17 5 101 1006
17 6 648 6481
17 7 692 6916
17 8 850 8501
17 9 763 7632
17 10 383 3827
17 11 216 2164
17 12 496 4957
17 13 563 5631
17 14 521 5213
17 15 587 5872
17 16 635 6349
17 18 415 4152
17 19 663 6632
17 20 154 1539
17 21 784 7843
17 22 152 1524
17 23 534 5342
17 24 340 3396
17 25 128 1281
17 26 358 3578
17 27 646 6465
17 28 536 5357
17 29 698 6983
17 30 212 2119
17 31 613 6132
17 32 313 3128
17 33 695 6952
17 34 267 2674
17 35 274 2744
17 36 567 5671
17 37 547 5470
17 38 270 2698
17 39 592 5916
17 40 280 2802
18 1 775 7746
18 2 593 5925
18 3 601 6008
18 4 568 5676
18 5 429 4285
18 6 851 8509
18 7 293 2925
18 8 841 8410
18 9 815 8155
18 10 118 1181
18 11 448 4483
18 12 208 2085
18 13 148 1483
18 14 131 1313
18 15 650 6503
18 16 220 2198
18 17 415 4152
18 19 977 9769
18 20 466 4656
18 21 820 8198
18 22 332 3319
18 23 129 1288
18 24 752 7520
18 25 334 3344
18 26 773 7725
18 27 975 9750
18 28 151 1508
18 29 599 5989
18 30 267 2667
18 31 887 8873
18 32 574 5745
18 33 641 6413
18 34 639 6388
18 35 591 5915
18 36 442 4424
18 37 261 2615
18 38 634 6344
18 39 789 7887
18 40 207 2066
19 1 619 6193
19 2 614 6144
19 3 398 3976
19 4 413 4130
19 5 744 7439
19 6 276 2757
19 7 1162 11622
19 8 705 7049
19 9 571 5710
19 10 1000 10004
19 11 854 8536
19 12 919 9186
19 13 1098 10984
19 14 1022 10223
19 15 528 5284
19 16 1173 11732
19 17 663 6632
19 18 977 9769
19 20 775 7751
19 21 606 6058
19 22 815 8153
19 23 1105 11049
19 24 584 5843
19 25 790 7902
19 26 498 4980
19 27 46 459
19 28 1026 10263
19 29 779 7785
19 30 712 7122
19 31 126 1261
19 32 402 4024
19 33 715 7148
19 34 732 7320
19 35 818 8178
19 36 775 7753
19 37 937 9365
19 38 746 7460
19 39 298 2978
19 40 925 9246
20 1 907 9073
20 2 740 7401
20 3 399 3985
20 4 489 4888
20 5 56 565
20 6 792 7916
20 7 757 7572
20 8 1003 10033
20 9 917 9170
20 10 395 3945
20 11 79 789
20 12 595 5952
20 13 611 6107
20 14 589 5893
20 15 741 7410
20 16 675 6748
20 17 154 1539
20 18 466 4656
20 19 775 7751
20 21 938 9381
20 22 134 1339
20 23 565 5645
20 24 323 3230
20 25 134 1337
20 26 376 3760
20 27 752 7520
20 28 607 6066
20 29 843 8430
20 30 336 3364
20 31 741 7414
20 32 459 4587
20 33 844 8444
20 34 175 1749
20 35 135 1354
20 36 705 7046
20 37 651 6508
20 38 169 1693
20 39 737 7373
20 40 277 2770
21 1 48 479
21 2 228 2280
21 3 610 6097
21 4 471 4712
21 5 884 8836
21 6 330 3302
21 7 845 8449
21 8 99 993
21 9 35 348
21 10 909 9089
21 11 994 9940
21 12 647 6468
21 13 869 8687
21 14 781 7813
21 15 197 1974
21 16 926 9259
21 17 784 7843
21 18 820 8198
21 19 606 6058
21 20 938 9381
21 22 885 8849
21 23 916 9158
21 24 957 9565
21 25 861 8614
21 26 897 8966
21 27 643 6430
21 28 773 7730
21 29 284 2843
21 30 655 6550
21 31 485 4848
21 32 513 5128
21 33 211 2105
21 34 1010 10098
21 35 1050 10503
21 36 399 3992
21 37 625 6249
21 38 1018 10184
21 39 323 3228
21 40 904 9038
22 1 849 8494
22 2 672 6723
22 3 420 4195
22 4 472 4717
22 5 105 1049
22 6 786 7856
22 7 624 6238
22 8 940 9399
22 9 868 8678
22 10 264 2642
22 11 131 1310
22 12 471 4713
22 13 477 4769
22 14 457 4566
22 15 689 6886
22 16 542 5416
22 17 152 1524
22 18 332 3319
22 19 815 8153
22 20 134 1339
22 21 885 8849
22 23 432 4321
22 24 441 4406
22 25 26 261
22 26 480 4799
22 27 799 7989
22 28 474 4743
22 29 755 7551
22 30 242 2416
22 31 762 7616
22 32 452 4520
22 33 766 7665
22 34 308 3081
22 35 262 2622
22 36 608 6078
22 37 528 5282
22 38 303 3030
22 39 727 7267
22 40 148 1483
23 1 869 8693
23 2 692 6919
23 3 729 7294
23 4 694 6945
23 5 535 5345
23 6 972 9715
23 7 233 2330
23 8 927 9269
23 9 915 9149
23 10 172 1723
23 11 534 5337
23 12 273 2731
23 13 76 762
23 14 143 1432
23 15 757 7575
23 16 113 1131
23 17 534 5342
23 18 129 1288
23 19 1105 11049
23 20 565 5645
23 21 916 9158
23 22 432 4321
23 24 866 8658
23 25 440 4398
23 26 892 8919
23 27 1103 11035
23 28 158 1584
23 29 674 6737
23 30 395 3954
23 31 1014 10136
23 32 703 7026
23 33 725 7253
23 34 739 7395
23 35 681 6812
23 36 524 5237
23 37 311 3110
23 38 733 7335
23 39 910 9097
23 40 289 2890
24 1 940 9400
24 2 814 8136
24 3 348 3484
24 4 492 4924
24 5 336 3357
24 6 710 7099
24 7 1031 10313
24 8 1042 10424
24 9 927 9273
24 10 703 7032
24 11 389 3890
24 12 829 8290
24 13 900 9003
24 14 861 8609
24 15 778 7775
24 16 971 9705
24 17 340 3396
24 18 752 7520
24 19 584 5843
24 20 323 3230
24 21 957 9565
24 22 441 4406
24 23 866 8658
24 25 428 4282
24 26 87 871
24 27 548 5478
24 28 875 8753
24 29 957 9573
24 30 540 5404
24 31 603 6026
24 32 449 4486
24 33 933 9329
24 34 183 1826
24 35 282 2816
24 36 854 8540
24 37 877 8770
24 38 197 1968
24 39 674 6736
24 40 589 5889
25 1 826 8263
25 2 650 6502
25 3 394 3941
25 4 446 4458
25 5 95 948
25 6 760 7595
25 7 625 6247
25 8 918 9176
25 9 844 8440
25 10 275 2751
25 11 145 1453
25 12 463 4634
25 13 481 4811
25 14 456 4561
25 15 665 6648
25 16 548 5477
25 17 128 1281
25 18 334 3344
25 19 790 7902
25 20 134 1337
25 21 861 8614
25 22 26 261
25 23 440 4398
25 24 428 4282
25 26 464 4637
25 27 774 7743
25 28 473 4732
25 29 736 7363
25 30 222 2225
25 31 736 7358
25 32 426 4259
25 33 746 7459
25 34 304 3045
25 35 267 2668
25 36 591 5907
25 37 520 5196
25 38 301 3006
25 39 701 7007
25 40 162 1622
26 1 883 8833
26 2 769 7686
26 3 298 2984
26 4 443 4434
26 5 377 3771
26 6 635 6354
26 7 1042 10421
26 8 986 9856
26 9 866 8662
26 10 736 7361
26 11 449 4486
26 12 828 8280
26 13 920 9199
26 14 873 8731
26 15 725 7248
26 16 992 9924
26 17 358 3578
26 18 773 7725
26 19 498 4980
26 20 376 3760
26 21 897 8966
26 22 480 4799
26 23 892 8919
26 24 87 871
26 25 464 4637
26 27 461 4610
26 28 886 8861
26 29 919 9192
26 30 541 5411
26 31 521 5213
26 32 399 3992
26 33 889 8889
26 34 260 2596
26 35 357 3573
26 36 827 8272
26 37 872 8725
26 38 274 2742
26 39 603 6029
26 40 626 6259
27 1 654 6544
27 2 640 6396
27 3 386 3855
27 4 417 4172
27 5 723 7234
27 6 313 3130
27 7 1170 11698
27 8 742 7423
27 9 608 6082
27 10 993 9931
27 11 831 8308
27 12 926 9263
27 13 1100 11001
27 14 1026 10260
27 15 556 5557
27 16 1175 11753
27 17 646 6465
27 18 975 9750
27 19 46 459
27 20 752 7520
27 21 643 6430
27 22 799 7989
27 23 1103 11035
27 24 548 5478
27 25 774 7743
27 26 461 4610
27 28 1031 10308
27 29 805 8051
27 30 709 7089
27 31 159 1587
27 32 402 4019
27 33 743 7435
27 34 701 7006
27 35 788 7885
27 36 794 7939
27 37 947 9470
27 38 715 7147
27 39 329 3291
27 40 913 9131
28 1 726 7256
28 2 555 5546
28 3 678 6777
28 4 614 6138
28 5 565 5648
28 6 863 8629
28 7 156 1562
28 8 777 7770
28 9 775 7750
28 10 264 2635
28 11 596 5956
28 12 127 1270
28 13 96 964
28 14 20 199
28 15 628 6278
28 16 157 1568
28 17 536 5357
28 18 151 1508
28 19 1026 10263
28 20 607 6066
28 21 773 7730
28 22 474 4743
28 23 158 1584
28 24 875 8753
28 25 473 4732
28 26 886 8861
28 27 1031 10308
28 29 520 5202
28 30 350 3500
28 31 924 9243
28 32 631 6309
28 33 576 5758
28 34 777 7766
28 35 736 7361
28 36 375 3753
28 37 155 1546
28 38 773 7734
28 39 803 8027
28 40 357 3570
29 1 238 2378
29 2 167 1670
29 3 622 6224
29 4 481 4808
29 5 787 7866
29 6 522 5223
29 7 570 5701
29 8 261 2615
29 9 300 3001
29 10 705 7045
29 11 881 8805
29 12 401 4011
29 13 616 6164
29 14 532 5321
29 15 250 2501
29 16 665 6649
29 17 698 6983
29 18 599 5989
29 19 779 7785
29 20 843 8430
29 21 284 2843
29 22 755 7551
29 23 674 6737
29 24 957 9573
29 25 736 7363
29 26 919 9192
29 27 805 8051
29 28 520 5202
29 30 514 5138
29 31 653 6528
29 32 524 5239
29 33 76 761
29 34 958 9578
29 35 972 9720
29 36 158 1578
29 37 366 3659
29 38 963 9629
29 39 483 4832
29 40 730 7303
30 1 617 6166
30 2 436 4355
30 3 335 3352
30 4 309 3087
30 5 281 2814
30 6 610 6104
30 7 504 5045
30 8 703 7034
30 9 641 6411
30 10 296 2958
30 11 367 3671
30 12 289 2887
30 13 401 4007
30 14 339 3394
30 15 462 4625
30 16 476 4763
30 17 212 2119
30 18 267 2667
30 19 712 7122
30 20 336 3364
30 21 655 6550
30 22 242 2416
30 23 395 3954
30 24 540 5404
30 25 222 2225
30 26 541 5411
30 27 709 7089
30 28 350 3500
30 29 514 5138
30 31 628 6281
30 32 310 3103
30 33 525 5254
30 34 478 4780
30 35 470 4705
30 36 369 3695
30 37 337 3372
30 38 479 4793
30 39 548 5482
30 40 254 2542
31 1 496 4957
31 2 489 4895
31 3 345 3450
31 4 320 3201
31 5 703 7030
31 6 156 1557
31 7 1055 10547
31 8 584 5842
31 9 450 4500
31 10 922 9222
31 11 818 8177
31 12 812 8117
31 13 1001 10011
31 14 922 9218
31 15 403 4027
31 16 1075 10748
31 17 613 6132
31 18 887 8873
31 19 126 1261
31 20 741 7414
31 21 485 4848
31 22 762 7616
31 23 1014 10136
31 24 603 6026
31 25 736 7358
31 26 521 5213
31 27 159 1587
31 28 924 9243
31 29 653 6528
31 30 628 6281
31 32 321 3205
31 33 589 5887
31 34 727 7273
31 35 804 8038
31 36 655 6549
31 37 826 8256
31 38 740 7403
31 39 172 1718
31 40 857 8568
32 1 493 4929
32 2 369 3695
32 3 101 1010
32 4 44 442
32 5 411 4111
32 6 335 3354
32 7 774 7740
32 8 595 5951
32 9 486 4857
32 10 602 6023
32 11 528 5281
32 12 532 5324
32 13 698 6983
32 14 625 6252
32 15 329 3290
32 16 774 7736
32 17 313 3128
32 18 574 5745
32 19 402 4024
32 20 459 4587
32 21 513 5128
32 22 452 4520
32 23 703 7026
32 24 449 4486
32 25 426 4259
32 26 399 3992
32 27 402 4019
32 28 631 6309
32 29 524 5239
32 30 310 3103
32 31 321 3205
32 33 490 4900
32 34 501 5006
32 35 552 5521
32 36 452 4516
32 37 560 5599
32 38 510 5103
32 39 279 2790
32 40 537 5372
33 1 163 1633
33 2 121 1206
33 3 591 5905
33 4 446 4460
33 5 788 7880
33 6 453 4528
33 7 637 6370
33 8 202 2016
33 9 225 2246
33 10 741 7413
33 11 888 8879
33 12 453 4525
33 13 672 6722
33 14 586 5861
33 15 189 1886
33 16 725 7248
33 17 695 6952
33 18 641 6413
33 19 715 7148
33 20 844 8444
33 21 211 2105
33 22 766 7665
33 23 725 7253
33 24 933 9329
33 25 746 7459
33 26 889 8889
33 27 743 7435
33 28 576 5758
33 29 76 761
33 30 525 5254
33 31 589 5887
33 32 490 4900
33 34 948 9477
33 35 970 9695
33 36 202 2017
33 37 424 4235
33 38 954 9538
33 39 418 4175
33 40 756 7561
34 1 985 9853
34 2 835 8346
34 3 414 4139
34 4 540 5398
34 5 212 2118
34 6 810 8096
34 7 929 9291
34 8 1086 10858
34 9 984 9843
34 10 569 5693
34 11 222 2224
34 12 755 7546
34 13 785 7848
34 14 760 7599
34 15 818 8178
34 16 850 8496
34 17 267 2674
34 18 639 6388
34 19 732 7320
34 20 175 1749
34 21 1010 10098
34 22 308 3081
34 23 739 7395
34 24 183 1826
34 25 304 3045
34 26 260 2596
34 27 701 7006
34 28 777 7766
34 29 958 9578
34 30 478 4780
34 31 727 7273
34 32 501 5006
34 33 948 9477
34 35 99 990
34 36 833 8326
34 37 808 8083
34 38 15 146
34 39 763 7634
34 40 452 4517
35 1 1022 10223
35 2 861 8615
35 3 475 4753
35 4 588 5876
35 5 189 1891
35 6 874 8744
35 7 884 8840
35 8 1121 11206
35 9 1027 10271
35 10 509 5090
35 11 148 1481
35 12 730 7299
35 13 733 7332
35 14 718 7183
35 15 855 8548
35 16 793 7935
35 17 274 2744
35 18 591 5915
35 19 818 8178
35 20 135 1354
35 21 1050 10503
35 22 262 2622
35 23 681 6812
35 24 282 2816
35 25 267 2668
35 26 357 3573
35 27 788 7885
35 28 736 7361
35 29 972 9720
35 30 470 4705
35 31 804 8038
35 32 552 5521
35 33 970 9695
35 34 99 990
35 36 837 8370
35 37 786 7858
35 38 85 849
35 39 825 8245
35 40 393 3926
36 1 351 3515
36 2 194 1943
36 3 541 5412
36 4 414 4137
36 5 649 6488
36 6 551 5513
36 7 450 4504
36 8 403 4032
36 9 404 4040
36 10 547 5468
36 11 736 7359
36 12 251 2510
36 13 472 4715
36 14 385 3849
36 15 281 2814
36 16 527 5268
36 17 567 5671
36 18 442 4424
36 19 775 7753
36 20 705 7046
36 21 399 3992
36 22 608 6078
36 23 524 5237
36 24 854 8540
36 25 591 5907
36 26 827 8272
36 27 794 7939
36 28 375 3753
36 29 158 1578
36 30 369 3695
36 31 655 6549
36 32 452 4516
36 33 202 2017
36 34 833 8326
36 35 837 8370
36 37 226 2257
36 38 836 8361
36 39 499 4994
36 40 574 5742
37 1 577 5771
37 2 414 4136
37 3 626 6259
37 4 534 5340
37 5 601 6010
37 6 746 7460
37 7 234 2336
37 8 624 6241
37 9 629 6292
37 10 379 3787
37 11 658 6581
37 12 58 578
37 13 251 2505
37 14 168 1678
37 15 493 4935
37 16 302 3015
37 17 547 5470
37 18 261 2615
37 19 937 9365
37 20 651 6508
37 21 625 6249
37 22 528 5282
37 23 311 3110
37 24 877 8770
37 25 520 5196
37 26 872 8725
37 27 947 9470
37 28 155 1546
37 29 366 3659
37 30 337 3372
37 31 826 8256
37 32 560 5599
37 33 424 4235
37 34 808 8083
37 35 786 7858
37 36 226 2257
37 38 808 8078
37 39 688 6884
37 40 444 4440
38 1 994 9935
38 2 841 8413
38 3 425 4248
38 4 549 5491
38 5 209 2092
38 6 821 8213
38 7 925 9253
38 8 1094 10937
38 9 993 9933
38 10 563 5628
38 11 213 2126
38 12 754 7538
38 13 780 7799
38 14 757 7566
38 15 826 8259
38 16 844 8440
38 17 270 2698
38 18 634 6344
38 19 746 7460
38 20 169 1693
38 21 1018 10184
38 22 303 3030
38 23 733 7335
38 24 197 1968
38 25 301 3006
38 26 274 2742
38 27 715 7147
38 28 773 7734
38 29 963 9629
38 30 479 4793
38 31 740 7403
38 32 510 5103
38 33 954 9538
38 34 15 146
38 35 85 849
38 36 836 8361
38 37 808 8078
38 39 775 7746
38 40 445 4452
39 1 328 3281
39 2 323 3229
39 3 350 3501
39 4 255 2549
39 5 690 6901
39 6 62 624
39 7 921 9214
39 8 421 4214
39 9 288 2884
39 10 842 8423
39 11 807 8071
39 12 683 6827
39 13 887 8868
39 14 803 8031
39 15 234 2336
39 16 958 9577
39 17 592 5916
39 18 789 7887
39 19 298 2978
39 20 737 7373
39 21 323 3228
39 22 727 7267
39 23 910 9097
39 24 674 6736
39 25 701 7007
39 26 603 6029
39 27 329 3291
39 28 803 8027
39 29 483 4832
39 30 548 5482
39 31 172 1718
39 32 279 2790
39 33 418 4175
39 34 763 7634
39 35 825 8245
39 36 499 4994
39 37 688 6884
39 38 775 7746
39 40 796 7959
40 1 863 8634
40 2 679 6795
40 3 528 5277
40 4 547 5465
40 5 253 2532
40 6 857 8574
40 7 496 4964
40 8 945 9449
40 9 892 8920
40 10 118 1176
40 11 246 2459
40 12 386 3864
40 13 342 3416
40 14 338 3377
40 15 714 7145
40 16 401 4009
40 17 280 2802
40 18 207 2066
40 19 925 9246
40 20 277 2770
40 21 904 9038
40 22 148 1483
40 23 289 2890
40 24 589 5889
40 25 162 1622
40 26 626 6259
40 27 913 9131
40 28 357 3570
40 29 730 7303
40 30 254 2542
40 31 857 8568
40 32 537 5372
40 33 756 7561
40 34 452 4517
40 35 393 3926
40 36 574 5742
40 37 444 4440
40 38 445 4452
40 39 796 7959
