40
944
85
16
19
3
32
14
40
22
27
29
37
16
2
15
33
6
38
9
2
14
23
1 2 529 5286
1 3 496 4965
1 4 293 2932
1 5 365 3653
1 6 776 7760
1 7 185 1845
1 8 753 7533
1 9 24 244
1 10 303 3025
1 11 185 1848
1 12 642 6418
1 13 328 3284
1 14 33 328
1 15 645 6449
1 16 289 2892
1 17 452 4519
1 18 309 3094
1 19 707 7071
1 20 494 4945
1 21 727 7271
1 22 177 1772
1 23 358 3582
1 24 542 5425
1 25 136 1358
1 26 786 7856
1 27 789 7890
1 28 478 4779
1 29 130 1304
1 30 378 3785
1 31 475 4748
1 32 726 7264
1 33 907 9073
1 34 675 6746
1 35 676 6759
1 36 554 5537
1 37 535 5353
1 38 285 2847
1 39 393 3932
1 40 708 7077
2 1 529 5286
2 3 737 7368
2 4 265 2649
2 5 627 6273
2 6 309 3086
2 7 508 5075
2 8 511 5110
2 9 509 5092
2 10 679 6789
2 11 348 3483
2 12 201 2006
2 13 342 3419
2 14 561 5612
2 15 148 1482
2 16 286 2859
2 17 320 3200
2 18 514 5137
2 19 279 2794
2 20 34 344
2 21 366 3661
2 22 483 4829
2 23 351 3513
2 24 103 1025
2 25 656 6565
2 26 327 3269
2 27 317 3173
2 28 152 1522
2 29 598 5985
2 30 310 3096
2 31 280 2802
2 32 621 6209
2 33 598 5976
2 34 505 5053
2 35 162 1616
2 36 669 6692
2 37 527 5267
2 38 710 7104
2 39 286 2855
2 40 299 2988
3 1 496 4965
3 2 737 7368
3 4 503 5027
3 5 136 1357
3 6 1045 10450
3 7 327 3268
3 8 570 5703
3 9 483 4830
3 10 217 2172
3 11 565 5647
3 12 926 9260
3 13 753 7529
3 14 493 4929
3 15 763 7631
3 16 476 4756
3 17 856 8559
3 18 238 2384
3 19 1005 10053
3 20 714 7145
3 21 670 6699
3 22 664 6635
3 23 786 7863
3 24 812 8121
3 25 558 5580
3 26 1063 10625
3 27 1054 10541
3 28 790 7897
3 29 382 3819
3 30 428 4277
3 31 856 8564
3 32 429 4294
3 33 725 7250
3 34 469 4694
3 35 806 8064
3 36 153 1526
3 37 291 2913
3 38 274 2741
3 39 786 7865
3 40 1019 10186
4 1 293 2932
4 2 265 2649
4 3 503 5027
4 5 379 3795
4 6 559 5588
4 7 243 2427
4 8 503 5028
4 9 270 2702
4 10 416 4161
4 11 156 1561
4 12 432 4315
4 13 296 2962
4 14 323 3234
4 15 358 3578
4 16 27 273
4 17 371 3707
4 18 266 2663
4 19 509 5091
4 20 234 2345
4 21 443 4428
4 22 324 3242
4 23 326 3261
4 24 318 3179
4 25 429 4287
4 26 574 5739
4 27 570 5696
4 28 287 2872
4 29 339 3387
4 30 132 1325
4 31 362 3618
4 32 531 5314
4 33 643 6429
4 34 446 4457
4 35 393 3927
4 36 473 4726
4 37 371 3712
4 38 446 4456
4 39 303 3026
4 40 520 5199
5 1 365 3653
5 2 627 6273
5 3 136 1357
5 4 379 3795
5 6 933 9326
5 7 191 1912
5 8 555 5552
5 9 350 3504
5 10 128 1275
5 11 430 4299
5 12 809 8091
5 13 618 6183
5 14 365 3649
5 15 672 6724
5 16 353 3531
5 17 723 7233
5 18 114 1142
5 19 888 8875
5 20 602 6021
5 21 619 6194
5 22 529 5290
5 23 652 6516
5 24 695 6950
5 25 440 4400
5 26 949 9491
5 27 943 9425
5 28 666 6661
5 29 260 2598
5 30 326 3256
5 31 726 7259
5 32 451 4510
5 33 717 7170
5 34 455 4554
5 35 715 7147
5 36 206 2064
5 37 272 2721
5 38 193 1927
5 39 654 6542
5 40 899 8991
6 1 776 7760
6 2 309 3086
6 3 1045 10450
6 4 559 5588
6 5 933 9326
6 7 797 7974
6 8 756 7557
6 9 762 7616
6 10 974 9740
6 11 593 5927
6 12 134 1342
6 13 488 4883
6 14 808 8083
6 15 340 3396
6 16 583 5831
6 17 387 3867
6 18 818 8185
6 19 84 839
6 20 331 3309
6 21 580 5804
6 22 673 6731
6 23 475 4752
6 24 242 2422
6 25 886 8863
6 26 22 223
6 27 14 141
6 28 298 2981
6 29 870 8704
6 30 618 6181
6 31 342 3419
6 32 897 8973
6 33 793 7930
6 34 777 7771
6 35 305 3049
6 36 976 9758
6 37 828 8284
6 38 998 9983
6 39 411 4107
6 40 103 1034
7 1 185 1845
7 2 508 5075
7 3 327 3268
7 4 243 2427
7 5 191 1912
7 6 797 7974
7 8 602 6021
7 9 166 1657
7 10 179 1787
7 11 246 2460
7 12 667 6669
7 13 433 4332
7 14 193 1932
7 15 589 5889
7 16 222 2225
7 17 544 5444
7 18 126 1257
7 19 742 7419
7 20 477 4770
7 21 610 6097
7 22 339 3386
7 23 466 4664
7 24 555 5552
7 25 289 2894
7 26 811 8113
7 27 809 8087
7 28 512 5116
7 29 126 1265
7 30 260 2596
7 31 553 5526
7 32 552 5521
7 33 762 7621
7 34 514 5144
7 35 627 6271
7 36 370 3695
7 37 359 3591
7 38 203 2029
7 39 477 4765
7 40 749 7495
8 1 753 7533
8 2 511 5110
8 3 570 5703
8 4 503 5028
8 5 555 5552
8 6 756 7557
8 7 602 6021
8 9 729 7291
8 10 676 6761
8 11 658 6584
8 12 694 6938
8 13 776 7760
8 14 775 7753
8 15 417 4175
8 16 491 4906
8 17 806 8063
8 18 500 4996
8 19 763 7630
8 20 518 5175
8 21 181 1812
8 22 826 8259
8 23 800 7996
8 24 613 6132
8 25 882 8817
8 26 778 7779
8 27 758 7578
8 28 653 6525
8 29 728 7281
8 30 381 3812
8 31 776 7758
8 32 183 1830
8 33 163 1627
8 34 101 1014
8 35 451 4509
8 36 424 4243
8 37 285 2855
8 38 738 7380
8 39 752 7519
8 40 788 7881
9 1 24 244
9 2 509 5092
9 3 483 4830
9 4 270 2702
9 5 350 3504
9 6 762 7616
9 7 166 1657
9 8 729 7291
9 10 295 2950
9 11 169 1689
9 12 627 6273
9 13 323 3230
9 14 53 534
9 15 623 6233
9 16 266 2655
9 17 446 4455
9 18 289 2894
9 19 694 6940
9 20 475 4751
9 21 703 7029
9 22 184 1838
9 23 354 3538
9 24 526 5262
9 25 160 1595
9 26 772 7716
9 27 774 7744
9 28 464 4635
9 29 129 1286
9 30 354 3541
9 31 466 4663
9 32 704 7035
9 33 883 8829
9 34 651 6507
9 35 655 6549
9 36 535 5352
9 37 513 5130
9 38 282 2824
9 39 385 3849
9 40 695 6954
10 1 303 3025
10 2 679 6789
10 3 217 2172
10 4 416 4161
10 5 128 1275
10 6 974 9740
10 7 179 1787
10 8 676 6761
10 9 295 2950
10 11 419 4190
10 12 844 8445
10 13 602 6021
10 14 291 2915
10 15 746 7464
10 16 393 3933
10 17 718 7178
10 18 190 1905
10 19 920 9201
10 20 650 6499
10 21 725 7251
10 22 479 4786
10 23 635 6348
10 24 732 7321
10 25 344 3435
10 26 988 9885
10 27 985 9851
10 28 690 6902
10 29 176 1757
10 30 401 4008
10 31 729 7287
10 32 578 5784
10 33 839 8386
10 34 578 5777
10 35 787 7868
10 36 329 3286
10 37 397 3966
10 38 65 653
10 39 651 6510
10 40 928 9280
11 1 185 1848
11 2 348 3483
11 3 565 5647
11 4 156 1561
11 5 430 4299
11 6 593 5927
11 7 246 2460
11 8 658 6584
11 9 169 1689
11 10 419 4190
11 12 459 4586
11 13 188 1884
11 14 218 2175
11 15 474 4743
11 16 169 1685
11 17 299 2990
11 18 333 3326
11 19 526 5262
11 20 314 3139
11 21 595 5947
11 22 168 1682
11 23 222 2217
11 24 358 3577
11 25 308 3083
11 26 603 6031
11 27 605 6055
11 28 295 2949
11 29 283 2829
11 30 281 2815
11 31 311 3106
11 32 676 6756
11 33 799 7989
11 34 598 5976
11 35 502 5016
11 36 573 5730
11 37 502 5015
11 38 426 4256
11 39 232 2320
11 40 529 5287
12 1 642 6418
12 2 201 2006
12 3 926 9260
12 4 432 4315
12 5 809 8091
12 6 134 1342
12 7 667 6669
12 8 694 6938
12 9 627 6273
12 10 844 8445
12 11 459 4586
12 13 361 3610
12 14 674 6741
12 15 283 2826
12 16 457 4569
12 17 271 2713
12 18 695 6950
12 19 80 798
12 20 215 2146
12 21 531 5306
12 22 543 5428
12 23 351 3515
12 24 114 1141
12 25 753 7530
12 26 145 1453
12 27 147 1472
12 28 164 1639
12 29 737 7369
12 30 503 5033
12 31 224 2238
12 32 817 8171
12 33 757 7569
12 34 699 6995
12 35 262 2618
12 36 867 8671
12 37 727 7270
12 38 867 8668
12 39 284 2838
12 40 98 983
13 1 328 3284
13 2 342 3419
13 3 753 7529
13 4 296 2962
13 5 618 6183
13 6 488 4883
13 7 433 4332
13 8 776 7760
13 9 323 3230
13 10 602 6021
13 11 188 1884
13 12 361 3610
13 14 356 3565
13 15 489 4895
13 16 319 3194
13 17 124 1241
13 18 519 5192
13 19 409 4095
13 20 313 3129
13 21 674 6740
13 22 188 1877
13 23 33 333
13 24 296 2956
13 25 412 4120
13 26 493 4926
13 27 502 5022
13 28 215 2147
13 29 450 4503
13 30 428 4277
13 31 154 1541
13 32 826 8256
13 33 898 8975
13 34 733 7328
13 35 502 5020
13 36 754 7544
13 37 667 6667
13 38 601 6013
13 39 78 777
13 40 403 4031
14 1 33 328
14 2 561 5612
14 3 493 4929
14 4 323 3234
14 5 365 3649
14 6 808 8083
14 7 193 1932
14 8 775 7753
14 9 53 534
14 10 291 2915
14 11 218 2175
14 12 674 6741
14 13 356 3565
14 15 677 6766
14 16 318 3182
14 17 480 4803
14 18 319 3188
14 19 739 7390
14 20 527 5271
14 21 754 7542
14 22 196 1960
14 23 385 3855
14 24 575 5752
14 25 108 1080
14 26 818 8177
14 27 821 8213
14 28 510 5102
14 29 116 1160
14 30 404 4037
14 31 505 5045
14 32 742 7419
14 33 931 9307
14 34 694 6944
14 35 708 7079
14 36 559 5588
14 37 550 5497
14 38 267 2673
14 39 423 4230
14 40 739 7392
15 1 645 6449
15 2 148 1482
15 3 763 7631
15 4 358 3578
15 5 672 6724
15 6 340 3396
15 7 589 5889
15 8 417 4175
15 9 623 6233
15 10 746 7464
15 11 474 4743
15 12 283 2826
15 13 489 4895
15 14 677 6766
15 16 371 3710
15 17 465 4646
15 18 564 5644
15 19 347 3469
15 20 177 1769
15 21 248 2483
15 22 622 6215
15 23 500 4995
15 24 229 2287
15 25 778 7778
15 26 362 3616
15 27 343 3427
15 28 296 2961
15 29 695 6954
15 30 348 3480
15 31 422 4223
15 32 559 5592
15 33 475 4747
15 34 439 4388
15 35 43 435
15 36 669 6686
15 37 511 5113
15 38 787 7874
15 39 434 4335
15 40 373 3730
16 1 289 2892
16 2 286 2859
16 3 476 4756
16 4 27 273
16 5 353 3531
16 6 583 5831
16 7 222 2225
16 8 491 4906
16 9 266 2655
16 10 393 3933
16 11 169 1685
16 12 457 4569
16 13 319 3194
16 14 318 3182
16 15 371 3710
16 17 397 3970
16 18 240 2396
16 19 535 5348
16 20 257 2566
16 21 440 4402
16 22 335 3354
16 23 350 3499
16 24 343 3430
16 25 425 4250
16 26 599 5986
16 27 594 5937
16 28 314 3141
16 29 324 3245
16 30 114 1136
16 31 389 3888
16 32 511 5114
16 33 634 6342
16 34 429 4294
16 35 407 4074
16 36 446 4458
16 37 347 3473
16 38 425 4251
16 39 329 3286
16 40 546 5460
17 1 452 4519
17 2 320 3200
17 3 856 8559
17 4 371 3707
17 5 723 7233
17 6 387 3867
17 7 544 5444
17 8 806 8063
17 9 446 4455
17 10 718 7178
17 11 299 2990
17 12 271 2713
17 13 124 1241
17 14 480 4803
17 15 465 4646
17 16 397 3970
17 18 618 6184
17 19 304 3041
17 20 300 3002
17 21 681 6807
17 22 308 3079
17 23 98 984
17 24 242 2418
17 25 535 5345
17 26 388 3875
17 27 401 4007
17 28 169 1686
17 29 572 5717
17 30 493 4934
17 31 48 479
17 32 880 8803
17 33 911 9110
17 34 778 7776
17 35 466 4664
17 36 842 8423
17 37 738 7380
17 38 721 7209
17 39 69 695
17 40 293 2930
18 1 309 3094
18 2 514 5137
18 3 238 2384
18 4 266 2663
18 5 114 1142
18 6 818 8185
18 7 126 1257
18 8 500 4996
18 9 289 2894
18 10 190 1905
18 11 333 3326
18 12 695 6950
18 13 519 5192
18 14 319 3188
18 15 564 5644
18 16 240 2396
18 17 618 6184
18 19 774 7736
18 20 488 4881
18 21 535 5354
18 22 453 4533
18 23 552 5524
18 24 581 5809
18 25 413 4127
18 26 835 8349
18 27 828 8284
18 28 553 5533
18 29 239 2391
18 30 216 2164
18 31 618 6181
18 32 431 4314
18 33 662 6619
18 34 406 4058
18 35 606 6061
18 36 248 2484
18 37 238 2385
18 38 245 2452
18 39 549 5490
18 40 785 7854
19 1 707 7071
19 2 279 2794
19 3 1005 10053
19 4 509 5091
19 5 888 8875
19 6 84 839
19 7 742 7419
19 8 763 7630
19 9 694 6940
19 10 920 9201
19 11 526 5262
19 12 80 798
19 13 409 4095
19 14 739 7390
19 15 347 3469
19 16 535 5348
19 17 304 3041
19 18 774 7736
19 20 294 2943
19 21 595 5948
19 22 596 5958
19 23 395 3946
19 24 193 1932
19 25 813 8127
19 26 84 836
19 27 98 977
19 28 232 2325
19 29 807 8072
19 30 583 5830
19 31 260 2602
19 32 892 8920
19 33 817 8168
19 34 773 7735
19 35 320 3199
19 36 947 9468
19 37 806 8060
19 38 940 9404
19 39 332 3320
19 40 28 285
20 1 494 4945
20 2 34 344
20 3 714 7145
20 4 234 2345
20 5 602 6021
20 6 331 3309
20 7 477 4770
20 8 518 5175
20 9 475 4751
20 10 650 6499
20 11 314 3139
20 12 215 2146
20 13 313 3129
20 14 527 5271
20 15 177 1769
20 16 257 2566
20 17 300 3002
20 18 488 4881
20 19 294 2943
20 21 381 3811
20 22 450 4495
20 23 324 3242
20 24 106 1059
20 25 622 6221
20 26 348 3481
20 27 340 3405
20 28 136 1362
20 29 566 5658
20 30 289 2892
20 31 263 2632
20 32 618 6183
20 33 612 6121
20 34 505 5051
20 35 194 1940
20 36 652 6525
20 37 514 5143
20 38 680 6799
20 39 260 2605
20 40 311 3114
21 1 727 7271
21 2 366 3661
21 3 670 6699
21 4 443 4428
21 5 619 6194
21 6 580 5804
21 7 610 6097
21 8 181 1812
21 9 703 7029
21 10 725 7251
21 11 595 5947
21 12 531 5306
21 13 674 6740
21 14 754 7542
21 15 248 2483
21 16 440 4402
21 17 681 6807
21 18 535 5354
21 19 595 5948
21 20 381 3811
21 22 761 7610
21 23 692 6924
21 24 464 4640
21 25 862 8620
21 26 603 6027
21 27 582 5816
21 28 517 5166
21 29 734 7339
21 30 354 3536
21 31 644 6442
21 32 351 3513
21 33 232 2316
21 34 238 2377
21 35 276 2765
21 36 541 5408
21 37 381 3810
21 38 780 7803
21 39 635 6354
21 40 621 6211
22 1 177 1772
22 2 483 4829
22 3 664 6635
22 4 324 3242
22 5 529 5290
22 6 673 6731
22 7 339 3386
22 8 826 8259
22 9 184 1838
22 10 479 4786
22 11 168 1682
22 12 543 5428
22 13 188 1877
22 14 196 1960
22 15 622 6215
22 16 335 3354
22 17 308 3079
22 18 453 4533
22 19 596 5958
22 20 450 4495
22 21 761 7610
22 23 209 2095
22 24 463 4630
22 25 228 2279
22 26 679 6785
22 27 687 6868
22 28 386 3858
22 29 308 3076
22 30 447 4468
22 31 342 3417
22 32 834 8344
22 33 967 9670
22 34 762 7623
22 35 643 6432
22 36 702 7016
22 37 653 6530
22 38 462 4616
22 39 264 2642
22 40 590 5905
23 1 358 3582
23 2 351 3513
23 3 786 7863
23 4 326 3261
23 5 652 6516
23 6 475 4752
23 7 466 4664
23 8 800 7996
23 9 354 3538
23 10 635 6348
23 11 222 2217
23 12 351 3515
23 13 33 333
23 14 385 3855
23 15 500 4995
23 16 350 3499
23 17 98 984
23 18 552 5524
23 19 395 3946
23 20 324 3242
23 21 692 6924
23 22 209 2095
23 24 296 2960
23 25 436 4363
23 26 478 4781
23 27 489 4892
23 28 215 2150
23 29 482 4816
23 30 457 4568
23 31 135 1351
23 32 854 8537
23 33 918 9179
23 34 759 7590
23 35 509 5093
23 36 787 7869
23 37 697 6971
23 38 633 6332
23 39 70 704
23 40 386 3862
24 1 542 5425
24 2 103 1025
24 3 812 8121
24 4 318 3179
24 5 695 6950
24 6 242 2422
24 7 555 5552
24 8 613 6132
24 9 526 5262
24 10 732 7321
24 11 358 3577
24 12 114 1141
24 13 296 2956
24 14 575 5752
24 15 229 2287
24 16 343 3430
24 17 242 2418
24 18 581 5809
24 19 193 1932
24 20 106 1059
24 21 464 4640
24 22 463 4630
24 23 296 2960
24 25 661 6606
24 26 256 2564
24 27 254 2537
24 28 81 811
24 29 630 6304
24 30 391 3910
24 31 197 1967
24 32 722 7221
24 33 695 6952
24 34 607 6074
24 35 226 2255
24 36 756 7562
24 37 620 6199
24 38 756 7562
24 39 226 2257
24 40 208 2077
25 1 136 1358
25 2 656 6565
25 3 558 5580
25 4 429 4287
25 5 440 4400
25 6 886 8863
25 7 289 2894
25 8 882 8817
25 9 160 1595
25 10 344 3435
25 11 308 3083
25 12 753 7530
25 13 412 4120
25 14 108 1080
25 15 778 7778
25 16 425 4250
25 17 535 5345
25 18 413 4127
25 19 813 8127
25 20 622 6221
25 21 862 8620
25 22 228 2279
25 23 436 4363
25 24 661 6606
25 26 894 8938
25 27 900 8997
25 28 590 5903
25 29 181 1806
25 30 512 5116
25 31 566 5656
25 32 842 8415
25 33 1038 10379
25 34 799 7991
25 35 807 8075
25 36 642 6423
25 37 649 6485
25 38 301 3009
25 39 486 4856
25 40 810 8101
26 1 786 7856
26 2 327 3269
26 3 1063 10625
26 4 574 5739
26 5 949 9491
26 6 22 223
26 7 811 8113
26 8 778 7779
26 9 772 7716
26 10 988 9885
26 11 603 6031
26 12 145 1453
26 13 493 4926
26 14 818 8177
26 15 362 3616
26 16 599 5986
26 17 388 3875
26 18 835 8349
26 19 84 836
26 20 348 3481
26 21 603 6027
26 22 679 6785
26 23 478 4781
26 24 256 2564
26 25 894 8938
26 27 26 261
26 28 308 3082
26 29 882 8821
26 30 636 6362
26 31 344 3438
26 32 919 9189
26 33 815 8153
26 34 799 7989
26 35 327 3271
26 36 995 9951
26 37 848 8484
26 38 1012 10117
26 39 415 4151
26 40 98 976
27 1 789 7890
27 2 317 3173
27 3 1054 10541
27 4 570 5696
27 5 943 9425
27 6 14 141
27 7 809 8087
27 8 758 7578
27 9 774 7744
27 10 985 9851
27 11 605 6055
27 12 147 1472
27 13 502 5022
27 14 821 8213
27 15 343 3427
27 16 594 5937
27 17 401 4007
27 18 828 8284
27 19 98 977
27 20 340 3405
27 21 582 5816
27 22 687 6868
27 23 489 4892
27 24 254 2537
27 25 900 8997
27 26 26 261
27 28 311 3111
27 29 883 8827
27 30 627 6269
27 31 356 3559
27 32 901 9012
27 33 792 7922
27 34 781 7810
27 35 307 3069
27 36 983 9834
27 37 835 8351
27 38 1010 10099
27 39 425 4246
27 40 116 1165
28 1 478 4779
28 2 152 1522
28 3 790 7897
28 4 287 2872
28 5 666 6661
28 6 298 2981
28 7 512 5116
28 8 653 6525
28 9 464 4635
28 10 690 6902
28 11 295 2949
28 12 164 1639
28 13 215 2147
28 14 510 5102
28 15 296 2961
28 16 314 3141
28 17 169 1686
28 18 553 5533
28 19 232 2325
28 20 136 1362
28 21 517 5166
28 22 386 3858
28 23 215 2150
28 24 81 811
28 25 590 5903
28 26 308 3082
28 27 311 3111
28 29 575 5748
28 30 384 3837
28 31 128 1280
28 32 745 7446
28 33 748 7479
28 34 635 6348
28 35 299 2994
28 36 749 7486
28 37 624 6237
28 38 709 7085
28 39 145 1449
28 40 238 2381
29 1 130 1304
29 2 598 5985
29 3 382 3819
29 4 339 3387
29 5 260 2598
29 6 870 8704
29 7 126 1265
29 8 728 7281
29 9 129 1286
29 10 176 1757
29 11 283 2829
29 12 737 7369
29 13 450 4503
29 14 116 1160
29 15 695 6954
29 16 324 3245
29 17 572 5717
29 18 239 2391
29 19 807 8072
29 20 566 5658
29 21 734 7339
29 22 308 3076
29 23 482 4816
29 24 630 6304
29 25 181 1806
29 26 882 8821
29 27 883 8827
29 28 575 5748
29 30 381 3814
29 31 590 5899
29 32 671 6705
29 33 888 8884
29 34 639 6392
29 35 731 7313
29 36 462 4619
29 37 478 4776
29 38 154 1544
29 39 509 5091
29 40 811 8108
30 1 378 3785
30 2 310 3096
30 3 428 4277
30 4 132 1325
30 5 326 3256
30 6 618 6181
30 7 260 2596
30 8 381 3812
30 9 354 3541
30 10 401 4008
30 11 281 2815
30 12 503 5033
30 13 428 4277
30 14 404 4037
30 15 348 3480
30 16 114 1136
30 17 493 4934
30 18 216 2164
30 19 583 5830
30 20 289 2892
30 21 354 3536
30 22 447 4468
30 23 457 4568
30 24 391 3910
30 25 512 5116
30 26 636 6362
30 27 627 6269
30 28 384 3837
30 29 381 3814
30 31 478 4783
30 32 399 3990
30 33 530 5302
30 34 316 3161
30 35 390 3898
30 36 366 3661
30 37 245 2448
30 38 447 4467
30 39 427 4275
30 40 599 5988
31 1 475 4748
31 2 280 2802
31 3 856 8564
31 4 362 3618
31 5 726 7259
31 6 342 3419
31 7 553 5526
31 8 776 7758
31 9 466 4663
31 10 729 7287
31 11 311 3106
31 12 224 2238
31 13 154 1541
31 14 505 5045
31 15 422 4223
31 16 389 3888
31 17 48 479
31 18 618 6181
31 19 260 2602
31 20 263 2632
31 21 644 6442
31 22 342 3417
31 23 135 1351
31 24 197 1967
31 25 566 5656
31 26 344 3438
31 27 356 3559
31 28 128 1280
31 29 590 5899
31 30 478 4783
31 32 858 8577
31 33 875 8752
31 34 752 7519
31 35 422 4221
31 36 834 8344
31 37 723 7229
31 38 736 7360
31 39 82 816
31 40 251 2512
32 1 726 7264
32 2 621 6209
32 3 429 4294
32 4 531 5314
32 5 451 4510
32 6 897 8973
32 7 552 5521
32 8 183 1830
32 9 704 7035
32 10 578 5784
32 11 676 6756
32 12 817 8171
32 13 826 8256
32 14 742 7419
32 15 559 5592
32 16 511 5114
32 17 880 8803
32 18 431 4314
32 19 892 8920
32 20 618 6183
32 21 351 3513
32 22 834 8344
32 23 854 8537
32 24 722 7221
32 25 842 8415
32 26 919 9189
32 27 901 9012
32 28 745 7446
32 29 671 6705
32 30 399 3990
32 31 858 8577
32 33 308 3084
32 34 120 1205
32 35 598 5979
32 36 277 2768
32 37 193 1932
32 38 643 6434
32 39 818 8182
32 40 915 9148
33 1 907 9073
33 2 598 5976
33 3 725 7250
33 4 643 6429
33 5 717 7170
33 6 793 7930
33 7 762 7621
33 8 163 1627
33 9 883 8829
33 10 839 8386
33 11 799 7989
33 12 757 7569
33 13 898 8975
33 14 931 9307
33 15 475 4747
33 16 634 6342
33 17 911 9110
33 18 662 6619
33 19 817 8168
33 20 612 6121
33 21 232 2316
33 22 967 9670
33 23 918 9179
33 24 695 6952
33 25 1038 10379
33 26 815 8153
33 27 792 7922
33 28 748 7479
33 29 888 8884
33 30 530 5302
33 31 875 8752
33 32 308 3084
33 34 262 2617
33 35 497 4970
33 36 575 5753
33 37 446 4459
33 38 901 9006
33 39 863 8635
33 40 844 8440
34 1 675 6746
34 2 505 5053
34 3 469 4694
34 4 446 4457
34 5 455 4554
34 6 777 7771
34 7 514 5144
34 8 101 1014
34 9 651 6507
34 10 578 5777
34 11 598 5976
34 12 699 6995
34 13 733 7328
34 14 694 6944
34 15 439 4388
34 16 429 4294
34 17 778 7776
34 18 406 4058
34 19 773 7735
34 20 505 5051
34 21 238 2377
34 22 762 7623
34 23 759 7590
34 24 607 6074
34 25 799 7991
34 26 799 7989
34 27 781 7810
34 28 635 6348
34 29 639 6392
34 30 316 3161
34 31 752 7519
34 32 120 1205
34 33 262 2617
34 35 477 4774
34 36 325 3248
34 37 184 1845
34 38 640 6404
34 39 718 7182
34 40 797 7967
35 1 676 6759
35 2 162 1616
35 3 806 8064
35 4 393 3927
35 5 715 7147
35 6 305 3049
35 7 627 6271
35 8 451 4509
35 9 655 6549
35 10 787 7868
35 11 502 5016
35 12 262 2618
35 13 502 5020
35 14 708 7079
35 15 43 435
35 16 407 4074
35 17 466 4664
35 18 606 6061
35 19 320 3199
35 20 194 1940
35 21 276 2765
35 22 643 6432
35 23 509 5093
35 24 226 2255
35 25 807 8075
35 26 327 3271
35 27 307 3069
35 28 299 2994
35 29 731 7313
35 30 390 3898
35 31 422 4221
35 32 598 5979
35 33 497 4970
35 34 477 4774
35 36 712 7120
35 37 554 5544
35 38 827 8268
35 39 441 4414
35 40 347 3470
36 1 554 5537
36 2 669 6692
36 3 153 1526
36 4 473 4726
36 5 206 2064
36 6 976 9758
36 7 370 3695
36 8 424 4243
36 9 535 5352
36 10 329 3286
36 11 573 5730
36 12 867 8671
36 13 754 7544
36 14 559 5588
36 15 669 6686
36 16 446 4458
36 17 842 8423
36 18 248 2484
36 19 947 9468
36 20 652 6525
36 21 541 5408
36 22 702 7016
36 23 787 7869
36 24 756 7562
36 25 642 6423
36 26 995 9951
36 27 983 9834
36 28 749 7486
36 29 462 4619
36 30 366 3661
36 31 834 8344
36 32 277 2768
36 33 575 5753
36 34 325 3248
36 35 712 7120
36 37 162 1621
36 38 393 3929
36 39 773 7735
36 40 964 9636
37 1 535 5353
37 2 527 5267
37 3 291 2913
37 4 371 3712
37 5 272 2721
37 6 828 8284
37 7 359 3591
37 8 285 2855
37 9 513 5130
37 10 397 3966
37 11 502 5015
37 12 727 7270
37 13 667 6667
37 14 550 5497
37 15 511 5113
37 16 347 3473
37 17 738 7380
37 18 238 2385
37 19 806 8060
37 20 514 5143
37 21 381 3810
37 22 653 6530
37 23 697 6971
37 24 620 6199
37 25 649 6485
37 26 848 8484
37 27 835 8351
37 28 624 6237
37 29 478 4776
37 30 245 2448
37 31 723 7229
37 32 193 1932
37 33 446 4459
37 34 184 1845
37 35 554 5544
37 36 162 1621
37 38 460 4604
37 39 672 6716
37 40 825 8249
38 1 285 2847
38 2 710 7104
38 3 274 2741
38 4 446 4456
38 5 193 1927
38 6 998 9983
38 7 203 2029
38 8 738 7380
38 9 282 2824
38 10 65 653
38 11 426 4256
38 12 867 8668
38 13 601 6013
38 14 267 2673
38 15 787 7874
38 16 425 4251
38 17 721 7209
38 18 245 2452
38 19 940 9404
38 20 680 6799
38 21 780 7803
38 22 462 4616
38 23 633 6332
38 24 756 7562
38 25 301 3009
38 26 1012 10117
38 27 1010 10099
38 28 709 7085
38 29 154 1544
38 30 447 4467
38 31 736 7360
38 32 643 6434
38 33 901 9006
38 34 640 6404
38 35 827 8268
38 36 393 3929
38 37 460 4604
38 39 656 6563
38 40 946 9465
39 1 393 3932
39 2 286 2855
39 3 786 7865
39 4 303 3026
39 5 654 6542
39 6 411 4107
39 7 477 4765
39 8 752 7519
39 9 385 3849
39 10 651 6510
39 11 232 2320
39 12 284 2838
39 13 78 777
39 14 423 4230
39 15 434 4335
39 16 329 3286
39 17 69 695
39 18 549 5490
39 19 332 3320
39 20 260 2605
39 21 635 6354
39 22 264 2642
39 23 70 704
39 24 226 2257
39 25 486 4856
39 26 415 4151
39 27 425 4246
39 28 145 1449
39 29 509 5091
39 30 427 4275
39 31 82 816
39 32 818 8182
39 33 863 8635
39 34 718 7182
39 35 441 4414
39 36 773 7735
39 37 672 6716
39 38 656 6563
39 40 326 3263
40 1 708 7077
40 2 299 2988
40 3 1019 10186
40 4 520 5199
40 5 899 8991
40 6 103 1034
40 7 749 7495
40 8 788 7881
40 9 695 6954
40 10 928 9280
40 11 529 5287
40 12 98 983
40 13 403 4031
40 14 739 7392
40 15 373 3730
40 16 546 5460
40 17 293 2930
40 18 785 7854
40 19 28 285
40 20 311 3114
40 21 621 6211
40 22 590 5905
40 23 386 3862
40 24 208 2077
40 25 810 8101
40 26 98 976
40 27 116 1165
40 28 238 2381
40 29 811 8108
40 30 599 5988
40 31 251 2512
40 32 915 9148
40 33 844 8440
40 34 797 7967
40 35 347 3470
40 36 964 9636
40 37 825 8249
40 38 946 9465
40 39 326 3263
