40
119
615
21
2
11
26
9
28
31
10
18
24
13
39
6
7
14
17
36
40
38
30
3
15
23
7
3
27
33
21
13
39
37
9
29
15
4
34
36
5
30
20
28
32
8
31
24
35
1 2 541 5405
1 3 615 6146
1 4 442 4420
1 5 633 6329
1 6 221 2207
1 7 688 6878
1 8 581 5807
1 9 70 703
1 10 160 1597
1 11 197 1970
1 12 686 6858
1 13 547 5469
1 14 518 5184
1 15 303 3029
1 16 494 4937
1 17 721 7212
1 18 558 5575
1 19 781 7807
1 20 679 6793
1 21 171 1711
1 22 501 5013
1 23 981 9814
1 24 205 2049
1 25 757 7567
1 26 667 6675
1 27 197 1970
1 28 583 5826
1 29 340 3397
1 30 421 4206
1 31 375 3754
1 32 256 2562
1 33 201 2008
1 34 440 4396
1 35 293 2927
1 36 955 9554
1 37 491 4914
1 38 711 7113
1 39 599 5990
1 40 460 4596
2 1 541 5405
2 3 317 3170
2 4 668 6685
2 5 305 3053
2 6 596 5960
2 7 652 6524
2 8 596 5961
2 9 515 5147
2 10 653 6528
2 11 721 7207
2 12 846 8465
2 13 76 760
2 14 504 5044
2 15 764 7640
2 16 605 6049
2 17 644 6442
2 18 713 7128
2 19 453 4525
2 20 527 5273
2 21 503 5025
2 22 47 466
2 23 547 5468
2 24 403 4028
2 25 559 5594
2 26 741 7413
2 27 549 5492
2 28 302 3022
2 29 627 6270
2 30 315 3148
2 31 167 1672
2 32 683 6827
2 33 393 3927
2 34 726 7257
2 35 280 2797
2 36 524 5243
2 37 238 2375
2 38 172 1718
2 39 733 7331
2 40 819 8193
3 1 615 6146
3 2 317 3170
3 4 505 5046
3 5 622 6222
3 6 549 5485
3 7 364 3638
3 8 342 3421
3 9 626 6258
3 10 767 7666
3 11 736 7361
3 12 608 6081
3 13 241 2412
3 14 270 2701
3 15 716 7157
3 16 399 3993
3 17 343 3430
3 18 497 4973
3 19 171 1709
3 20 219 2188
3 21 489 4892
3 22 342 3419
3 23 374 3738
3 24 413 4128
3 25 242 2424
3 26 481 4815
3 27 715 7152
3 28 617 6168
3 29 514 5140
3 30 591 5907
3 31 332 3319
3 32 632 6321
3 33 414 4145
3 34 578 5778
3 35 481 4807
3 36 348 3479
3 37 132 1320
3 38 385 3847
3 39 502 5024
3 40 692 6918
4 1 442 4420
4 2 668 6685
4 3 505 5046
4 5 907 9071
4 6 226 2259
4 7 325 3254
4 8 231 2309
4 9 504 5041
4 10 581 5812
4 11 408 4077
4 12 244 2442
4 13 622 6219
4 14 246 2460
4 15 299 2993
4 16 123 1228
4 17 376 3759
4 18 121 1211
4 19 607 6071
4 20 410 4098
4 21 283 2827
4 22 656 6560
4 23 847 8471
4 24 334 3340
4 25 487 4874
4 26 245 2455
4 27 636 6355
4 28 872 8723
4 29 104 1038
4 30 750 7495
4 31 538 5376
4 32 247 2465
4 33 350 3498
4 34 76 758
4 35 586 5857
4 36 823 8230
4 37 462 4621
4 38 816 8163
4 39 164 1639
4 40 193 1930
5 1 633 6329
5 2 305 3053
5 3 622 6222
5 4 907 9071
5 6 773 7735
5 7 948 9478
5 8 880 8805
5 9 578 5776
5 10 679 6793
5 11 830 8299
5 12 1114 11141
5 13 381 3811
5 14 787 7871
5 15 919 9185
5 16 869 8691
5 17 944 9441
5 18 975 9745
5 19 751 7508
5 20 830 8305
5 21 675 6753
5 22 286 2858
5 23 801 8011
5 24 587 5874
5 25 865 8646
5 26 1023 10228
5 27 539 5388
5 28 55 551
5 29 842 8415
5 30 221 2208
5 31 373 3729
5 32 849 8492
5 33 573 5725
5 34 950 9504
5 35 348 3484
5 36 783 7827
5 37 533 5329
5 38 324 3242
5 39 1001 10013
5 40 1024 10236
6 1 221 2207
6 2 596 5960
6 3 549 5485
6 4 226 2259
6 5 773 7735
6 7 510 5104
6 8 403 4030
6 9 287 2872
6 10 355 3554
6 11 206 2058
6 12 468 4675
6 13 573 5732
6 14 366 3657
6 15 173 1727
6 16 301 3007
6 17 552 5524
6 18 345 3454
6 19 694 6937
6 20 542 5420
6 21 98 985
6 22 569 5692
6 23 921 9208
6 24 195 1948
6 25 623 6234
6 26 464 4636
6 27 417 4173
6 28 730 7303
6 29 122 1220
6 30 585 5851
6 31 436 4358
6 32 88 883
6 33 207 2072
6 34 219 2191
6 35 428 4280
6 36 895 8950
6 37 455 4547
6 38 763 7634
6 39 388 3879
6 40 255 2554
7 1 688 6878
7 2 652 6524
7 3 364 3638
7 4 325 3254
7 5 948 9478
7 6 510 5104
7 8 108 1081
7 9 733 7329
7 10 845 8448
7 11 713 7132
7 12 281 2812
7 13 582 5821
7 14 180 1805
7 15 622 6223
7 16 213 2129
7 17 54 541
7 18 234 2344
7 19 372 3723
7 20 157 1573
7 21 518 5176
7 22 663 6629
7 23 600 6002
7 24 507 5070
7 25 203 2035
7 26 144 1438
7 27 856 8565
7 28 930 9301
7 29 406 4059
7 30 857 8568
7 31 593 5933
7 32 559 5594
7 33 519 5192
7 34 393 3928
7 35 707 7070
7 36 580 5803
7 37 416 4160
7 38 747 7470
7 39 210 2103
7 40 503 5025
8 1 581 5807
8 2 596 5961
8 3 342 3421
8 4 231 2309
8 5 880 8805
8 6 403 4030
8 7 108 1081
8 9 627 6273
8 10 737 7371
8 11 607 6067
8 12 266 2660
8 13 531 5314
8 14 93 934
8 15 521 5214
8 16 111 1105
8 17 150 1505
8 18 168 1679
8 19 400 3997
8 20 187 1866
8 21 410 4101
8 22 600 6001
8 23 639 6386
8 24 404 4044
8 25 260 2596
8 26 146 1455
8 27 752 7524
8 28 858 8581
8 29 302 3019
8 30 772 7720
8 31 515 5153
8 32 455 4551
8 33 417 4174
8 34 304 3035
8 35 617 6171
8 36 616 6162
8 37 360 3597
8 38 710 7104
8 39 163 1629
8 40 418 4185
9 1 70 703
9 2 515 5147
9 3 626 6258
9 4 504 5041
9 5 578 5776
9 6 287 2872
9 7 733 7329
9 8 627 6273
9 10 143 1435
9 11 257 2566
9 12 748 7482
9 13 531 5305
9 14 559 5586
9 15 372 3718
9 16 547 5467
9 17 763 7630
9 18 617 6169
9 19 795 7951
9 20 711 7114
9 21 225 2251
9 22 473 4726
9 23 985 9846
9 24 232 2322
9 25 786 7863
9 26 723 7226
9 27 131 1315
9 28 526 5259
9 29 403 4034
9 30 361 3610
9 31 355 3554
9 32 326 3265
9 33 224 2236
9 34 506 5062
9 35 249 2492
9 36 959 9589
9 37 498 4977
9 38 683 6826
9 39 658 6577
9 40 530 5296
10 1 160 1597
10 2 653 6528
10 3 767 7666
10 4 581 5812
10 5 679 6793
10 6 355 3554
10 7 845 8448
10 8 737 7371
10 9 143 1435
10 11 229 2286
10 12 821 8212
10 13 672 6723
10 14 677 6775
10 15 374 3739
10 16 646 6458
10 17 880 8795
10 18 701 7005
10 19 935 9347
10 20 839 8390
10 21 327 3272
10 22 609 6093
10 23 1128 11277
10 24 363 3626
10 25 916 9161
10 26 816 8161
10 27 146 1458
10 28 625 6251
10 29 477 4774
10 30 459 4585
10 31 497 4970
10 32 360 3601
10 33 357 3569
10 34 566 5657
10 35 379 3786
10 36 1102 11018
10 37 640 6397
10 38 818 8179
10 39 743 7429
10 40 559 5595
11 1 197 1970
11 2 721 7207
11 3 736 7361
11 4 408 4077
11 5 830 8299
11 6 206 2058
11 7 713 7132
11 8 607 6067
11 9 257 2566
11 10 229 2286
11 12 631 6308
11 13 716 7160
11 14 571 5714
11 15 148 1483
11 16 501 5012
11 17 757 7568
11 18 528 5281
11 19 890 8899
11 20 747 7472
11 21 247 2472
11 22 685 6849
11 23 1110 11099
11 24 335 3353
11 25 829 8285
11 26 653 6530
11 27 351 3507
11 28 779 7795
11 29 310 3104
11 30 616 6164
11 31 553 5535
11 32 162 1618
11 33 340 3399
11 34 372 3717
11 35 488 4883
11 36 1084 10839
11 37 628 6280
11 38 892 8924
11 39 571 5707
11 40 341 3410
12 1 686 6858
12 2 846 8465
12 3 608 6081
12 4 244 2442
12 5 1114 11141
12 6 468 4675
12 7 281 2812
12 8 266 2660
12 9 748 7482
12 10 821 8212
12 11 631 6308
12 13 787 7870
12 14 348 3476
12 15 499 4992
12 16 245 2450
12 17 331 3313
12 18 141 1414
12 19 650 6497
12 20 431 4311
12 21 526 5261
12 22 844 8440
12 23 881 8811
12 24 567 5673
12 25 485 4846
12 26 138 1375
12 27 880 8797
12 28 1085 10850
12 29 346 3463
12 30 976 9761
12 31 741 7414
12 32 471 4707
12 33 583 5829
12 34 259 2593
12 35 813 8132
12 36 861 8608
12 37 615 6154
12 38 972 9719
12 39 114 1135
12 40 320 3203
13 1 547 5469
13 2 76 760
13 3 241 2412
13 4 622 6219
13 5 381 3811
13 6 573 5732
13 7 582 5821
13 8 531 5314
13 9 531 5305
13 10 672 6723
13 11 716 7160
13 12 787 7870
13 14 441 4414
13 15 745 7446
13 16 549 5490
13 17 572 5717
13 18 657 6566
13 19 379 3787
13 20 453 4531
13 21 485 4849
13 22 108 1082
13 23 489 4894
13 24 386 3862
13 25 484 4836
13 26 677 6769
13 27 581 5815
13 28 378 3778
13 29 590 5903
13 30 377 3774
13 31 175 1754
13 32 661 6613
13 33 379 3786
13 34 683 6834
13 35 314 3144
13 36 466 4657
13 37 172 1720
13 38 195 1952
13 39 674 6742
13 40 783 7828
14 1 518 5184
14 2 504 5044
14 3 270 2701
14 4 246 2460
14 5 787 7871
14 6 366 3657
14 7 180 1805
14 8 93 934
14 9 559 5586
14 10 677 6775
14 11 571 5714
14 12 348 3476
14 13 441 4414
14 15 507 5069
14 16 131 1307
14 17 205 2045
14 18 228 2277
14 19 361 3612
14 20 177 1774
14 21 352 3522
14 22 507 5072
14 23 601 6011
14 24 329 3293
14 25 259 2589
14 26 237 2371
14 27 679 6794
14 28 765 7647
14 29 286 2863
14 30 681 6810
14 31 422 4223
14 32 432 4318
14 33 341 3408
14 34 322 3217
14 35 528 5282
14 36 577 5771
14 37 269 2694
14 38 624 6243
14 39 237 2368
14 40 439 4388
15 1 303 3029
15 2 764 7640
15 3 716 7157
15 4 299 2993
15 5 919 9185
15 6 173 1727
15 7 622 6223
15 8 521 5214
15 9 372 3718
15 10 374 3739
15 11 148 1483
15 12 499 4992
15 13 745 7446
15 14 507 5069
15 16 411 4110
15 17 671 6707
15 18 413 4133
15 19 853 8533
15 20 684 6837
15 21 261 2615
15 22 735 7347
15 23 1085 10853
15 24 361 3612
15 25 765 7648
15 26 541 5407
15 27 484 4840
15 28 872 8716
15 29 222 2216
15 30 716 7159
15 31 601 6007
15 32 85 848
15 33 372 3716
15 34 246 2464
15 35 570 5701
15 36 1060 10597
15 37 627 6268
15 38 933 9331
15 39 454 4542
15 40 195 1948
16 1 494 4937
16 2 605 6049
16 3 399 3993
16 4 123 1228
16 5 869 8691
16 6 301 3007
16 7 213 2129
16 8 111 1105
16 9 547 5467
16 10 646 6458
16 11 501 5012
16 12 245 2450
16 13 549 5490
16 14 131 1307
16 15 411 4110
16 17 260 2598
16 18 108 1079
16 19 488 4882
16 20 287 2871
16 21 323 3230
16 22 600 6002
16 23 729 7286
16 24 339 3387
16 25 365 3647
16 26 177 1772
16 27 676 6757
16 28 840 8404
16 29 193 1930
16 30 736 7361
16 31 496 4965
16 32 347 3466
16 33 354 3535
16 34 198 1977
16 35 575 5748
16 36 705 7050
16 37 380 3799
16 38 739 7387
16 39 132 1325
16 40 315 3145
17 1 721 7212
17 2 644 6442
17 3 343 3430
17 4 376 3759
17 5 944 9441
17 6 552 5524
17 7 54 541
17 8 150 1505
17 9 763 7630
17 10 880 8795
17 11 757 7568
17 12 331 3313
17 13 572 5717
17 14 205 2045
17 15 671 6707
17 16 260 2598
17 18 288 2883
17 19 330 3305
17 20 126 1259
17 21 553 5527
17 22 658 6584
17 23 553 5527
17 24 534 5337
17 25 156 1558
17 26 195 1950
17 27 884 8838
17 28 929 9294
17 29 452 4522
17 30 865 8653
17 31 599 5989
17 32 606 6055
17 33 545 5451
17 34 445 4448
17 35 720 7204
17 36 534 5336
17 37 411 4113
17 38 728 7276
17 39 264 2643
17 40 556 5556
18 1 558 5575
18 2 713 7128
18 3 497 4973
18 4 121 1211
18 5 975 9745
18 6 345 3454
18 7 234 2344
18 8 168 1679
18 9 617 6169
18 10 701 7005
18 11 528 5281
18 12 141 1414
18 13 657 6566
18 14 228 2277
18 15 413 4133
18 16 108 1079
18 17 288 2883
18 19 568 5676
18 20 354 3537
18 21 392 3925
18 22 708 7077
18 23 807 8065
18 24 427 4273
18 25 423 4227
18 26 127 1274
18 27 748 7481
18 28 945 9446
18 29 224 2239
18 30 835 8347
18 31 602 6017
18 32 367 3666
18 33 443 4428
18 34 169 1689
18 35 672 6719
18 36 784 7841
18 37 487 4869
18 38 846 8456
18 39 43 428
18 40 270 2703
19 1 781 7807
19 2 453 4525
19 3 171 1709
19 4 607 6071
19 5 751 7508
19 6 694 6937
19 7 372 3723
19 8 400 3997
19 9 795 7951
19 10 935 9347
19 11 890 8899
19 12 650 6497
19 13 379 3787
19 14 361 3612
19 15 853 8533
19 16 488 4882
19 17 330 3305
19 18 568 5676
19 20 219 2187
19 21 646 6455
19 22 486 4864
19 23 240 2404
19 24 577 5768
19 25 179 1788
19 26 513 5129
19 27 886 8861
19 28 754 7539
19 29 639 6394
19 30 749 7487
19 31 498 4982
19 32 772 7723
19 33 580 5799
19 34 683 6828
19 35 649 6487
19 36 217 2170
19 37 303 3028
19 38 466 4661
19 39 560 5599
19 40 800 8000
20 1 679 6793
20 2 527 5273
20 3 219 2188
20 4 410 4098
20 5 830 8305
20 6 542 5420
20 7 157 1573
20 8 187 1866
20 9 711 7114
20 10 839 8390
20 11 747 7472
20 12 431 4311
20 13 453 4531
20 14 177 1774
20 15 684 6837
20 16 287 2871
20 17 126 1259
20 18 354 3537
20 19 219 2187
20 21 520 5199
20 22 545 5453
20 23 454 4541
20 24 479 4794
20 25 82 815
20 26 295 2946
20 27 824 8237
20 28 819 8193
20 29 462 4624
20 30 768 7683
20 31 500 5002
20 32 609 6092
20 33 488 4880
20 34 485 4847
20 35 633 6331
20 36 432 4325
20 37 302 3017
20 38 603 6029
20 39 343 3427
20 40 601 6013
21 1 171 1711
21 2 503 5025
21 3 489 4892
21 4 283 2827
21 5 675 6753
21 6 98 985
21 7 518 5176
21 8 410 4101
21 9 225 2251
21 10 327 3272
21 11 247 2472
21 12 526 5261
21 13 485 4849
21 14 352 3522
21 15 261 2615
21 16 323 3230
21 17 553 5527
21 18 392 3925
21 19 646 6455
21 20 520 5199
21 22 474 4738
21 23 863 8629
21 24 100 997
21 25 599 5995
21 26 498 4979
21 27 356 3558
21 28 633 6326
21 29 188 1875
21 30 490 4901
21 31 340 3399
21 32 181 1811
21 33 110 1105
21 34 297 2972
21 35 331 3310
21 36 837 8369
21 37 382 3820
21 38 672 6718
21 39 433 4329
21 40 351 3506
22 1 501 5013
22 2 47 466
22 3 342 3419
22 4 656 6560
22 5 286 2858
22 6 569 5692
22 7 663 6629
22 8 600 6001
22 9 473 4726
22 10 609 6093
22 11 685 6849
22 12 844 8440
22 13 108 1082
22 14 507 5072
22 15 735 7347
22 16 600 6002
22 17 658 6584
22 18 708 7077
22 19 486 4864
22 20 545 5453
22 21 474 4738
22 23 591 5909
22 24 375 3746
22 25 583 5829
22 26 744 7442
22 27 503 5035
22 28 275 2752
22 29 608 6082
22 30 271 2713
22 31 134 1341
22 32 655 6547
22 33 363 3634
22 34 710 7100
22 35 234 2343
22 36 568 5681
22 37 247 2473
22 38 210 2103
22 39 730 7305
22 40 799 7994
23 1 981 9814
23 2 547 5468
23 3 374 3738
23 4 847 8471
23 5 801 8011
23 6 921 9208
23 7 600 6002
23 8 639 6386
23 9 985 9846
23 10 1128 11277
23 11 1110 11099
23 12 881 8811
23 13 489 4894
23 14 601 6011
23 15 1085 10853
23 16 729 7286
23 17 553 5527
23 18 807 8065
23 19 240 2404
23 20 454 4541
23 21 863 8629
23 22 591 5909
23 24 784 7836
23 25 397 3972
23 26 744 7436
23 27 1058 10582
23 28 820 8204
23 29 875 8755
23 30 862 8616
23 31 650 6501
23 32 1003 10027
23 33 784 7838
23 34 923 9228
23 35 799 7991
23 36 26 261
23 37 490 4900
23 38 479 4786
23 39 797 7967
23 40 1040 10399
24 1 205 2049
24 2 403 4028
24 3 413 4128
24 4 334 3340
24 5 587 5874
24 6 195 1948
24 7 507 5070
24 8 404 4044
24 9 232 2322
24 10 363 3626
24 11 335 3353
24 12 567 5673
24 13 386 3862
24 14 329 3293
24 15 361 3612
24 16 339 3387
24 17 534 5337
24 18 427 4273
24 19 577 5768
24 20 479 4794
24 21 100 997
24 22 375 3746
24 23 784 7836
24 25 555 5549
24 26 515 5154
24 27 350 3501
24 28 548 5477
24 29 256 2557
24 30 416 4162
24 31 241 2411
24 32 280 2802
24 33 16 159
24 34 366 3663
24 35 253 2527
24 36 757 7575
24 37 295 2955
24 38 572 5721
24 39 464 4637
24 40 437 4368
25 1 757 7567
25 2 559 5594
25 3 242 2424
25 4 487 4874
25 5 865 8646
25 6 623 6234
25 7 203 2035
25 8 260 2596
25 9 786 7863
25 10 916 9161
25 11 829 8285
25 12 485 4846
25 13 484 4836
25 14 259 2589
25 15 765 7648
25 16 365 3647
25 17 156 1558
25 18 423 4227
25 19 179 1788
25 20 82 815
25 21 599 5995
25 22 583 5829
25 23 397 3972
25 24 555 5549
25 26 347 3472
25 27 895 8953
25 28 858 8581
25 29 543 5434
25 30 820 8204
25 31 554 5537
25 32 691 6906
25 33 563 5627
25 34 562 5617
25 35 693 6932
25 36 378 3779
25 37 350 3495
25 38 613 6132
25 39 407 4067
25 40 678 6776
26 1 667 6675
26 2 741 7413
26 3 481 4815
26 4 245 2455
26 5 1023 10228
26 6 464 4636
26 7 144 1438
26 8 146 1455
26 9 723 7226
26 10 816 8161
26 11 653 6530
26 12 138 1375
26 13 677 6769
26 14 237 2371
26 15 541 5407
26 16 177 1772
26 17 195 1950
26 18 127 1274
26 19 513 5129
26 20 295 2946
26 21 498 4979
26 22 744 7442
26 23 744 7436
26 24 515 5154
26 25 347 3472
26 27 852 8523
26 28 999 9985
26 29 345 3448
26 30 905 9046
26 31 654 6543
26 32 492 4920
26 33 530 5300
26 34 296 2960
26 35 746 7457
26 36 723 7234
26 37 505 5051
26 38 855 8550
26 39 88 881
26 40 392 3916
27 1 197 1970
27 2 549 5492
27 3 715 7152
27 4 636 6355
27 5 539 5388
27 6 417 4173
27 7 856 8565
27 8 752 7524
27 9 131 1315
27 10 146 1458
27 11 351 3507
27 12 880 8797
27 13 581 5815
27 14 679 6794
27 15 484 4840
27 16 676 6757
27 17 884 8838
27 18 748 7481
27 19 886 8861
27 20 824 8237
27 21 356 3558
27 22 503 5035
27 23 1058 10582
27 24 350 3501
27 25 895 8953
27 26 852 8523
27 28 484 4841
27 29 535 5347
27 30 319 3190
27 31 410 4097
27 32 449 4493
27 33 339 3389
27 34 636 6364
27 35 270 2696
27 36 1033 10330
27 37 584 5836
27 38 706 7057
27 39 789 7887
27 40 654 6536
28 1 583 5826
28 2 302 3022
28 3 617 6168
28 4 872 8723
28 5 55 551
28 6 730 7303
28 7 930 9301
28 8 858 8581
28 9 526 5259
28 10 625 6251
28 11 779 7795
28 12 1085 10850
28 13 378 3778
28 14 765 7647
28 15 872 8716
28 16 840 8404
28 17 929 9294
28 18 945 9446
28 19 754 7539
28 20 819 8193
28 21 633 6326
28 22 275 2752
28 23 820 8204
28 24 548 5477
28 25 858 8581
28 26 999 9985
28 27 484 4841
28 29 803 8030
28 30 167 1669
28 31 345 3446
28 32 804 8040
28 33 532 5325
28 34 913 9128
28 35 303 3029
28 36 801 8008
28 37 519 5186
28 38 350 3496
28 39 973 9729
28 40 982 9823
29 1 340 3397
29 2 627 6270
29 3 514 5140
29 4 104 1038
29 5 842 8415
29 6 122 1220
29 7 406 4059
29 8 302 3019
29 9 403 4034
29 10 477 4774
29 11 310 3104
29 12 346 3463
29 13 590 5903
29 14 286 2863
29 15 222 2216
29 16 193 1930
29 17 452 4522
29 18 224 2239
29 19 639 6394
29 20 462 4624
29 21 188 1875
29 22 608 6082
29 23 875 8755
29 24 256 2557
29 25 543 5434
29 26 345 3448
29 27 535 5347
29 28 803 8030
29 30 670 6702
29 31 481 4813
29 32 154 1536
29 33 271 2712
29 34 111 1112
29 35 508 5075
29 36 850 8504
29 37 446 4457
29 38 785 7853
29 39 267 2666
29 40 193 1926
30 1 421 4206
30 2 315 3148
30 3 591 5907
30 4 750 7495
30 5 221 2208
30 6 585 5851
30 7 857 8568
30 8 772 7720
30 9 361 3610
30 10 459 4585
30 11 616 6164
30 12 976 9761
30 13 377 3774
30 14 681 6810
30 15 716 7159
30 16 736 7361
30 17 865 8653
30 18 835 8347
30 19 749 7487
30 20 768 7683
30 21 490 4901
30 22 271 2713
30 23 862 8616
30 24 416 4162
30 25 820 8204
30 26 905 9046
30 27 319 3190
30 28 167 1669
30 29 670 6702
30 31 268 2681
30 32 653 6530
30 33 400 4004
30 34 781 7813
30 35 164 1638
30 36 839 8391
30 37 471 4709
30 38 431 4312
30 39 867 8673
30 40 840 8401
31 1 375 3754
31 2 167 1672
31 3 332 3319
31 4 538 5376
31 5 373 3729
31 6 436 4358
31 7 593 5933
31 8 515 5153
31 9 355 3554
31 10 497 4970
31 11 553 5535
31 12 741 7414
31 13 175 1754
31 14 422 4223
31 15 601 6007
31 16 496 4965
31 17 599 5989
31 18 602 6017
31 19 498 4982
31 20 500 5002
31 21 340 3399
31 22 134 1341
31 23 650 6501
31 24 241 2411
31 25 554 5537
31 26 654 6543
31 27 410 4097
31 28 345 3446
31 29 481 4813
31 30 268 2681
31 32 521 5209
31 33 229 2295
31 34 586 5863
31 35 152 1515
31 36 625 6252
31 37 205 2053
31 38 339 3390
31 39 629 6288
31 40 671 6706
32 1 256 2562
32 2 683 6827
32 3 632 6321
32 4 247 2465
32 5 849 8492
32 6 88 883
32 7 559 5594
32 8 455 4551
32 9 326 3265
32 10 360 3601
32 11 162 1618
32 12 471 4707
32 13 661 6613
32 14 432 4318
32 15 85 848
32 16 347 3466
32 17 606 6055
32 18 367 3666
32 19 772 7723
32 20 609 6092
32 21 181 1811
32 22 655 6547
32 23 1003 10027
32 24 280 2802
32 25 691 6906
32 26 492 4920
32 27 449 4493
32 28 804 8040
32 29 154 1536
32 30 653 6530
32 31 521 5209
32 33 291 2915
32 34 211 2114
32 35 501 5012
32 36 977 9770
32 37 542 5420
32 38 851 8508
32 39 409 4090
32 40 204 2043
33 1 201 2008
33 2 393 3927
33 3 414 4145
33 4 350 3498
33 5 573 5725
33 6 207 2072
33 7 519 5192
33 8 417 4174
33 9 224 2236
33 10 357 3569
33 11 340 3399
33 12 583 5829
33 13 379 3786
33 14 341 3408
33 15 372 3716
33 16 354 3535
33 17 545 5451
33 18 443 4428
33 19 580 5799
33 20 488 4880
33 21 110 1105
33 22 363 3634
33 23 784 7838
33 24 16 159
33 25 563 5627
33 26 530 5300
33 27 339 3389
33 28 532 5325
33 29 271 2712
33 30 400 4004
33 31 229 2295
33 32 291 2915
33 34 382 3819
33 35 237 2369
33 36 758 7577
33 37 295 2946
33 38 563 5627
33 39 479 4790
33 40 451 4513
34 1 440 4396
34 2 726 7257
34 3 578 5778
34 4 76 758
34 5 950 9504
34 6 219 2191
34 7 393 3928
34 8 304 3035
34 9 506 5062
34 10 566 5657
34 11 372 3717
34 12 259 2593
34 13 683 6834
34 14 322 3217
34 15 246 2464
34 16 198 1977
34 17 445 4448
34 18 169 1689
34 19 683 6828
34 20 485 4847
34 21 297 2972
34 22 710 7100
34 23 923 9228
34 24 366 3663
34 25 562 5617
34 26 296 2960
34 27 636 6364
34 28 913 9128
34 29 111 1112
34 30 781 7813
34 31 586 5863
34 32 211 2114
34 33 382 3819
34 35 619 6185
34 36 899 8987
34 37 529 5286
34 38 879 8786
34 39 209 2086
34 40 117 1173
35 1 293 2927
35 2 280 2797
35 3 481 4807
35 4 586 5857
35 5 348 3484
35 6 428 4280
35 7 707 7070
35 8 617 6171
35 9 249 2492
35 10 379 3786
35 11 488 4883
35 12 813 8132
35 13 314 3144
35 14 528 5282
35 15 570 5701
35 16 575 5748
35 17 720 7204
35 18 672 6719
35 19 649 6487
35 20 633 6331
35 21 331 3310
35 22 234 2343
35 23 799 7991
35 24 253 2527
35 25 693 6932
35 26 746 7457
35 27 270 2696
35 28 303 3029
35 29 508 5075
35 30 164 1638
35 31 152 1515
35 32 501 5012
35 33 237 2369
35 34 619 6185
35 36 775 7745
35 37 351 3509
35 38 440 4400
35 39 705 7052
35 40 681 6815
36 1 955 9554
36 2 524 5243
36 3 348 3479
36 4 823 8230
36 5 783 7827
36 6 895 8950
36 7 580 5803
36 8 616 6162
36 9 959 9589
36 10 1102 11018
36 11 1084 10839
36 12 861 8608
36 13 466 4657
36 14 577 5771
36 15 1060 10597
36 16 705 7050
36 17 534 5336
36 18 784 7841
36 19 217 2170
36 20 432 4325
36 21 837 8369
36 22 568 5681
36 23 26 261
36 24 757 7575
36 25 378 3779
36 26 723 7234
36 27 1033 10330
36 28 801 8008
36 29 850 8504
36 30 839 8391
36 31 625 6252
36 32 977 9770
36 33 758 7577
36 34 899 8987
36 35 775 7745
36 37 464 4640
36 38 461 4614
36 39 775 7751
36 40 1016 10157
37 1 491 4914
37 2 238 2375
37 3 132 1320
37 4 462 4621
37 5 533 5329
37 6 455 4547
37 7 416 4160
37 8 360 3597
37 9 498 4977
37 10 640 6397
37 11 628 6280
37 12 615 6154
37 13 172 1720
37 14 269 2694
37 15 627 6268
37 16 380 3799
37 17 411 4113
37 18 487 4869
37 19 303 3028
37 20 302 3017
37 21 382 3820
37 22 247 2473
37 23 490 4900
37 24 295 2955
37 25 350 3495
37 26 505 5051
37 27 584 5836
37 28 519 5186
37 29 446 4457
37 30 471 4709
37 31 205 2053
37 32 542 5420
37 33 295 2946
37 34 529 5286
37 35 351 3509
37 36 464 4640
37 38 359 3588
37 39 503 5030
37 40 635 6349
38 1 711 7113
38 2 172 1718
38 3 385 3847
38 4 816 8163
38 5 324 3242
38 6 763 7634
38 7 747 7470
38 8 710 7104
38 9 683 6826
38 10 818 8179
38 11 892 8924
38 12 972 9719
38 13 195 1952
38 14 624 6243
38 15 933 9331
38 16 739 7387
38 17 728 7276
38 18 846 8456
38 19 466 4661
38 20 603 6029
38 21 672 6718
38 22 210 2103
38 23 479 4786
38 24 572 5721
38 25 613 6132
38 26 855 8550
38 27 706 7057
38 28 350 3496
38 29 785 7853
38 30 431 4312
38 31 339 3390
38 32 851 8508
38 33 563 5627
38 34 879 8786
38 35 440 4400
38 36 461 4614
38 37 359 3588
38 39 860 8603
38 40 978 9778
39 1 599 5990
39 2 733 7331
39 3 502 5024
39 4 164 1639
39 5 1001 10013
39 6 388 3879
39 7 210 2103
39 8 163 1629
39 9 658 6577
39 10 743 7429
39 11 571 5707
39 12 114 1135
39 13 674 6742
39 14 237 2368
39 15 454 4542
39 16 132 1325
39 17 264 2643
39 18 43 428
39 19 560 5599
39 20 343 3427
39 21 433 4329
39 22 730 7305
39 23 797 7967
39 24 464 4637
39 25 407 4067
39 26 88 881
39 27 789 7887
39 28 973 9729
39 29 267 2666
39 30 867 8673
39 31 629 6288
39 32 409 4090
39 33 479 4790
39 34 209 2086
39 35 705 7052
39 36 775 7751
39 37 503 5030
39 38 860 8603
39 40 304 3041
40 1 460 4596
40 2 819 8193
40 3 692 6918
40 4 193 1930
40 5 1024 10236
40 6 255 2554
40 7 503 5025
40 8 418 4185
40 9 530 5296
40 10 559 5595
40 11 341 3410
40 12 320 3203
40 13 783 7828
40 14 439 4388
40 15 195 1948
40 16 315 3145
40 17 556 5556
40 18 270 2703
40 19 800 8000
40 20 601 6013
40 21 351 3506
40 22 799 7994
40 23 1040 10399
40 24 437 4368
40 25 678 6776
40 26 392 3916
40 27 654 6536
40 28 982 9823
40 29 193 1926
40 30 840 8401
40 31 671 6706
40 32 204 2043
40 33 451 4513
40 34 117 1173
40 35 681 6815
40 36 1016 10157
40 37 635 6349
40 38 978 9778
40 39 304 3041
