30
730
329
15
1
20
16
9
30
13
6
19
17
3
11
14
12
8
5
7
11
23
8
18
24
16
3
1 2 550 5503
1 3 646 6458
1 4 175 1749
1 5 393 3932
1 6 242 2421
1 7 170 1697
1 8 950 9502
1 9 518 5184
1 10 423 4226
1 11 301 3014
1 12 521 5215
1 13 686 6861
1 14 677 6775
1 15 777 7771
1 16 261 2615
1 17 545 5448
1 18 88 875
1 19 374 3739
1 20 509 5085
1 21 655 6554
1 22 830 8300
1 23 544 5441
1 24 705 7053
1 25 1031 10313
1 26 1038 10383
1 27 682 6816
1 28 660 6597
1 29 738 7375
1 30 470 4699
2 1 550 5503
2 3 165 1648
2 4 707 7069
2 5 159 1591
2 6 376 3762
2 7 401 4009
2 8 1080 10804
2 9 480 4805
2 10 668 6680
2 11 357 3571
2 12 431 4313
2 13 166 1664
2 14 427 4271
2 15 438 4377
2 16 655 6549
2 17 794 7937
2 18 638 6379
2 19 311 3110
2 20 238 2381
2 21 107 1071
2 22 531 5312
2 23 262 2617
2 24 279 2794
2 25 684 6840
2 26 647 6470
2 27 150 1500
2 28 291 2907
2 29 298 2981
2 30 217 2173
3 1 646 6458
3 2 165 1648
3 4 783 7825
3 5 289 2891
3 6 430 4296
3 7 480 4802
3 8 1001 10007
3 9 419 4194
3 10 658 6584
3 11 389 3892
3 12 365 3653
3 13 61 612
3 14 300 3001
3 15 282 2824
3 16 691 6909
3 17 769 7689
3 18 731 7313
3 19 320 3204
3 20 402 4024
3 21 124 1243
3 22 379 3786
3 23 183 1828
3 24 117 1171
3 25 520 5203
3 26 482 4823
3 27 230 2302
3 28 147 1472
3 29 133 1334
3 30 382 3818
4 1 175 1749
4 2 707 7069
4 3 783 7825
4 5 555 5546
4 6 354 3543
4 7 307 3070
4 8 881 8813
4 9 565 5653
4 10 380 3803
4 11 403 4035
4 12 585 5845
4 13 829 8290
4 14 757 7573
4 15 869 8693
4 16 195 1949
4 17 472 4724
4 18 109 1086
4 19 479 4792
4 20 683 6830
4 21 809 8087
4 22 907 9067
4 23 654 6540
4 24 825 8251
4 25 1109 11090
4 26 1129 11288
4 27 845 8449
4 28 771 7711
4 29 858 8579
4 30 644 6437
5 1 393 3932
5 2 159 1591
5 3 289 2891
5 4 555 5546
5 6 249 2492
5 7 254 2537
5 8 1035 10346
5 9 445 4449
5 10 571 5710
5 11 251 2514
5 12 407 4068
5 13 313 3126
5 14 467 4673
5 15 516 5161
5 16 524 5245
5 17 704 7044
5 18 481 4806
5 19 237 2372
5 20 209 2092
5 21 266 2660
5 22 600 5996
5 23 288 2880
5 24 384 3844
5 25 777 7771
5 26 755 7549
5 27 290 2903
5 28 368 3685
5 29 411 4112
5 30 166 1664
6 1 242 2421
6 2 376 3762
6 3 430 4296
6 4 354 3543
6 5 249 2492
6 7 82 815
6 8 829 8294
6 9 300 2999
6 10 330 3305
6 11 60 602
6 12 291 2907
6 13 479 4788
6 14 437 4366
6 15 535 5350
6 16 279 2791
6 17 467 4666
6 18 318 3182
6 19 132 1320
6 20 440 4405
6 21 469 4691
6 22 589 5890
6 23 305 3049
6 24 472 4724
6 25 790 7897
6 26 796 7963
6 27 524 5241
6 28 422 4218
6 29 505 5051
6 30 395 3954
7 1 170 1697
7 2 401 4009
7 3 480 4802
7 4 307 3070
7 5 254 2537
7 6 82 815
7 8 889 8894
7 9 380 3801
7 10 374 3739
7 11 141 1411
7 12 372 3722
7 13 524 5238
7 14 516 5157
7 15 610 6103
7 16 280 2800
7 17 510 5097
7 18 252 2523
7 19 208 2080
7 20 418 4184
7 21 502 5017
7 22 668 6678
7 23 375 3749
7 24 536 5358
7 25 868 8675
7 26 871 8710
7 27 542 5424
7 28 490 4902
7 29 568 5681
7 30 374 3743
8 1 950 9502
8 2 1080 10804
8 3 1001 10007
8 4 881 8813
8 5 1035 10346
8 6 829 8294
8 7 889 8894
8 9 600 6002
8 10 528 5282
8 11 797 7970
8 12 649 6493
8 13 1060 10597
8 14 718 7177
8 15 807 8073
8 16 699 6989
8 17 410 4103
8 18 957 9573
8 19 797 7975
8 20 1244 12437
8 21 1115 11149
8 22 744 7441
8 23 828 8280
8 24 929 9292
8 25 844 8441
8 26 925 9253
8 27 1214 12138
8 28 866 8664
8 29 947 9471
8 30 1200 12002
9 1 518 5184
9 2 480 4805
9 3 419 4194
9 4 565 5653
9 5 445 4449
9 6 300 2999
9 7 380 3801
9 8 600 6002
9 10 278 2776
9 11 245 2455
9 12 54 543
9 13 480 4805
9 14 217 2171
9 15 340 3403
9 16 396 3956
9 17 361 3607
9 18 575 5749
9 19 213 2133
9 20 653 6528
9 21 523 5231
9 22 352 3517
9 23 237 2374
9 24 381 3807
9 25 550 5503
9 26 583 5829
9 27 618 6175
9 28 312 3119
9 29 408 4083
9 30 611 6112
10 1 423 4226
10 2 668 6680
10 3 658 6584
10 4 380 3803
10 5 571 5710
10 6 330 3305
10 7 374 3739
10 8 528 5282
10 9 278 2776
10 11 320 3199
10 12 323 3234
10 13 718 7182
10 14 494 4944
10 15 618 6177
10 16 186 1855
10 17 136 1364
10 18 438 4379
10 19 357 3571
10 20 770 7701
10 21 739 7395
10 22 621 6209
10 23 481 4805
10 24 645 6451
10 25 812 8117
10 26 854 8536
10 27 817 8172
10 28 578 5776
10 29 675 6752
10 30 725 7251
11 1 301 3014
11 2 357 3571
11 3 389 3892
11 4 403 4035
11 5 251 2514
11 6 60 602
11 7 141 1411
11 8 797 7970
11 9 245 2455
11 10 320 3199
11 12 232 2322
11 13 442 4420
11 14 377 3766
11 15 477 4765
11 16 304 3040
11 17 453 4530
11 18 375 3752
11 19 76 759
11 20 455 4547
11 21 442 4420
11 22 529 5290
11 23 251 2509
11 24 422 4218
11 25 730 7300
11 26 738 7380
11 27 507 5071
11 28 368 3681
11 29 455 4547
11 30 410 4099
12 1 521 5215
12 2 431 4313
12 3 365 3653
12 4 585 5845
12 5 407 4068
12 6 291 2907
12 7 372 3722
12 8 649 6493
12 9 54 543
12 10 323 3234
12 11 232 2322
12 13 426 4264
12 14 178 1784
12 15 300 2995
12 16 425 4252
12 17 413 4133
12 18 584 5843
12 19 185 1852
12 20 613 6125
12 21 470 4702
12 22 323 3229
12 23 184 1837
12 24 328 3278
12 25 525 5247
12 26 550 5501
12 27 566 5659
12 28 259 2591
12 29 356 3560
12 30 572 5720
13 1 686 6861
13 2 166 1664
13 3 61 612
13 4 829 8290
13 5 313 3126
13 6 479 4788
13 7 524 5238
13 8 1060 10597
13 9 480 4805
13 10 718 7182
13 11 442 4420
13 12 426 4264
13 14 353 3534
13 15 320 3204
13 16 745 7452
13 17 830 8298
13 18 773 7727
13 19 376 3758
13 20 393 3935
13 21 87 871
13 22 417 4171
13 23 244 2440
13 24 153 1531
13 25 541 5412
13 26 494 4938
13 27 188 1877
13 28 199 1989
13 29 157 1575
13 30 379 3794
14 1 677 6775
14 2 427 4271
14 3 300 3001
14 4 757 7573
14 5 467 4673
14 6 437 4366
14 7 516 5157
14 8 718 7177
14 9 217 2171
14 10 494 4944
14 11 377 3766
14 12 178 1784
14 13 353 3534
14 15 123 1233
14 16 603 6034
14 17 566 5664
14 18 747 7475
14 19 308 3084
14 20 650 6498
14 21 423 4235
14 22 152 1525
14 23 180 1795
14 24 212 2122
14 25 354 3543
14 26 373 3726
14 27 529 5290
14 28 155 1545
14 29 229 2295
14 30 616 6164
15 1 777 7771
15 2 438 4377
15 3 282 2824
15 4 869 8693
15 5 516 5161
15 6 535 5350
15 7 610 6103
15 8 807 8073
15 9 340 3403
15 10 618 6177
15 11 477 4765
15 12 300 2995
15 13 320 3204
15 14 123 1233
15 16 722 7224
15 17 687 6875
15 18 852 8516
15 19 403 4032
15 20 674 6737
15 21 403 4033
15 22 97 967
15 23 242 2415
15 24 168 1678
15 25 263 2633
15 26 261 2614
15 27 508 5076
15 28 150 1496
15 29 167 1667
15 30 646 6465
16 1 261 2615
16 2 655 6549
16 3 691 6909
16 4 195 1949
16 5 524 5245
16 6 279 2791
16 7 280 2800
16 8 699 6989
16 9 396 3956
16 10 186 1855
16 11 304 3040
16 12 425 4252
16 13 745 7452
16 14 603 6034
16 15 722 7224
16 17 289 2890
16 18 258 2585
16 19 371 3706
16 20 698 6983
16 21 745 7449
16 22 746 7463
16 23 534 5343
16 24 709 7087
16 25 946 9459
16 26 975 9753
16 27 803 8033
16 28 647 6470
16 29 741 7411
16 30 654 6544
17 1 545 5448
17 2 794 7937
17 3 769 7689
17 4 472 4724
17 5 704 7044
17 6 467 4666
17 7 510 5097
17 8 410 4103
17 9 361 3607
17 10 136 1364
17 11 453 4530
17 12 413 4133
17 13 830 8298
17 14 566 5664
17 15 687 6875
17 16 289 2890
17 18 547 5473
17 19 483 4832
17 20 905 9055
17 21 859 8588
17 22 673 6726
17 23 587 5870
17 24 741 7410
17 25 848 8484
17 26 902 9021
17 27 942 9415
17 28 672 6723
17 29 769 7690
17 30 860 8605
18 1 88 875
18 2 638 6379
18 3 731 7313
18 4 109 1086
18 5 481 4806
18 6 318 3182
18 7 252 2523
18 8 957 9573
18 9 575 5749
18 10 438 4379
18 11 375 3752
18 12 584 5843
18 13 773 7727
18 14 747 7475
18 15 852 8516
18 16 258 2585
18 17 547 5473
18 19 450 4499
18 20 589 5887
18 21 743 7429
18 22 900 8996
18 23 623 6229
18 24 787 7874
18 25 1102 11018
18 26 1113 11130
18 27 769 7686
18 28 739 7395
18 29 820 8198
18 30 552 5516
19 1 374 3739
19 2 311 3110
19 3 320 3204
19 4 479 4792
19 5 237 2372
19 6 132 1320
19 7 208 2080
19 8 797 7975
19 9 213 2133
19 10 357 3571
19 11 76 759
19 12 185 1852
19 13 376 3758
19 14 308 3084
19 15 403 4032
19 16 371 3706
19 17 483 4832
19 18 450 4499
19 20 446 4463
19 21 385 3851
19 22 460 4601
19 23 175 1749
19 24 347 3465
19 25 659 6595
19 26 664 6644
19 27 460 4601
19 28 292 2921
19 29 379 3793
19 30 403 4032
20 1 509 5085
20 2 238 2381
20 3 402 4024
20 4 683 6830
20 5 209 2092
20 6 440 4405
20 7 418 4184
20 8 1244 12437
20 9 653 6528
20 10 770 7701
20 11 455 4547
20 12 613 6125
20 13 393 3935
20 14 650 6498
20 15 674 6737
20 16 698 6983
20 17 905 9055
20 18 589 5887
20 19 446 4463
20 21 312 3122
20 22 766 7655
20 23 473 4729
20 24 518 5176
20 25 922 9221
20 26 884 8837
20 27 259 2588
20 28 525 5249
20 29 536 5358
20 30 45 451
21 1 655 6554
21 2 107 1071
21 3 124 1243
21 4 809 8087
21 5 266 2660
21 6 469 4691
21 7 502 5017
21 8 1115 11149
21 9 523 5231
21 10 739 7395
21 11 442 4420
21 12 470 4702
21 13 87 871
21 14 423 4235
21 15 403 4033
21 16 745 7449
21 17 859 8588
21 18 743 7429
21 19 385 3851
21 20 312 3122
21 22 500 5000
21 23 288 2875
21 24 236 2356
21 25 628 6283
21 26 580 5801
21 27 106 1059
21 28 271 2714
21 29 243 2435
21 30 303 3028
22 1 830 8300
22 2 531 5312
22 3 379 3786
22 4 907 9067
22 5 600 5996
22 6 589 5890
22 7 668 6678
22 8 744 7441
22 9 352 3517
22 10 621 6209
22 11 529 5290
22 12 323 3229
22 13 417 4171
22 14 152 1525
22 15 97 967
22 16 746 7463
22 17 673 6726
22 18 900 8996
22 19 460 4601
22 20 766 7655
22 21 500 5000
22 23 315 3155
22 24 264 2645
22 25 203 2025
22 26 233 2327
22 27 604 6043
22 28 241 2408
22 29 262 2624
22 30 737 7367
23 1 544 5441
23 2 262 2617
23 3 183 1828
23 4 654 6540
23 5 288 2880
23 6 305 3049
23 7 375 3749
23 8 828 8280
23 9 237 2374
23 10 481 4805
23 11 251 2509
23 12 184 1837
23 13 244 2440
23 14 180 1795
23 15 242 2415
23 16 534 5343
23 17 587 5870
23 18 623 6229
23 19 175 1749
23 20 473 4729
23 21 288 2875
23 22 315 3155
23 24 174 1744
23 25 504 5044
23 26 499 4985
23 27 386 3860
23 28 117 1172
23 29 207 2070
23 30 438 4381
24 1 705 7053
24 2 279 2794
24 3 117 1171
24 4 825 8251
24 5 384 3844
24 6 472 4724
24 7 536 5358
24 8 929 9292
24 9 381 3807
24 10 645 6451
24 11 422 4218
24 12 328 3278
24 13 153 1531
24 14 212 2122
24 15 168 1678
24 16 709 7087
24 17 741 7410
24 18 787 7874
24 19 347 3465
24 20 518 5176
24 21 236 2356
24 22 264 2645
24 23 174 1744
24 25 405 4046
24 26 372 3721
24 27 340 3399
24 28 69 687
24 29 33 328
24 30 495 4947
25 1 1031 10313
25 2 684 6840
25 3 520 5203
25 4 1109 11090
25 5 777 7771
25 6 790 7897
25 7 868 8675
25 8 844 8441
25 9 550 5503
25 10 812 8117
25 11 730 7300
25 12 525 5247
25 13 541 5412
25 14 354 3543
25 15 263 2633
25 16 946 9459
25 17 848 8484
25 18 1102 11018
25 19 659 6595
25 20 922 9221
25 21 628 6283
25 22 203 2025
25 23 504 5044
25 24 405 4046
25 26 91 909
25 27 724 7244
25 28 409 4086
25 29 388 3877
25 30 899 8989
26 1 1038 10383
26 2 647 6470
26 3 482 4823
26 4 1129 11288
26 5 755 7549
26 6 796 7963
26 7 871 8710
26 8 925 9253
26 9 583 5829
26 10 854 8536
26 11 738 7380
26 12 550 5501
26 13 494 4938
26 14 373 3726
26 15 261 2614
26 16 975 9753
26 17 902 9021
26 18 1113 11130
26 19 664 6644
26 20 884 8837
26 21 580 5801
26 22 233 2327
26 23 499 4985
26 24 372 3721
26 25 91 909
26 27 670 6705
26 28 391 3911
26 29 349 3494
26 30 864 8641
27 1 682 6816
27 2 150 1500
27 3 230 2302
27 4 845 8449
27 5 290 2903
27 6 524 5241
27 7 542 5424
27 8 1214 12138
27 9 618 6175
27 10 817 8172
27 11 507 5071
27 12 566 5659
27 13 188 1877
27 14 529 5290
27 15 508 5076
27 16 803 8033
27 17 942 9415
27 18 769 7686
27 19 460 4601
27 20 259 2588
27 21 106 1059
27 22 604 6043
27 23 386 3860
27 24 340 3399
27 25 724 7244
27 26 670 6705
27 28 377 3773
27 29 345 3450
27 30 264 2644
28 1 660 6597
28 2 291 2907
28 3 147 1472
28 4 771 7711
28 5 368 3685
28 6 422 4218
28 7 490 4902
28 8 866 8664
28 9 312 3119
28 10 578 5776
28 11 368 3681
28 12 259 2591
28 13 199 1989
28 14 155 1545
28 15 150 1496
28 16 647 6470
28 17 672 6723
28 18 739 7395
28 19 292 2921
28 20 525 5249
28 21 271 2714
28 22 241 2408
28 23 117 1172
28 24 69 687
28 25 409 4086
28 26 391 3911
28 27 377 3773
28 29 98 976
28 30 497 4970
29 1 738 7375
29 2 298 2981
29 3 133 1334
29 4 858 8579
29 5 411 4112
29 6 505 5051
29 7 568 5681
29 8 947 9471
29 9 408 4083
29 10 675 6752
29 11 455 4547
29 12 356 3560
29 13 157 1575
29 14 229 2295
29 15 167 1667
29 16 741 7411
29 17 769 7690
29 18 820 8198
29 19 379 3793
29 20 536 5358
29 21 243 2435
29 22 262 2624
29 23 207 2070
29 24 33 328
29 25 388 3877
29 26 349 3494
29 27 345 3450
29 28 98 976
29 30 515 5149
30 1 470 4699
30 2 217 2173
30 3 382 3818
30 4 644 6437
30 5 166 1664
30 6 395 3954
30 7 374 3743
30 8 1200 12002
30 9 611 6112
30 10 725 7251
30 11 410 4099
30 12 572 5720
30 13 379 3794
30 14 616 6164
30 15 646 6465
30 16 654 6544
30 17 860 8605
30 18 552 5516
30 19 403 4032
30 20 45 451
30 21 303 3028
30 22 737 7367
30 23 438 4381
30 24 495 4947
30 25 899 8989
30 26 864 8641
30 27 264 2644
30 28 497 4970
30 29 515 5149
