40
570
821
39
13
15
20
29
3
39
7
40
4
27
21
35
10
24
30
5
33
23
11
34
16
12
9
37
36
22
18
17
6
14
2
1
38
26
31
8
28
32
25
21
40
20
13
1
29
15
3
11
9
16
25
27
26
33
36
23
39
31
6
37
19
1 2 548 5481
1 3 539 5392
1 4 265 2650
1 5 291 2906
1 6 626 6261
1 7 633 6334
1 8 667 6672
1 9 619 6194
1 10 205 2053
1 11 154 1540
1 12 708 7080
1 13 235 2347
1 14 419 4192
1 15 755 7546
1 16 724 7241
1 17 717 7173
1 18 347 3473
1 19 723 7226
1 20 681 6813
1 21 135 1349
1 22 347 3468
1 23 210 2101
1 24 575 5750
1 25 360 3603
1 26 674 6737
1 27 345 3453
1 28 333 3327
1 29 402 4020
1 30 783 7830
1 31 525 5250
1 32 660 6598
1 33 549 5489
1 34 321 3210
1 35 439 4391
1 36 667 6666
1 37 532 5317
1 38 411 4106
1 39 543 5425
1 40 511 5115
2 1 548 5481
2 3 425 4254
2 4 773 7729
2 5 315 3149
2 6 256 2558
2 7 320 3201
2 8 323 3233
2 9 592 5919
2 10 634 6335
2 11 625 6245
2 12 170 1702
2 13 479 4794
2 14 391 3913
2 15 208 2085
2 16 200 2003
2 17 184 1844
2 18 570 5700
2 19 208 2080
2 20 314 3142
2 21 670 6704
2 22 764 7636
2 23 435 4353
2 24 553 5532
2 25 301 3015
2 26 596 5962
2 27 451 4514
2 28 251 2510
2 29 402 4017
2 30 235 2351
2 31 158 1580
2 32 631 6310
2 33 618 6177
2 34 371 3715
2 35 650 6499
2 36 119 1188
2 37 298 2975
2 38 233 2331
2 39 386 3858
2 40 735 7350
3 1 539 5392
3 2 425 4254
3 4 622 6223
3 5 283 2834
3 6 673 6726
3 7 729 7290
3 8 740 7400
3 9 167 1665
3 10 726 7259
3 11 685 6852
3 12 462 4617
3 13 318 3179
3 14 691 6910
3 15 568 5675
3 16 441 4408
3 17 455 4551
3 18 779 7789
3 19 617 6175
3 20 735 7347
3 21 669 6687
3 22 875 8749
3 23 329 3293
3 24 884 8843
3 25 576 5762
3 26 179 1791
3 27 206 2059
3 28 491 4907
3 29 137 1374
3 30 555 5551
3 31 555 5546
3 32 206 2062
3 33 212 2124
3 34 613 6133
3 35 879 8789
3 36 493 4932
3 37 674 6739
3 38 548 5480
3 39 748 7479
3 40 967 9666
4 1 265 2650
4 2 773 7729
4 3 622 6223
4 5 469 4690
4 6 885 8850
4 7 896 8964
4 8 929 9293
4 9 633 6333
4 10 395 3947
4 11 341 3406
4 12 917 9172
4 13 324 3239
4 14 683 6830
4 15 981 9811
4 16 924 9243
4 17 923 9229
4 18 582 5817
4 19 964 9640
4 20 942 9422
4 21 245 2446
4 22 483 4827
4 23 348 3485
4 24 829 8287
4 25 624 6239
4 26 698 6977
4 27 421 4207
4 28 587 5875
4 29 498 4979
4 30 1001 10015
4 31 777 7771
4 32 663 6631
4 33 534 5342
4 34 586 5859
4 35 658 6585
4 36 891 8907
4 37 795 7954
4 38 669 6695
4 39 807 8073
4 40 714 7137
5 1 291 2906
5 2 315 3149
5 3 283 2834
5 4 469 4690
5 6 494 4938
5 7 532 5320
5 8 554 5544
5 9 413 4132
5 10 453 4534
5 11 419 4195
5 12 449 4487
5 13 165 1647
5 14 428 4281
5 15 519 5192
5 16 456 4555
5 17 454 4540
5 18 496 4957
5 19 519 5189
5 20 558 5579
5 21 426 4255
5 22 602 6021
5 23 122 1221
5 24 622 6223
5 25 317 3167
5 26 450 4505
5 27 168 1677
5 28 235 2348
5 29 166 1659
5 30 535 5349
5 31 370 3700
5 32 457 4574
5 33 387 3869
5 34 340 3398
5 35 596 5960
5 36 429 4286
5 37 452 4519
5 38 311 3114
5 39 509 5089
5 40 683 6834
6 1 626 6261
6 2 256 2558
6 3 673 6726
6 4 885 8850
6 5 494 4938
6 7 70 702
6 8 68 678
6 9 838 8379
6 10 628 6282
6 11 642 6421
6 12 347 3471
6 13 648 6482
6 14 281 2808
6 15 286 2862
6 16 392 3916
6 17 366 3664
6 18 491 4911
6 19 187 1870
6 20 64 644
6 21 718 7175
6 22 723 7226
6 23 594 5945
6 24 364 3641
6 25 272 2717
6 26 848 8477
6 27 656 6561
6 28 298 2982
6 29 624 6242
6 30 340 3403
6 31 124 1244
6 32 879 8788
6 33 851 8507
6 34 333 3327
6 35 538 5383
6 36 263 2632
6 37 124 1237
6 38 216 2157
6 39 195 1954
6 40 609 6087
7 1 633 6334
7 2 320 3201
7 3 729 7290
7 4 896 8964
7 5 532 5320
7 6 70 702
7 8 38 382
7 9 893 8930
7 10 612 6125
7 11 632 6323
7 12 417 4173
7 13 680 6797
7 14 253 2529
7 15 354 3536
7 16 462 4618
7 17 437 4366
7 18 459 4592
7 19 252 2517
7 20 62 619
7 21 714 7139
7 22 695 6948
7 23 625 6246
7 24 304 3038
7 25 273 2731
7 26 906 9058
7 27 698 6977
7 28 318 3182
7 29 672 6717
7 30 408 4080
7 31 174 1744
7 32 935 9346
7 33 900 9000
7 34 323 3234
7 35 495 4953
7 36 333 3334
7 37 103 1030
7 38 232 2324
7 39 145 1451
7 40 560 5602
8 1 667 6672
8 2 323 3233
8 3 740 7400
8 4 929 9293
8 5 554 5544
8 6 68 678
8 7 38 382
8 9 905 9051
8 10 650 6501
8 11 669 6693
8 12 405 4054
8 13 705 7054
8 14 291 2910
8 15 334 3336
8 16 450 4503
8 17 425 4246
8 18 497 4973
8 19 230 2296
8 20 26 260
8 21 750 7501
8 22 733 7330
8 23 651 6508
8 24 335 3354
8 25 307 3073
8 26 915 9153
8 27 719 7185
8 28 347 3474
8 29 689 6891
8 30 388 3881
8 31 189 1887
8 32 946 9461
8 33 916 9163
8 34 360 3599
8 35 532 5323
8 36 323 3227
8 37 139 1394
8 38 262 2621
8 39 182 1819
8 40 596 5959
9 1 619 6194
9 2 592 5919
9 3 167 1665
9 4 633 6333
9 5 413 4132
9 6 838 8379
9 7 893 8930
9 8 905 9051
9 10 820 8199
9 11 773 7726
9 12 620 6201
9 13 385 3847
9 14 838 8376
9 15 728 7283
9 16 595 5949
9 17 612 6116
9 18 902 9019
9 19 783 7827
9 20 900 9004
9 21 736 7364
9 22 966 9656
9 23 417 4172
9 24 1032 10321
9 25 724 7238
9 26 66 655
9 27 277 2775
9 28 639 6388
9 29 247 2473
9 30 712 7117
9 31 719 7186
9 32 44 442
9 33 107 1075
9 34 753 7527
9 35 1003 10028
9 36 657 6572
9 37 834 8337
9 38 703 7030
9 39 904 9042
9 40 1088 10883
10 1 205 2053
10 2 634 6335
10 3 726 7259
10 4 395 3947
10 5 453 4534
10 6 628 6282
10 7 612 6125
10 8 650 6501
10 9 820 8199
10 11 57 568
10 12 803 8033
10 13 437 4367
10 14 362 3623
10 15 824 8241
10 16 829 8287
10 17 816 8163
10 18 197 1974
10 19 768 7676
10 20 670 6702
10 21 151 1505
10 22 149 1491
10 23 404 4038
10 24 458 4575
10 25 363 3635
10 26 872 8717
10 27 543 5431
10 28 384 3842
10 29 591 5913
10 30 863 8626
10 31 558 5583
10 32 861 8613
10 33 753 7533
10 34 296 2961
10 35 264 2641
10 36 745 7447
10 37 512 5116
10 38 434 4336
10 39 488 4877
10 40 321 3214
11 1 154 1540
11 2 625 6245
11 3 685 6852
11 4 341 3406
11 5 419 4195
11 6 642 6421
11 7 632 6323
11 8 669 6693
11 9 773 7726
11 10 57 568
11 12 793 7927
11 13 388 3881
11 14 388 3876
11 15 821 8211
11 16 816 8156
11 17 805 8048
11 18 244 2440
11 19 771 7711
11 20 688 6880
11 21 99 988
11 22 193 1930
11 23 359 3590
11 24 500 5003
11 25 372 3721
11 26 826 8259
11 27 497 4970
11 28 380 3800
11 29 549 5492
11 30 857 8569
11 31 563 5629
11 32 813 8134
11 33 703 7028
11 34 310 3100
11 35 318 3180
11 36 739 7387
11 37 530 5299
11 38 439 4387
11 39 515 5149
11 40 378 3779
12 1 708 7080
12 2 170 1702
12 3 462 4617
12 4 917 9172
12 5 449 4487
12 6 347 3471
12 7 417 4173
12 8 405 4054
12 9 620 6201
12 10 803 8033
12 11 793 7927
12 13 606 6064
12 14 549 5486
12 15 111 1110
12 16 45 449
12 17 19 192
12 18 737 7367
12 19 196 1955
12 20 387 3870
12 21 834 8343
12 22 934 9337
12 23 570 5705
12 24 692 6921
12 25 468 4680
12 26 606 6061
12 27 553 5527
12 28 421 4212
12 29 487 4873
12 30 95 945
12 31 297 2968
12 32 652 6522
12 33 672 6723
12 34 539 5392
12 35 813 8126
12 36 84 843
12 37 430 4301
12 38 397 3971
12 39 519 5191
12 40 896 8957
13 1 235 2347
13 2 479 4794
13 3 318 3179
13 4 324 3239
13 5 165 1647
13 6 648 6482
13 7 680 6797
13 8 705 7054
13 9 385 3847
13 10 437 4367
13 11 388 3881
13 12 606 6064
13 14 534 5341
13 15 682 6822
13 16 609 6086
13 17 610 6099
13 18 541 5415
13 19 684 6835
13 20 712 7115
13 21 356 3555
13 22 581 5811
13 23 56 563
13 24 721 7208
13 25 435 4352
13 26 440 4397
13 27 114 1139
13 28 365 3655
13 29 183 1828
13 30 695 6953
13 31 527 5266
13 32 425 4252
13 33 318 3179
13 34 435 4346
13 35 641 6411
13 36 592 5919
13 37 591 5912
13 38 450 4498
13 39 635 6349
13 40 722 7221
14 1 419 4192
14 2 391 3913
14 3 691 6910
14 4 683 6830
14 5 428 4281
14 6 281 2808
14 7 253 2529
14 8 291 2910
14 9 838 8376
14 10 362 3623
14 11 388 3876
14 12 549 5486
14 13 534 5341
14 15 530 5299
14 16 586 5862
14 17 566 5660
14 18 210 2104
14 19 449 4492
14 20 313 3130
14 21 476 4762
14 22 443 4431
14 23 479 4786
14 24 195 1945
14 25 115 1147
14 26 868 8680
14 27 590 5899
14 28 200 2002
14 29 592 5924
14 30 579 5787
14 31 255 2547
14 32 882 8818
14 33 814 8144
14 34 102 1019
14 35 267 2673
14 36 471 4711
14 37 157 1574
14 38 162 1617
14 39 128 1276
14 40 348 3475
15 1 755 7546
15 2 208 2085
15 3 568 5675
15 4 981 9811
15 5 519 5192
15 6 286 2862
15 7 354 3536
15 8 334 3336
15 9 728 7283
15 10 824 8241
15 11 821 8211
15 12 111 1110
15 13 682 6822
15 14 530 5299
15 16 148 1482
15 17 124 1245
15 18 732 7316
15 19 105 1049
15 20 311 3114
15 21 874 8737
15 22 944 9444
15 23 641 6408
15 24 648 6479
15 25 469 4691
15 26 716 7162
15 27 641 6409
15 28 441 4412
15 29 581 5808
15 30 55 545
15 31 277 2773
15 32 761 7613
15 33 776 7760
15 34 541 5414
15 35 797 7972
15 36 91 907
15 37 391 3911
15 38 396 3961
15 39 476 4757
15 40 876 8755
16 1 724 7241
16 2 200 2003
16 3 441 4408
16 4 924 9243
16 5 456 4555
16 6 392 3916
16 7 462 4618
16 8 450 4503
16 9 595 5949
16 10 829 8287
16 11 816 8156
16 12 45 449
16 13 609 6086
16 14 586 5862
16 15 148 1482
16 17 26 261
16 18 770 7702
16 19 239 2391
16 20 432 4319
16 21 853 8528
16 22 962 9620
16 23 576 5761
16 24 734 7338
16 25 501 5014
16 26 577 5772
16 27 547 5473
16 28 450 4497
16 29 478 4785
16 30 118 1180
16 31 337 3368
16 32 625 6252
16 33 653 6528
16 34 572 5718
16 35 848 8485
16 36 128 1284
16 37 472 4720
16 38 432 4318
16 39 561 5613
16 40 932 9324
17 1 717 7173
17 2 184 1844
17 3 455 4551
17 4 923 9229
17 5 454 4540
17 6 366 3664
17 7 437 4366
17 8 425 4246
17 9 612 6116
17 10 816 8163
17 11 805 8048
17 12 19 192
17 13 610 6099
17 14 566 5660
17 15 124 1245
17 16 26 261
17 18 753 7527
17 19 213 2131
17 20 406 4061
17 21 845 8446
17 22 948 9479
17 23 575 5754
17 24 711 7108
17 25 484 4839
17 26 596 5959
17 27 553 5529
17 28 435 4352
17 29 486 4860
17 30 100 1002
17 31 315 3150
17 32 643 6429
17 33 666 6664
17 34 555 5548
17 35 829 8295
17 36 103 1035
17 37 449 4489
17 38 413 4134
17 39 538 5379
17 40 913 9129
18 1 347 3473
18 2 570 5700
18 3 779 7789
18 4 582 5817
18 5 496 4957
18 6 491 4911
18 7 459 4592
18 8 497 4973
18 9 902 9019
18 10 197 1974
18 11 244 2440
18 12 737 7367
18 13 541 5415
18 14 210 2104
18 15 732 7316
18 16 770 7702
18 17 753 7527
18 19 657 6566
18 20 520 5205
18 21 343 3428
18 22 237 2369
18 23 494 4943
18 24 261 2611
18 25 269 2688
18 26 944 9444
18 27 629 6292
18 28 330 3300
18 29 657 6570
18 30 778 7777
18 31 454 4543
18 32 946 9456
18 33 854 8544
18 34 199 1989
18 35 101 1010
18 36 665 6649
18 37 368 3676
18 38 340 3399
18 39 320 3200
18 40 188 1877
19 1 723 7226
19 2 208 2080
19 3 617 6175
19 4 964 9640
19 5 519 5189
19 6 187 1870
19 7 252 2517
19 8 230 2296
19 9 783 7827
19 10 768 7676
19 11 771 7711
19 12 196 1955
19 13 684 6835
19 14 449 4492
19 15 105 1049
19 16 239 2391
19 17 213 2131
19 18 657 6566
19 20 207 2069
19 21 833 8330
19 22 879 8786
19 23 637 6366
19 24 551 5511
19 25 405 4051
19 26 778 7781
19 27 659 6594
19 28 395 3945
19 29 608 6082
19 30 159 1591
19 31 209 2093
19 32 819 8189
19 33 819 8186
19 34 476 4757
19 35 715 7146
19 36 128 1283
19 37 301 3009
19 38 334 3340
19 39 381 3810
19 40 789 7894
20 1 681 6813
20 2 314 3142
20 3 735 7347
20 4 942 9422
20 5 558 5579
20 6 64 644
20 7 62 619
20 8 26 260
20 9 900 9004
20 10 670 6702
20 11 688 6880
20 12 387 3870
20 13 712 7115
20 14 313 3130
20 15 311 3114
20 16 432 4319
20 17 406 4061
20 18 520 5205
20 19 207 2069
20 21 767 7672
20 22 756 7556
20 23 657 6574
20 24 361 3613
20 25 323 3226
20 26 909 9088
20 27 721 7205
20 28 358 3575
20 29 688 6884
20 30 366 3658
20 31 189 1889
20 32 941 9409
20 33 915 9147
20 34 378 3781
20 35 557 5572
20 36 305 3053
20 37 159 1586
20 38 273 2732
20 39 207 2068
20 40 621 6214
21 1 135 1349
21 2 670 6704
21 3 669 6687
21 4 245 2446
21 5 426 4255
21 6 718 7175
21 7 714 7139
21 8 750 7501
21 9 736 7364
21 10 151 1505
21 11 99 988
21 12 834 8343
21 13 356 3555
21 14 476 4762
21 15 874 8737
21 16 853 8528
21 17 845 8446
21 18 343 3428
21 19 833 8330
21 20 767 7672
21 22 252 2524
21 23 340 3401
21 24 598 5982
21 25 446 4459
21 26 794 7939
21 27 469 4691
21 28 438 4385
21 29 531 5312
21 30 905 9054
21 31 628 6284
21 32 775 7748
21 33 657 6570
21 34 391 3907
21 35 415 4146
21 36 788 7878
21 37 611 6110
21 38 507 5070
21 39 604 6038
21 40 469 4694
22 1 347 3468
22 2 764 7636
22 3 875 8749
22 4 483 4827
22 5 602 6021
22 6 723 7226
22 7 695 6948
22 8 733 7330
22 9 966 9656
22 10 149 1491
22 11 193 1930
22 12 934 9337
22 13 581 5811
22 14 443 4431
22 15 944 9444
22 16 962 9620
22 17 948 9479
22 18 237 2369
22 19 879 8786
22 20 756 7556
22 21 252 2524
22 23 551 5511
22 24 479 4794
22 25 476 4756
22 26 1019 10186
22 27 690 6897
22 28 513 5127
22 29 740 7399
22 30 986 9865
22 31 671 6708
22 32 1006 10064
22 33 895 8952
22 34 404 4037
22 35 245 2447
22 36 870 8698
22 37 600 6002
22 38 548 5485
22 39 557 5568
22 40 259 2594
23 1 210 2101
23 2 435 4353
23 3 329 3293
23 4 348 3485
23 5 122 1221
23 6 594 5945
23 7 625 6246
23 8 651 6508
23 9 417 4172
23 10 404 4038
23 11 359 3590
23 12 570 5705
23 13 56 563
23 14 479 4786
23 15 641 6408
23 16 576 5761
23 17 575 5754
23 18 494 4943
23 19 637 6366
23 20 657 6574
23 21 340 3401
23 22 551 5511
23 24 666 6663
23 25 379 3790
23 26 468 4679
23 27 140 1398
23 28 309 3095
23 29 192 1919
23 30 657 6571
23 31 474 4738
23 32 459 4594
23 33 360 3604
23 34 380 3797
23 35 595 5946
23 36 550 5502
23 37 535 5353
23 38 394 3941
23 39 579 5787
23 40 677 6774
24 1 575 5750
24 2 553 5532
24 3 884 8843
24 4 829 8287
24 5 622 6223
24 6 364 3641
24 7 304 3038
24 8 335 3354
24 9 1032 10321
24 10 458 4575
24 11 500 5003
24 12 692 6921
24 13 721 7208
24 14 195 1945
24 15 648 6479
24 16 734 7338
24 17 711 7108
24 18 261 2611
24 19 551 5511
24 20 361 3613
24 21 598 5982
24 22 479 4794
24 23 666 6663
24 25 309 3086
24 26 1062 10619
24 27 783 7827
24 28 394 3940
24 29 787 7869
24 30 701 7012
24 31 399 3988
24 32 1076 10762
24 33 1008 10081
24 34 287 2871
24 35 239 2392
24 36 609 6090
24 37 262 2619
24 38 343 3428
24 39 173 1733
24 40 277 2772
25 1 360 3603
25 2 301 3015
25 3 576 5762
25 4 624 6239
25 5 317 3167
25 6 272 2717
25 7 273 2731
25 8 307 3073
25 9 724 7238
25 10 363 3635
25 11 372 3721
25 12 468 4680
25 13 435 4352
25 14 115 1147
25 15 469 4691
25 16 501 5014
25 17 484 4839
25 18 269 2688
25 19 405 4051
25 20 323 3226
25 21 446 4459
25 22 476 4756
25 23 379 3790
25 24 309 3086
25 26 753 7534
25 27 481 4814
25 28 86 855
25 29 480 4796
25 30 513 5126
25 31 196 1959
25 32 768 7679
25 33 704 7037
25 34 72 724
25 35 350 3500
25 36 398 3977
25 37 172 1716
25 38 73 730
25 39 200 1998
25 40 437 4366
26 1 674 6737
26 2 596 5962
26 3 179 1791
26 4 698 6977
26 5 450 4505
26 6 848 8477
26 7 906 9058
26 8 915 9153
26 9 66 655
26 10 872 8717
26 11 826 8259
26 12 606 6061
26 13 440 4397
26 14 868 8680
26 15 716 7162
26 16 577 5772
26 17 596 5959
26 18 944 9444
26 19 778 7781
26 20 909 9088
26 21 794 7939
26 22 1019 10186
26 23 468 4679
26 24 1062 10619
26 25 753 7534
26 27 329 3289
26 28 668 6679
26 29 287 2874
26 30 695 6950
26 31 732 7316
26 32 58 582
26 33 172 1724
26 34 787 7872
26 35 1045 10451
26 36 651 6508
26 37 853 8528
26 38 727 7269
26 39 927 9270
26 40 1132 11316
27 1 345 3453
27 2 451 4514
27 3 206 2059
27 4 421 4207
27 5 168 1677
27 6 656 6561
27 7 698 6977
27 8 719 7185
27 9 277 2775
27 10 543 5431
27 11 497 4970
27 12 553 5527
27 13 114 1139
27 14 590 5899
27 15 641 6409
27 16 547 5473
27 17 553 5529
27 18 629 6292
27 19 659 6594
27 20 721 7205
27 21 469 4691
27 22 690 6897
27 23 140 1398
27 24 783 7827
27 25 481 4814
27 26 329 3289
27 28 401 4014
27 29 78 780
27 30 646 6456
27 31 532 5317
27 32 320 3198
27 33 227 2272
27 34 496 4964
27 35 730 7301
27 36 553 5534
27 37 619 6195
27 38 479 4790
27 39 676 6760
27 40 814 8142
28 1 333 3327
28 2 251 2510
28 3 491 4907
28 4 587 5875
28 5 235 2348
28 6 298 2982
28 7 318 3182
28 8 347 3474
28 9 639 6388
28 10 384 3842
28 11 380 3800
28 12 421 4212
28 13 365 3655
28 14 200 2002
28 15 441 4412
28 16 450 4497
28 17 435 4352
28 18 330 3300
28 19 395 3945
28 20 358 3575
28 21 438 4385
28 22 513 5127
28 23 309 3095
28 24 394 3940
28 25 86 855
28 26 668 6679
28 27 401 4014
28 29 396 3955
28 30 479 4785
28 31 192 1924
28 32 683 6828
28 33 621 6211
28 34 135 1346
28 35 420 4199
28 36 361 3605
28 37 226 2258
28 38 86 857
28 39 275 2746
28 40 508 5081
29 1 402 4020
29 2 402 4017
29 3 137 1374
29 4 498 4979
29 5 166 1659
29 6 624 6242
29 7 672 6717
29 8 689 6891
29 9 247 2473
29 10 591 5913
29 11 549 5492
29 12 487 4873
29 13 183 1828
29 14 592 5924
29 15 581 5808
29 16 478 4785
29 17 486 4860
29 18 657 6570
29 19 608 6082
29 20 688 6884
29 21 531 5312
29 22 740 7399
29 23 192 1919
29 24 787 7869
29 25 480 4796
29 26 287 2874
29 27 78 780
29 28 396 3955
29 30 581 5813
29 31 500 5004
29 32 292 2915
29 33 229 2290
29 34 506 5057
29 35 758 7578
29 36 496 4957
29 37 602 6018
29 38 465 4654
29 39 666 6662
29 40 844 8442
30 1 783 7830
30 2 235 2351
30 3 555 5551
30 4 1001 10015
30 5 535 5349
30 6 340 3403
30 7 408 4080
30 8 388 3881
30 9 712 7117
30 10 863 8626
30 11 857 8569
30 12 95 945
30 13 695 6953
30 14 579 5787
30 15 55 545
30 16 118 1180
30 17 100 1002
30 18 778 7777
30 19 159 1591
30 20 366 3658
30 21 905 9054
30 22 986 9865
30 23 657 6571
30 24 701 7012
30 25 513 5126
30 26 695 6950
30 27 646 6456
30 28 479 4785
30 29 581 5813
30 31 325 3245
30 32 743 7426
30 33 766 7662
30 34 585 5849
30 35 846 8459
30 36 118 1182
30 37 443 4431
30 38 440 4397
30 39 529 5286
30 40 925 9253
31 1 525 5250
31 2 158 1580
31 3 555 5546
31 4 777 7771
31 5 370 3700
31 6 124 1244
31 7 174 1744
31 8 189 1887
31 9 719 7186
31 10 558 5583
31 11 563 5629
31 12 297 2968
31 13 527 5266
31 14 255 2547
31 15 277 2773
31 16 337 3368
31 17 315 3150
31 18 454 4543
31 19 209 2093
31 20 189 1889
31 21 628 6284
31 22 671 6708
31 23 474 4738
31 24 399 3988
31 25 196 1959
31 26 732 7316
31 27 532 5317
31 28 192 1924
31 29 500 5004
31 30 325 3245
31 32 760 7602
31 33 728 7277
31 34 267 2672
31 35 522 5216
31 36 217 2170
31 37 140 1398
31 38 125 1247
31 39 229 2287
31 40 602 6021
32 1 660 6598
32 2 631 6310
32 3 206 2062
32 4 663 6631
32 5 457 4574
32 6 879 8788
32 7 935 9346
32 8 946 9461
32 9 44 442
32 10 861 8613
32 11 813 8134
32 12 652 6522
32 13 425 4252
32 14 882 8818
32 15 761 7613
32 16 625 6252
32 17 643 6429
32 18 946 9456
32 19 819 8189
32 20 941 9409
32 21 775 7748
32 22 1006 10064
32 23 459 4594
32 24 1076 10762
32 25 768 7679
32 26 58 582
32 27 320 3198
32 28 683 6828
32 29 292 2915
32 30 743 7426
32 31 760 7602
32 33 129 1295
32 34 797 7970
32 35 1047 10465
32 36 693 6926
32 37 877 8766
32 38 747 7465
32 39 948 9476
32 40 1132 11319
33 1 549 5489
33 2 618 6177
33 3 212 2124
33 4 534 5342
33 5 387 3869
33 6 851 8507
33 7 900 9000
33 8 916 9163
33 9 107 1075
33 10 753 7533
33 11 703 7028
33 12 672 6723
33 13 318 3179
33 14 814 8144
33 15 776 7760
33 16 653 6528
33 17 666 6664
33 18 854 8544
33 19 819 8186
33 20 915 9147
33 21 657 6570
33 22 895 8952
33 23 360 3604
33 24 1008 10081
33 25 704 7037
33 26 172 1724
33 27 227 2272
33 28 621 6211
33 29 229 2290
33 30 766 7662
33 31 728 7277
33 32 129 1295
33 34 723 7227
33 35 955 9549
33 36 698 6980
33 37 831 8307
33 38 694 6936
33 39 894 8938
33 40 1038 10378
34 1 321 3210
34 2 371 3715
34 3 613 6133
34 4 586 5859
34 5 340 3398
34 6 333 3327
34 7 323 3234
34 8 360 3599
34 9 753 7527
34 10 296 2961
34 11 310 3100
34 12 539 5392
34 13 435 4346
34 14 102 1019
34 15 541 5414
34 16 572 5718
34 17 555 5548
34 18 199 1989
34 19 476 4757
34 20 378 3781
34 21 391 3907
34 22 404 4037
34 23 380 3797
34 24 287 2871
34 25 72 724
34 26 787 7872
34 27 496 4964
34 28 135 1346
34 29 506 5057
34 30 585 5849
34 31 267 2672
34 32 797 7970
34 33 723 7227
34 35 286 2855
34 36 470 4699
34 37 221 2206
34 38 145 1454
34 39 222 2215
34 40 374 3736
35 1 439 4391
35 2 650 6499
35 3 879 8789
35 4 658 6585
35 5 596 5960
35 6 538 5383
35 7 495 4953
35 8 532 5323
35 9 1003 10028
35 10 264 2641
35 11 318 3180
35 12 813 8126
35 13 641 6411
35 14 267 2673
35 15 797 7972
35 16 848 8485
35 17 829 8295
35 18 101 1010
35 19 715 7146
35 20 557 5572
35 21 415 4146
35 22 245 2447
35 23 595 5946
35 24 239 2392
35 25 350 3500
35 26 1045 10451
35 27 730 7301
35 28 420 4199
35 29 758 7578
35 30 846 8459
35 31 522 5216
35 32 1047 10465
35 33 955 9549
35 34 286 2855
35 36 737 7371
35 37 416 4158
35 38 417 4169
35 39 350 3504
35 40 89 888
36 1 667 6666
36 2 119 1188
36 3 493 4932
36 4 891 8907
36 5 429 4286
36 6 263 2632
36 7 333 3334
36 8 323 3227
36 9 657 6572
36 10 745 7447
36 11 739 7387
36 12 84 843
36 13 592 5919
36 14 471 4711
36 15 91 907
36 16 128 1284
36 17 103 1035
36 18 665 6649
36 19 128 1283
36 20 305 3053
36 21 788 7878
36 22 870 8698
36 23 550 5502
36 24 609 6090
36 25 398 3977
36 26 651 6508
36 27 553 5534
36 28 361 3605
36 29 496 4957
36 30 118 1182
36 31 217 2170
36 32 693 6926
36 33 698 6980
36 34 470 4699
36 35 737 7371
36 37 347 3472
36 38 325 3253
36 39 436 4358
36 40 819 8187
37 1 532 5317
37 2 298 2975
37 3 674 6739
37 4 795 7954
37 5 452 4519
37 6 124 1237
37 7 103 1030
37 8 139 1394
37 9 834 8337
37 10 512 5116
37 11 530 5299
37 12 430 4301
37 13 591 5912
37 14 157 1574
37 15 391 3911
37 16 472 4720
37 17 449 4489
37 18 368 3676
37 19 301 3009
37 20 159 1586
37 21 611 6110
37 22 600 6002
37 23 535 5353
37 24 262 2619
37 25 172 1716
37 26 853 8528
37 27 619 6195
37 28 226 2258
37 29 602 6018
37 30 443 4431
37 31 140 1398
37 32 877 8766
37 33 831 8307
37 34 221 2206
37 35 416 4158
37 36 347 3472
37 38 142 1417
37 39 89 894
37 40 489 4886
38 1 411 4106
38 2 233 2331
38 3 548 5480
38 4 669 6695
38 5 311 3114
38 6 216 2157
38 7 232 2324
38 8 262 2621
38 9 703 7030
38 10 434 4336
38 11 439 4387
38 12 397 3971
38 13 450 4498
38 14 162 1617
38 15 396 3961
38 16 432 4318
38 17 413 4134
38 18 340 3399
38 19 334 3340
38 20 273 2732
38 21 507 5070
38 22 548 5485
38 23 394 3941
38 24 343 3428
38 25 73 730
38 26 727 7269
38 27 479 4790
38 28 86 857
38 29 465 4654
38 30 440 4397
38 31 125 1247
38 32 747 7465
38 33 694 6936
38 34 145 1454
38 35 417 4169
38 36 325 3253
38 37 142 1417
38 39 201 2013
38 40 502 5019
39 1 543 5425
39 2 386 3858
39 3 748 7479
39 4 807 8073
39 5 509 5089
39 6 195 1954
39 7 145 1451
39 8 182 1819
39 9 904 9042
39 10 488 4877
39 11 515 5149
39 12 519 5191
39 13 635 6349
39 14 128 1276
39 15 476 4757
39 16 561 5613
39 17 538 5379
39 18 320 3200
39 19 381 3810
39 20 207 2068
39 21 604 6038
39 22 557 5568
39 23 579 5787
39 24 173 1733
39 25 200 1998
39 26 927 9270
39 27 676 6760
39 28 275 2746
39 29 666 6662
39 30 529 5286
39 31 229 2287
39 32 948 9476
39 33 894 8938
39 34 222 2215
39 35 350 3504
39 36 436 4358
39 37 89 894
39 38 201 2013
39 40 416 4157
40 1 511 5115
40 2 735 7350
40 3 967 9666
40 4 714 7137
40 5 683 6834
40 6 609 6087
40 7 560 5602
40 8 596 5959
40 9 1088 10883
40 10 321 3214
40 11 378 3779
40 12 896 8957
40 13 722 7221
40 14 348 3475
40 15 876 8755
40 16 932 9324
40 17 913 9129
40 18 188 1877
40 19 789 7894
40 20 621 6214
40 21 469 4694
40 22 259 2594
40 23 677 6774
40 24 277 2772
40 25 437 4366
40 26 1132 11316
40 27 814 8142
40 28 508 5081
40 29 844 8442
40 30 925 9253
40 31 602 6021
40 32 1132 11319
40 33 1038 10378
40 34 374 3736
40 35 89 888
40 36 819 8187
40 37 489 4886
40 38 502 5019
40 39 416 4157
