40
180
397
20
27
33
25
15
35
28
9
24
19
26
6
21
39
34
23
36
4
40
22
16
33
18
28
14
9
24
3
1
7
21
30
31
8
25
38
4
29
22
12
34
23
19
15
5
6
27
26
39
40
20
11
10
32
35
1 2 656 6558
1 3 451 4509
1 4 296 2958
1 5 653 6529
1 6 287 2874
1 7 516 5159
1 8 52 524
1 9 607 6068
1 10 100 1001
1 11 119 1189
1 12 642 6421
1 13 325 3249
1 14 75 746
1 15 516 5156
1 16 88 884
1 17 413 4135
1 18 298 2980
1 19 732 7325
1 20 263 2629
1 21 408 4078
1 22 688 6885
1 23 133 1333
1 24 305 3053
1 25 619 6187
1 26 778 7781
1 27 343 3429
1 28 610 6104
1 29 429 4292
1 30 272 2718
1 31 607 6074
1 32 487 4867
1 33 346 3463
1 34 474 4739
1 35 498 4978
1 36 611 6115
1 37 370 3700
1 38 191 1905
1 39 464 4635
1 40 512 5119
2 1 656 6558
2 3 930 9295
2 4 654 6541
2 5 278 2782
2 6 943 9431
2 7 336 3362
2 8 699 6987
2 9 501 5006
2 10 673 6734
2 11 679 6791
2 12 14 143
2 13 332 3321
2 14 717 7167
2 15 966 9662
2 16 738 7378
2 17 1008 10079
2 18 842 8421
2 19 336 3360
2 20 502 5022
2 21 317 3169
2 22 255 2554
2 23 527 5272
2 24 791 7910
2 25 657 6568
2 26 630 6300
2 27 958 9585
2 28 1037 10366
2 29 947 9475
2 30 925 9251
2 31 1078 10777
2 32 901 9013
2 33 788 7882
2 34 470 4704
2 35 842 8421
2 36 319 3189
2 37 842 8418
2 38 811 8112
2 39 536 5361
2 40 147 1468
3 1 451 4509
3 2 930 9295
3 4 744 7442
3 5 783 7831
3 6 438 4379
3 7 918 9182
3 8 466 4658
3 9 594 5940
3 10 356 3565
3 11 339 3387
3 12 919 9190
3 13 663 6628
3 14 475 4747
3 15 68 677
3 16 392 3918
3 17 205 2046
3 18 158 1579
3 19 1117 11170
3 20 701 7007
3 21 613 6130
3 22 1055 10554
3 23 541 5409
3 24 717 7170
3 25 485 4847
3 26 690 6899
3 27 246 2459
3 28 162 1620
3 29 787 7870
3 30 468 4683
3 31 161 1609
3 32 88 875
3 33 767 7669
3 34 909 9089
3 35 173 1727
3 36 1005 10054
3 37 91 915
3 38 294 2944
3 39 908 9085
3 40 816 8164
4 1 296 2958
4 2 654 6541
4 3 744 7442
4 5 767 7672
4 6 452 4523
4 7 377 3771
4 8 280 2796
4 9 807 8075
4 10 395 3953
4 11 414 4141
4 12 640 6401
4 13 371 3705
4 14 274 2744
4 15 810 8099
4 16 356 3558
4 17 675 6746
4 18 588 5882
4 19 584 5845
4 20 159 1590
4 21 538 5385
4 22 572 5721
4 23 264 2638
4 24 147 1466
4 25 863 8631
4 26 988 9878
4 27 596 5961
4 28 905 9049
4 29 296 2964
4 30 416 4157
4 31 898 8975
4 32 783 7825
4 33 134 1342
4 34 267 2671
4 35 790 7904
4 36 467 4671
4 37 665 6655
4 38 463 4628
4 39 222 2220
4 40 515 5147
5 1 653 6529
5 2 278 2782
5 3 783 7831
5 4 767 7672
5 6 924 9244
5 7 553 5533
5 8 704 7042
5 9 244 2442
5 10 628 6279
5 11 626 6258
5 12 279 2791
5 13 397 3967
5 14 726 7258
5 15 803 8034
5 16 715 7151
5 17 910 9101
5 18 739 7390
5 19 610 6098
5 20 609 6092
5 21 246 2462
5 22 528 5281
5 23 554 5541
5 24 879 8787
5 25 409 4091
5 26 352 3524
5 27 880 8802
5 28 857 8565
5 29 1034 10335
5 30 918 9179
5 31 911 9110
5 32 733 7333
5 33 892 8923
5 34 665 6653
5 35 658 6578
5 36 570 5695
5 37 707 7067
5 38 755 7548
5 39 722 7216
5 40 308 3081
6 1 287 2874
6 2 943 9431
6 3 438 4379
6 4 452 4523
6 5 924 9244
6 7 774 7744
6 8 246 2461
6 9 835 8355
6 10 297 2974
6 11 302 3021
6 12 929 9293
6 13 612 6116
6 14 231 2307
6 15 502 5024
6 16 211 2106
6 17 276 2762
6 18 304 3040
6 19 994 9937
6 20 507 5068
6 21 685 6845
6 22 959 9590
6 23 417 4174
6 24 355 3550
6 25 801 8010
6 26 989 9889
6 27 202 2022
6 28 588 5879
6 29 369 3694
6 30 40 403
6 31 549 5493
6 32 513 5134
6 33 407 4070
6 34 701 7009
6 35 570 5700
6 36 871 8713
6 37 404 4041
6 38 192 1923
6 39 669 6692
6 40 799 7987
7 1 516 5159
7 2 336 3362
7 3 918 9182
7 4 377 3771
7 5 553 5533
7 6 774 7744
7 8 539 5386
7 9 702 7024
7 10 581 5807
7 11 595 5946
7 12 325 3248
7 13 270 2701
7 14 549 5487
7 15 972 9724
7 16 604 6037
7 17 926 9261
7 18 787 7875
7 19 219 2193
7 20 268 2679
7 21 420 4196
7 22 195 1951
7 23 390 3903
7 24 524 5237
7 25 822 8222
7 26 870 8696
7 27 858 8583
7 28 1060 10599
7 29 670 6697
7 30 745 7453
7 31 1079 10788
7 32 922 9217
7 33 505 5054
7 34 138 1384
7 35 892 8918
7 36 97 969
7 37 827 8271
7 38 704 7045
7 39 206 2060
7 40 245 2452
8 1 52 524
8 2 699 6987
8 3 466 4658
8 4 280 2796
8 5 704 7042
8 6 246 2461
8 7 539 5386
8 9 658 6584
8 10 134 1345
8 11 152 1521
8 12 685 6848
8 13 367 3666
8 14 22 222
8 15 532 5322
8 16 77 767
8 17 404 4044
8 18 309 3090
8 19 757 7572
8 20 276 2764
8 21 459 4587
8 22 718 7176
8 23 172 1718
8 24 267 2665
8 25 666 6663
8 26 829 8288
8 27 329 3294
8 28 627 6272
8 29 382 3817
8 30 226 2264
8 31 618 6180
8 32 510 5096
8 33 311 3112
8 34 484 4838
8 35 529 5286
8 36 635 6352
8 37 390 3905
8 38 185 1852
8 39 466 4662
8 40 554 5535
9 1 607 6068
9 2 501 5006
9 3 594 5940
9 4 807 8075
9 5 244 2442
9 6 835 8355
9 7 702 7024
9 8 658 6584
9 10 547 5468
9 11 538 5376
9 12 498 4975
9 13 469 4694
9 14 681 6805
9 15 600 6002
9 16 643 6426
9 17 754 7542
9 18 591 5907
9 19 811 8105
9 20 664 6645
9 21 290 2903
9 22 730 7298
9 23 553 5525
9 24 887 8868
9 25 165 1651
9 26 181 1805
9 27 743 7426
9 28 639 6391
9 29 1029 10293
9 30 840 8395
9 31 701 7012
9 32 530 5296
9 33 914 9136
9 34 785 7848
9 35 445 4451
9 36 745 7450
9 37 533 5326
9 38 647 6472
9 39 828 8280
9 40 475 4753
10 1 100 1001
10 2 673 6734
10 3 356 3565
10 4 395 3953
10 5 628 6279
10 6 297 2974
10 7 581 5807
10 8 134 1345
10 9 547 5468
10 11 19 189
10 12 660 6603
10 13 355 3551
10 14 153 1527
10 15 420 4196
10 16 96 959
10 17 349 3486
10 18 210 2099
10 19 792 7916
10 20 346 3456
10 21 392 3919
10 22 740 7401
10 23 191 1914
10 24 400 4005
10 25 539 5385
10 26 710 7103
10 27 289 2886
10 28 514 5139
10 29 513 5134
10 30 295 2953
10 31 515 5154
10 32 388 3876
10 33 444 4438
10 34 556 5558
10 35 398 3979
10 36 674 6735
10 37 272 2725
10 38 138 1378
10 39 552 5523
10 40 536 5363
11 1 119 1189
11 2 679 6791
11 3 339 3387
11 4 414 4141
11 5 626 6258
11 6 302 3021
11 7 595 5946
11 8 152 1521
11 9 538 5376
11 10 19 189
11 12 666 6662
11 13 364 3643
11 14 170 1697
11 15 401 4014
11 16 108 1076
11 17 338 3376
11 18 194 1940
11 19 804 8043
11 20 363 3626
11 21 393 3925
11 22 752 7516
11 23 207 2065
11 24 418 4185
11 25 525 5247
11 26 699 6990
11 27 280 2804
11 28 496 4956
11 29 530 5295
11 30 302 3024
11 31 498 4980
11 32 369 3689
11 33 462 4621
11 34 572 5723
11 35 379 3791
11 36 687 6868
11 37 254 2541
11 38 133 1332
11 39 570 5698
11 40 544 5436
12 1 642 6421
12 2 14 143
12 3 919 9190
12 4 640 6401
12 5 279 2791
12 6 929 9293
12 7 325 3248
12 8 685 6848
12 9 498 4975
12 10 660 6603
12 11 666 6662
12 13 318 3182
12 14 703 7028
12 15 956 9562
12 16 724 7242
12 17 996 9957
12 18 830 8302
12 19 332 3323
12 20 488 4880
12 21 307 3068
12 22 251 2512
12 23 513 5132
12 24 777 7768
12 25 652 6524
12 26 630 6301
12 27 946 9458
12 28 1027 10273
12 29 933 9334
12 30 911 9112
12 31 1068 10677
12 32 892 8917
12 33 774 7742
12 34 458 4582
12 35 833 8333
12 36 310 3104
12 37 831 8309
12 38 798 7982
12 39 524 5237
12 40 133 1326
13 1 325 3249
13 2 332 3321
13 3 663 6628
13 4 371 3705
13 5 397 3967
13 6 612 6116
13 7 270 2701
13 8 367 3666
13 9 469 4694
13 10 355 3551
13 11 364 3643
13 12 318 3182
13 14 385 3846
13 15 713 7127
13 16 409 4091
13 17 702 7016
13 18 547 5466
13 19 455 4546
13 20 213 2127
13 21 181 1807
13 22 393 3933
13 23 195 1950
13 24 487 4875
13 25 567 5669
13 26 647 6475
13 27 644 6436
13 28 797 7971
13 29 644 6444
13 30 593 5930
13 31 822 8216
13 32 658 6581
13 33 497 4972
13 34 320 3199
13 35 623 6233
13 36 347 3471
13 37 571 5714
13 38 491 4914
13 39 359 3588
13 40 187 1871
14 1 75 746
14 2 717 7167
14 3 475 4747
14 4 274 2744
14 5 726 7258
14 6 231 2307
14 7 549 5487
14 8 22 222
14 9 681 6805
14 10 153 1527
14 11 170 1697
14 12 703 7028
14 13 385 3846
14 15 542 5415
14 16 83 829
14 17 404 4036
14 18 317 3171
14 19 768 7677
14 20 284 2839
14 21 480 4802
14 22 730 7299
14 23 190 1896
14 24 251 2508
14 25 687 6871
14 26 851 8506
14 27 327 3270
14 28 636 6365
14 29 361 3615
14 30 209 2088
14 31 625 6247
14 32 521 5214
14 33 297 2971
14 34 489 4887
14 35 543 5434
14 36 645 6455
14 37 402 4018
14 38 188 1884
14 39 468 4681
14 40 571 5711
15 1 516 5156
15 2 966 9662
15 3 68 677
15 4 810 8099
15 5 803 8034
15 6 502 5024
15 7 972 9724
15 8 532 5322
15 9 600 6002
15 10 420 4196
15 11 401 4014
15 12 956 9562
15 13 713 7127
15 14 542 5415
15 16 459 4587
15 17 255 2550
15 18 225 2253
15 19 1167 11673
15 20 762 7617
15 21 649 6494
15 22 1103 11035
15 23 601 6006
15 24 785 7847
15 25 476 4763
15 26 679 6795
15 27 306 3063
15 28 95 951
15 29 854 8542
15 30 534 5337
15 31 112 1115
15 32 71 708
15 33 834 8344
15 34 968 9685
15 35 158 1580
15 36 1058 10578
15 37 148 1482
15 38 362 3621
15 39 970 9702
15 40 859 8590
16 1 88 884
16 2 738 7378
16 3 392 3918
16 4 356 3558
16 5 715 7151
16 6 211 2106
16 7 604 6037
16 8 77 767
16 9 643 6426
16 10 96 959
16 11 108 1076
16 12 724 7242
16 13 409 4091
16 14 83 829
16 15 459 4587
16 17 330 3298
16 18 234 2342
16 19 821 8207
16 20 347 3469
16 21 474 4741
16 22 777 7768
16 23 221 2209
16 24 330 3302
16 25 632 6321
16 26 806 8060
16 27 257 2567
16 28 554 5536
16 29 428 4277
16 30 203 2031
16 31 542 5422
16 32 440 4398
16 33 378 3780
16 34 557 5566
16 35 466 4657
16 36 700 6995
16 37 320 3199
16 38 109 1088
16 39 541 5415
16 40 596 5955
17 1 413 4135
17 2 1008 10079
17 3 205 2046
17 4 675 6746
17 5 910 9101
17 6 276 2762
17 7 926 9261
17 8 404 4044
17 9 754 7542
17 10 349 3486
17 11 338 3376
17 12 996 9957
17 13 702 7016
17 14 404 4036
17 15 255 2550
17 16 330 3298
17 18 171 1713
17 19 1139 11394
17 20 676 6760
17 21 704 7036
17 22 1089 10887
17 23 536 5360
17 24 610 6100
17 25 668 6685
17 26 872 8724
17 27 80 799
17 28 326 3264
17 29 645 6450
17 30 314 3140
17 31 277 2774
17 32 292 2919
17 33 662 6624
17 34 886 8863
17 35 373 3725
17 36 1020 10203
17 37 226 2259
17 38 223 2230
17 39 871 8706
17 40 878 8776
18 1 298 2980
18 2 842 8421
18 3 158 1579
18 4 588 5882
18 5 739 7390
18 6 304 3040
18 7 787 7875
18 8 309 3090
18 9 591 5907
18 10 210 2099
18 11 194 1940
18 12 830 8302
18 13 547 5466
18 14 317 3171
18 15 225 2253
18 16 234 2342
18 17 171 1713
18 19 995 9945
18 20 555 5550
18 21 534 5341
18 22 939 9387
18 23 401 4005
18 24 560 5595
18 25 521 5212
18 26 721 7207
18 27 153 1531
18 28 320 3199
18 29 635 6351
18 30 328 3282
18 31 310 3097
18 32 216 2163
18 33 609 6092
18 34 766 7655
18 35 266 2661
18 36 879 8785
18 37 101 1006
18 38 138 1380
18 39 760 7602
18 40 716 7160
19 1 732 7325
19 2 336 3360
19 3 1117 11170
19 4 584 5845
19 5 610 6098
19 6 994 9937
19 7 219 2193
19 8 757 7572
19 9 811 8105
19 10 792 7916
19 11 804 8043
19 12 332 3323
19 13 455 4546
19 14 768 7677
19 15 1167 11673
19 16 821 8207
19 17 1139 11394
19 18 995 9945
19 20 487 4871
19 21 560 5596
19 22 82 818
19 23 604 6039
19 24 730 7301
19 25 953 9527
19 26 957 9570
19 27 1074 10736
19 28 1251 12509
19 29 868 8677
19 30 964 9644
19 31 1276 12762
19 32 1112 11118
19 33 705 7053
19 34 321 3206
19 35 1072 10721
19 36 122 1224
19 37 1026 10255
19 38 919 9194
19 39 380 3803
19 40 340 3402
20 1 263 2629
20 2 502 5022
20 3 701 7007
20 4 159 1590
20 5 609 6092
20 6 507 5068
20 7 268 2679
20 8 276 2764
20 9 664 6645
20 10 346 3456
20 11 363 3626
20 12 488 4880
20 13 213 2127
20 14 284 2839
20 15 762 7617
20 16 347 3469
20 17 676 6760
20 18 555 5550
20 19 487 4871
20 21 386 3860
20 22 457 4568
20 23 163 1631
20 24 289 2888
20 25 737 7367
20 26 845 8449
20 27 604 6036
20 28 855 8546
20 29 446 4457
20 30 477 4774
20 31 861 8605
20 32 722 7222
20 33 290 2899
20 34 211 2112
20 35 713 7129
20 36 365 3647
20 37 614 6136
20 38 453 4531
20 39 209 2092
20 40 359 3594
21 1 408 4078
21 2 317 3169
21 3 613 6130
21 4 538 5385
21 5 246 2462
21 6 685 6845
21 7 420 4196
21 8 459 4587
21 9 290 2903
21 10 392 3919
21 11 393 3925
21 12 307 3068
21 13 181 1807
21 14 480 4802
21 15 649 6494
21 16 474 4741
21 17 704 7036
21 18 534 5341
21 19 560 5596
21 20 386 3860
21 22 484 4842
21 23 309 3092
21 24 639 6392
21 25 403 4029
21 26 467 4671
21 27 662 6623
21 28 721 7213
21 29 792 7919
21 30 676 6756
21 31 761 7609
21 32 585 5851
21 33 657 6571
21 34 495 4947
21 35 529 5294
21 36 475 4748
21 37 526 5261
21 38 525 5251
21 39 538 5380
21 40 223 2226
22 1 688 6885
22 2 255 2554
22 3 1055 10554
22 4 572 5721
22 5 528 5281
22 6 959 9590
22 7 195 1951
22 8 718 7176
22 9 730 7298
22 10 740 7401
22 11 752 7516
22 12 251 2512
22 13 393 3933
22 14 730 7299
22 15 1103 11035
22 16 777 7768
22 17 1089 10887
22 18 939 9387
22 19 82 818
22 20 457 4568
22 21 484 4842
22 23 557 5569
22 24 719 7187
22 25 874 8736
22 26 875 8753
22 27 1026 10258
22 28 1185 11851
22 29 863 8635
22 30 932 9320
22 31 1213 12133
22 32 1046 10461
22 33 699 6993
22 34 321 3206
22 35 1003 10029
22 36 112 1117
22 37 964 9641
22 38 872 8715
22 39 386 3861
22 40 263 2627
23 1 133 1333
23 2 527 5272
23 3 541 5409
23 4 264 2638
23 5 554 5541
23 6 417 4174
23 7 390 3903
23 8 172 1718
23 9 553 5525
23 10 191 1914
23 11 207 2065
23 12 513 5132
23 13 195 1950
23 14 190 1896
23 15 601 6006
23 16 221 2209
23 17 536 5360
23 18 401 4005
23 19 604 6039
23 20 163 1631
23 21 309 3092
23 22 557 5569
23 24 336 3358
23 25 599 5994
23 26 731 7314
23 27 470 4699
23 28 693 6928
23 29 485 4845
23 30 398 3980
23 31 701 7015
23 32 559 5594
23 33 361 3611
23 34 368 3680
23 35 550 5503
23 36 484 4842
23 37 452 4525
23 38 316 3155
23 39 372 3722
23 40 382 3818
24 1 305 3053
24 2 791 7910
24 3 717 7170
24 4 147 1466
24 5 879 8787
24 6 355 3550
24 7 524 5237
24 8 267 2665
24 9 887 8868
24 10 400 4005
24 11 418 4185
24 12 777 7768
24 13 487 4875
24 14 251 2508
24 15 785 7847
24 16 330 3302
24 17 610 6100
24 18 560 5595
24 19 730 7301
24 20 289 2888
24 21 639 6392
24 22 719 7187
24 23 336 3358
24 25 919 9186
24 26 1064 10644
24 27 530 5301
24 28 879 8788
24 29 157 1574
24 30 315 3151
24 31 859 8592
24 32 770 7697
24 33 53 525
24 34 411 4108
24 35 794 7942
24 36 613 6135
24 37 650 6497
24 38 423 4230
24 39 360 3595
24 40 648 6480
25 1 619 6187
25 2 657 6568
25 3 485 4847
25 4 863 8631
25 5 409 4091
25 6 801 8010
25 7 822 8222
25 8 666 6663
25 9 165 1651
25 10 539 5385
25 11 525 5247
25 12 652 6524
25 13 567 5669
25 14 687 6871
25 15 476 4763
25 16 632 6321
25 17 668 6685
25 18 521 5212
25 19 953 9527
25 20 737 7367
25 21 403 4029
25 22 874 8736
25 23 599 5994
25 24 919 9186
25 26 205 2052
25 27 673 6733
25 28 499 4990
25 29 1048 10477
25 30 813 8128
25 31 567 5673
25 32 408 4082
25 33 953 9528
25 34 887 8866
25 35 319 3185
25 36 876 8762
25 37 443 4428
25 38 609 6087
25 39 921 9212
25 40 613 6128
26 1 778 7781
26 2 630 6300
26 3 690 6899
26 4 988 9878
26 5 352 3524
26 6 989 9889
26 7 870 8696
26 8 829 8288
26 9 181 1805
26 10 710 7103
26 11 699 6990
26 12 630 6301
26 13 647 6475
26 14 851 8506
26 15 679 6795
26 16 806 8060
26 17 872 8724
26 18 721 7207
26 19 957 9570
26 20 845 8449
26 21 467 4671
26 22 875 8753
26 23 731 7314
26 24 1064 10644
26 25 205 2052
26 27 874 8736
26 28 695 6950
26 29 1204 12042
26 30 997 9969
26 31 766 7661
26 32 612 6124
26 33 1092 10925
26 34 959 9595
26 35 522 5224
26 36 904 9036
26 37 646 6465
26 38 797 7972
26 39 1005 10050
26 40 633 6331
27 1 343 3429
27 2 958 9585
27 3 246 2459
27 4 596 5961
27 5 880 8802
27 6 202 2022
27 7 858 8583
27 8 329 3294
27 9 743 7426
27 10 289 2886
27 11 280 2804
27 12 946 9458
27 13 644 6436
27 14 327 3270
27 15 306 3063
27 16 257 2567
27 17 80 799
27 18 153 1531
27 19 1074 10736
27 20 604 6036
27 21 662 6623
27 22 1026 10258
27 23 470 4699
27 24 530 5301
27 25 673 6733
27 26 874 8736
27 28 388 3877
27 29 568 5685
27 30 238 2381
27 31 347 3471
27 32 329 3287
27 33 583 5825
27 34 813 8128
27 35 399 3989
27 36 953 9534
27 37 237 2371
27 38 154 1544
27 39 795 7950
27 40 824 8240
28 1 610 6104
28 2 1037 10366
28 3 162 1620
28 4 905 9049
28 5 857 8565
28 6 588 5879
28 7 1060 10599
28 8 627 6272
28 9 639 6391
28 10 514 5139
28 11 496 4956
28 12 1027 10273
28 13 797 7971
28 14 636 6365
28 15 95 951
28 16 554 5536
28 17 326 3264
28 18 320 3199
28 19 1251 12509
28 20 855 8546
28 21 721 7213
28 22 1185 11851
28 23 693 6928
28 24 879 8788
28 25 499 4990
28 26 695 6950
28 27 388 3877
28 29 945 9449
28 30 621 6210
28 31 77 766
28 32 139 1391
28 33 929 9288
28 34 1060 10602
28 35 199 1989
28 36 1143 11435
28 37 242 2416
28 38 456 4559
28 39 1063 10634
28 40 936 9360
29 1 429 4292
29 2 947 9475
29 3 787 7870
29 4 296 2964
29 5 1034 10335
29 6 369 3694
29 7 670 6697
29 8 382 3817
29 9 1029 10293
29 10 513 5134
29 11 530 5295
29 12 933 9334
29 13 644 6444
29 14 361 3615
29 15 854 8542
29 16 428 4277
29 17 645 6450
29 18 635 6351
29 19 868 8677
29 20 446 4457
29 21 792 7919
29 22 863 8635
29 23 485 4845
29 24 157 1574
29 25 1048 10477
29 26 1204 12042
29 27 568 5685
29 28 945 9449
29 30 331 3310
29 31 914 9136
29 32 851 8512
29 33 164 1643
29 34 547 5474
29 35 889 8890
29 36 755 7553
29 37 733 7326
29 38 498 4980
29 39 489 4887
29 40 805 8051
30 1 272 2718
30 2 925 9251
30 3 468 4683
30 4 416 4157
30 5 918 9179
30 6 40 403
30 7 745 7453
30 8 226 2264
30 9 840 8395
30 10 295 2953
30 11 302 3024
30 12 911 9112
30 13 593 5930
30 14 209 2088
30 15 534 5337
30 16 203 2031
30 17 314 3140
30 18 328 3282
30 19 964 9644
30 20 477 4774
30 21 676 6756
30 22 932 9320
30 23 398 3980
30 24 315 3151
30 25 813 8128
30 26 997 9969
30 27 238 2381
30 28 621 6210
30 29 331 3310
30 31 585 5848
30 32 541 5412
30 33 367 3669
30 34 668 6677
30 35 594 5937
30 36 842 8421
30 37 429 4288
30 38 206 2063
30 39 634 6341
30 40 780 7797
31 1 607 6074
31 2 1078 10777
31 3 161 1609
31 4 898 8975
31 5 911 9110
31 6 549 5493
31 7 1079 10788
31 8 618 6180
31 9 701 7012
31 10 515 5154
31 11 498 4980
31 12 1068 10677
31 13 822 8216
31 14 625 6247
31 15 112 1115
31 16 542 5422
31 17 277 2774
31 18 310 3097
31 19 1276 12762
31 20 861 8605
31 21 761 7609
31 22 1213 12133
31 23 701 7015
31 24 859 8592
31 25 567 5673
31 26 766 7661
31 27 347 3471
31 28 77 766
31 29 914 9136
31 30 585 5848
31 32 178 1785
31 33 910 9104
31 34 1069 10693
31 35 256 2562
31 36 1165 11654
31 37 252 2516
31 38 438 4383
31 39 1068 10677
31 40 970 9702
32 1 487 4867
32 2 901 9013
32 3 88 875
32 4 783 7825
32 5 733 7333
32 6 513 5134
32 7 922 9217
32 8 510 5096
32 9 530 5296
32 10 388 3876
32 11 369 3689
32 12 892 8917
32 13 658 6581
32 14 521 5214
32 15 71 708
32 16 440 4398
32 17 292 2919
32 18 216 2163
32 19 1112 11118
32 20 722 7222
32 21 585 5851
32 22 1046 10461
32 23 559 5594
32 24 770 7697
32 25 408 4082
32 26 612 6124
32 27 329 3287
32 28 139 1391
32 29 851 8512
32 30 541 5412
32 31 178 1785
32 33 818 8179
32 34 926 9255
32 35 90 901
32 36 1005 10047
32 37 120 1201
32 38 353 3533
32 39 931 9314
32 40 798 7979
33 1 346 3463
33 2 788 7882
33 3 767 7669
33 4 134 1342
33 5 892 8923
33 6 407 4070
33 7 505 5054
33 8 311 3112
33 9 914 9136
33 10 444 4438
33 11 462 4621
33 12 774 7742
33 13 497 4972
33 14 297 2971
33 15 834 8344
33 16 378 3780
33 17 662 6624
33 18 609 6092
33 19 705 7053
33 20 290 2899
33 21 657 6571
33 22 699 6993
33 23 361 3611
33 24 53 525
33 25 953 9528
33 26 1092 10925
33 27 583 5825
33 28 929 9288
33 29 164 1643
33 30 367 3669
33 31 910 9104
33 32 818 8179
33 34 385 3847
33 35 840 8398
33 36 592 5916
33 37 698 6979
33 38 473 4733
33 39 329 3285
33 40 648 6481
34 1 474 4739
34 2 470 4704
34 3 909 9089
34 4 267 2671
34 5 665 6653
34 6 701 7009
34 7 138 1384
34 8 484 4838
34 9 785 7848
34 10 556 5558
34 11 572 5723
34 12 458 4582
34 13 320 3199
34 14 489 4887
34 15 968 9685
34 16 557 5566
34 17 886 8863
34 18 766 7655
34 19 321 3206
34 20 211 2112
34 21 495 4947
34 22 321 3206
34 23 368 3680
34 24 411 4108
34 25 887 8866
34 26 959 9595
34 27 813 8128
34 28 1060 10602
34 29 547 5474
34 30 668 6677
34 31 1069 10693
34 32 926 9255
34 33 385 3847
34 35 909 9088
34 36 210 2098
34 37 820 8205
34 38 664 6637
34 39 68 677
34 40 362 3624
35 1 498 4978
35 2 842 8421
35 3 173 1727
35 4 790 7904
35 5 658 6578
35 6 570 5700
35 7 892 8918
35 8 529 5286
35 9 445 4451
35 10 398 3979
35 11 379 3791
35 12 833 8333
35 13 623 6233
35 14 543 5434
35 15 158 1580
35 16 466 4657
35 17 373 3725
35 18 266 2661
35 19 1072 10721
35 20 713 7129
35 21 529 5294
35 22 1003 10029
35 23 550 5503
35 24 794 7942
35 25 319 3185
35 26 522 5224
35 27 399 3989
35 28 199 1989
35 29 889 8890
35 30 594 5937
35 31 256 2562
35 32 90 901
35 33 840 8398
35 34 909 9088
35 36 970 9700
35 37 166 1662
35 38 394 3943
35 39 921 9211
35 40 748 7482
36 1 611 6115
36 2 319 3189
36 3 1005 10054
36 4 467 4671
36 5 570 5695
36 6 871 8713
36 7 97 969
36 8 635 6352
36 9 745 7450
36 10 674 6735
36 11 687 6868
36 12 310 3104
36 13 347 3471
36 14 645 6455
36 15 1058 10578
36 16 700 6995
36 17 1020 10203
36 18 879 8785
36 19 122 1224
36 20 365 3647
36 21 475 4748
36 22 112 1117
36 23 484 4842
36 24 613 6135
36 25 876 8762
36 26 904 9036
36 27 953 9534
36 28 1143 11435
36 29 755 7553
36 30 842 8421
36 31 1165 11654
36 32 1005 10047
36 33 592 5916
36 34 210 2098
36 35 970 9700
36 37 914 9140
36 38 799 7993
36 39 275 2747
36 40 271 2707
37 1 370 3700
37 2 842 8418
37 3 91 915
37 4 665 6655
37 5 707 7067
37 6 404 4041
37 7 827 8271
37 8 390 3905
37 9 533 5326
37 10 272 2725
37 11 254 2541
37 12 831 8309
37 13 571 5714
37 14 402 4018
37 15 148 1482
37 16 320 3199
37 17 226 2259
37 18 101 1006
37 19 1026 10255
37 20 614 6136
37 21 526 5261
37 22 964 9641
37 23 452 4525
37 24 650 6497
37 25 443 4428
37 26 646 6465
37 27 237 2371
37 28 242 2416
37 29 733 7326
37 30 429 4288
37 31 252 2516
37 32 120 1201
37 33 698 6979
37 34 820 8205
37 35 166 1662
37 36 914 9140
37 38 235 2347
37 39 822 8221
37 40 726 7263
38 1 191 1905
38 2 811 8112
38 3 294 2944
38 4 463 4628
38 5 755 7548
38 6 192 1923
38 7 704 7045
38 8 185 1852
38 9 647 6472
38 10 138 1378
38 11 133 1332
38 12 798 7982
38 13 491 4914
38 14 188 1884
38 15 362 3621
38 16 109 1088
38 17 223 2230
38 18 138 1380
38 19 919 9194
38 20 453 4531
38 21 525 5251
38 22 872 8715
38 23 316 3155
38 24 423 4230
38 25 609 6087
38 26 797 7972
38 27 154 1544
38 28 456 4559
38 29 498 4980
38 30 206 2063
38 31 438 4383
38 32 353 3533
38 33 473 4733
38 34 664 6637
38 35 394 3943
38 36 799 7993
38 37 235 2347
38 39 650 6500
38 40 674 6738
39 1 464 4635
39 2 536 5361
39 3 908 9085
39 4 222 2220
39 5 722 7216
39 6 669 6692
39 7 206 2060
39 8 466 4662
39 9 828 8280
39 10 552 5523
39 11 570 5698
39 12 524 5237
39 13 359 3588
39 14 468 4681
39 15 970 9702
39 16 541 5415
39 17 871 8706
39 18 760 7602
39 19 380 3803
39 20 209 2092
39 21 538 5380
39 22 386 3861
39 23 372 3722
39 24 360 3595
39 25 921 9212
39 26 1005 10050
39 27 795 7950
39 28 1063 10634
39 29 489 4887
39 30 634 6341
39 31 1068 10677
39 32 931 9314
39 33 329 3285
39 34 68 677
39 35 921 9211
39 36 275 2747
39 37 822 8221
39 38 650 6500
39 40 423 4230
40 1 512 5119
40 2 147 1468
40 3 816 8164
40 4 515 5147
40 5 308 3081
40 6 799 7987
40 7 245 2452
40 8 554 5535
40 9 475 4753
40 10 536 5363
40 11 544 5436
40 12 133 1326
40 13 187 1871
40 14 571 5711
40 15 859 8590
40 16 596 5955
40 17 878 8776
40 18 716 7160
40 19 340 3402
40 20 359 3594
40 21 223 2226
40 22 263 2627
40 23 382 3818
40 24 648 6480
40 25 613 6128
40 26 633 6331
40 27 824 8240
40 28 936 9360
40 29 805 8051
40 30 780 7797
40 31 970 9702
40 32 798 7979
40 33 648 6481
40 34 362 3624
40 35 748 7482
40 36 271 2707
40 37 726 7263
40 38 674 6738
40 39 423 4230
