30
353
916
16
24
12
1
25
10
16
15
19
28
30
3
17
7
14
6
5
6
4
6
16
22
9
8
1 2 397 3971
1 3 608 6084
1 4 56 559
1 5 621 6210
1 6 303 3035
1 7 347 3472
1 8 425 4251
1 9 321 3205
1 10 383 3831
1 11 107 1068
1 12 581 5807
1 13 415 4155
1 14 612 6124
1 15 612 6120
1 16 538 5385
1 17 821 8207
1 18 475 4745
1 19 410 4097
1 20 763 7625
1 21 229 2294
1 22 535 5351
1 23 552 5519
1 24 266 2663
1 25 415 4153
1 26 630 6302
1 27 566 5657
1 28 782 7817
1 29 609 6088
1 30 261 2614
2 1 397 3971
2 3 718 7183
2 4 424 4242
2 5 568 5676
2 6 494 4941
2 7 653 6532
2 8 646 6462
2 9 188 1880
2 10 139 1392
2 11 294 2937
2 12 266 2664
2 13 734 7338
2 14 654 6535
2 15 819 8193
2 16 357 3565
2 17 511 5106
2 18 671 6712
2 19 234 2335
2 20 542 5417
2 21 563 5626
2 22 623 6226
2 23 638 6380
2 24 185 1853
2 25 601 6009
2 26 240 2405
2 27 228 2283
2 28 435 4347
2 29 266 2656
2 30 658 6575
3 1 608 6084
3 2 718 7183
3 4 660 6598
3 5 269 2689
3 6 305 3049
3 7 375 3746
3 8 226 2261
3 9 804 8041
3 10 818 8180
3 11 592 5922
3 12 985 9847
3 13 971 9709
3 14 119 1186
3 15 191 1912
3 16 463 4631
3 17 735 7346
3 18 173 1732
3 19 896 8964
3 20 554 5540
3 21 808 8083
3 22 96 960
3 23 82 817
3 24 553 5529
3 25 202 2019
3 26 811 8114
3 27 674 6736
3 28 787 7872
3 29 981 9808
3 30 642 6416
4 1 56 559
4 2 424 4242
4 3 660 6598
4 5 677 6769
4 6 355 3552
4 7 380 3797
4 8 470 4698
4 9 323 3231
4 10 392 3920
4 11 148 1478
4 12 586 5856
4 13 361 3614
4 14 667 6670
4 15 655 6545
4 16 590 5903
4 17 867 8668
4 18 521 5209
4 19 406 4056
4 20 815 8147
4 21 175 1746
4 22 589 5885
4 23 605 6053
4 24 311 3105
4 25 464 4642
4 26 662 6618
4 27 606 6060
4 28 823 8232
4 29 618 6178
4 30 249 2486
5 1 621 6210
5 2 568 5676
5 3 269 2689
5 4 677 6769
5 6 370 3700
5 7 534 5343
5 8 404 4039
5 9 705 7048
5 10 694 6937
5 11 560 5601
5 12 824 8243
5 13 1031 10306
5 14 152 1515
5 15 455 4545
5 16 235 2348
5 17 468 4676
5 18 374 3742
5 19 784 7843
5 20 285 2854
5 21 848 8483
5 22 209 2089
5 23 209 2089
5 24 451 4511
5 25 347 3474
5 26 593 5932
5 27 454 4539
5 28 529 5291
5 29 808 8079
5 30 753 7531
6 1 303 3035
6 2 494 4941
6 3 305 3049
6 4 355 3552
6 5 370 3700
6 7 194 1944
6 8 153 1532
6 9 531 5307
6 10 561 5612
6 11 297 2970
6 12 749 7486
6 13 681 6812
6 14 320 3202
6 15 337 3366
6 16 400 4000
6 17 717 7174
6 18 188 1877
6 19 627 6266
6 20 594 5935
6 21 510 5096
6 22 236 2358
6 23 252 2520
6 24 309 3093
6 25 119 1193
6 26 660 6598
6 27 543 5426
6 28 723 7234
6 29 757 7572
6 30 383 3833
7 1 347 3472
7 2 653 6532
7 3 375 3746
7 4 380 3797
7 5 534 5343
7 6 194 1944
7 8 149 1489
7 9 646 6456
7 10 693 6927
7 11 397 3970
7 12 889 8894
7 13 619 6195
7 14 442 4422
7 15 294 2941
7 16 594 5940
7 17 911 9114
7 18 202 2018
7 19 741 7407
7 20 781 7808
7 21 482 4819
7 22 351 3508
7 23 362 3617
7 24 470 4704
7 25 191 1912
7 26 842 8416
7 27 731 7313
7 28 917 9171
7 29 906 9062
7 30 274 2741
8 1 425 4251
8 2 646 6462
8 3 226 2261
8 4 470 4698
8 5 404 4039
8 6 153 1532
8 7 149 1489
8 9 681 6809
8 10 714 7139
8 11 441 4405
8 12 902 9019
8 13 753 7533
8 14 297 2971
8 15 189 1889
8 16 507 5065
8 17 818 8183
8 18 56 555
8 19 777 7772
8 20 669 6689
8 21 601 6006
8 22 207 2070
8 23 216 2161
8 24 462 4620
8 25 61 609
8 26 801 8008
8 27 677 6766
8 28 841 8405
8 29 910 9100
8 30 417 4168
9 1 321 3205
9 2 188 1880
9 3 804 8041
9 4 323 3231
9 5 705 7048
9 6 531 5307
9 7 646 6456
9 8 681 6809
9 10 77 771
9 11 249 2487
9 12 262 2625
9 13 572 5722
9 14 762 7625
9 15 867 8672
9 16 520 5202
9 17 698 6985
9 18 718 7183
9 19 96 963
9 20 722 7216
9 21 419 4188
9 22 712 7124
9 23 729 7293
9 24 258 2579
9 25 649 6489
9 26 409 4091
9 27 416 4162
9 28 619 6194
9 29 297 2966
9 30 572 5717
10 1 383 3831
10 2 139 1392
10 3 818 8180
10 4 392 3920
10 5 694 6937
10 6 561 5612
10 7 693 6927
10 8 714 7139
10 9 77 771
10 11 299 2989
10 12 199 1989
10 13 649 6490
10 14 766 7658
10 15 897 8966
10 16 492 4924
10 17 641 6410
10 18 747 7471
10 19 95 945
10 20 681 6809
10 21 495 4954
10 22 724 7239
10 23 740 7403
10 24 265 2651
10 25 677 6767
10 26 338 3385
10 27 361 3614
10 28 556 5555
10 29 226 2261
10 30 640 6397
11 1 107 1068
11 2 294 2937
11 3 592 5922
11 4 148 1478
11 5 560 5601
11 6 297 2970
11 7 397 3970
11 8 441 4405
11 9 249 2487
11 10 299 2989
11 12 498 4977
11 13 503 5034
11 14 576 5758
11 15 629 6291
11 16 448 4483
11 17 719 7191
11 18 483 4828
11 19 344 3441
11 20 673 6725
11 21 317 3169
11 22 509 5087
11 23 526 5259
11 24 163 1628
11 25 416 4161
11 26 524 5241
11 27 460 4597
11 28 676 6764
11 29 520 5203
11 30 364 3642
12 1 581 5807
12 2 266 2664
12 3 985 9847
12 4 586 5856
12 5 824 8243
12 6 749 7486
12 7 889 8894
12 8 902 9019
12 9 262 2625
12 10 199 1989
12 11 498 4977
12 13 801 8014
12 14 919 9185
12 15 1080 10802
12 16 599 5994
12 17 652 6522
12 18 931 9311
12 19 193 1926
12 20 745 7455
12 21 669 6688
12 22 889 8890
12 23 904 9044
12 24 442 4417
12 25 860 8604
12 26 317 3166
12 27 410 4099
12 28 545 5447
12 29 54 537
12 30 834 8342
13 1 415 4155
13 2 734 7338
13 3 971 9709
13 4 361 3614
13 5 1031 10306
13 6 681 6812
13 7 619 6195
13 8 753 7533
13 9 572 5722
13 10 649 6490
13 11 503 5034
13 12 801 8014
13 14 1001 10014
13 15 913 9129
13 16 951 9508
13 17 1216 12160
13 18 809 8088
13 19 611 6109
13 20 1175 11752
13 21 187 1870
13 22 915 9155
13 23 931 9310
13 24 663 6631
13 25 769 7690
13 26 973 9725
13 27 944 9436
13 28 1160 11605
13 29 848 8480
13 30 351 3507
14 1 612 6124
14 2 654 6535
14 3 119 1186
14 4 667 6670
14 5 152 1515
14 6 320 3202
14 7 442 4422
14 8 297 2971
14 9 762 7625
14 10 766 7658
14 11 576 5758
14 12 919 9185
14 13 1001 10014
14 15 308 3083
14 16 363 3626
14 17 619 6189
14 18 255 2545
14 19 850 8504
14 20 436 4358
14 21 828 8283
14 22 92 916
14 23 81 809
14 24 505 5050
14 25 252 2520
14 26 719 7190
14 27 579 5795
14 28 677 6766
14 29 909 9092
14 30 692 6918
15 1 612 6120
15 2 819 8193
15 3 191 1912
15 4 655 6545
15 5 455 4545
15 6 337 3366
15 7 294 2941
15 8 189 1889
15 9 867 8672
15 10 897 8966
15 11 629 6291
15 12 1080 10802
15 13 913 9129
15 14 308 3083
15 16 623 6227
15 17 913 9134
15 18 150 1496
15 19 963 9632
15 20 740 7395
15 21 774 7739
15 22 252 2524
15 23 248 2477
15 24 638 6385
15 25 220 2201
15 26 951 9507
15 27 818 8183
15 28 956 9558
15 29 1085 10848
15 30 564 5645
16 1 538 5385
16 2 357 3565
16 3 463 4631
16 4 590 5903
16 5 235 2348
16 6 400 4000
16 7 594 5940
16 8 507 5065
16 9 520 5202
16 10 492 4924
16 11 448 4483
16 12 599 5994
16 13 951 9508
16 14 363 3626
16 15 623 6227
16 17 317 3174
16 18 501 5012
16 19 587 5865
16 20 224 2244
16 21 764 7638
16 22 375 3753
16 23 385 3848
16 24 297 2973
16 25 446 4461
16 26 359 3592
16 27 220 2195
16 28 335 3354
16 29 579 5788
16 30 740 7401
17 1 821 8207
17 2 511 5106
17 3 735 7346
17 4 867 8668
17 5 468 4676
17 6 717 7174
17 7 911 9114
17 8 818 8183
17 9 698 6985
17 10 641 6410
17 11 719 7191
17 12 652 6522
17 13 1216 12160
17 14 619 6189
17 15 913 9134
17 16 317 3174
17 18 807 8067
17 19 729 7288
17 20 197 1975
17 21 1033 10326
17 22 661 6610
17 23 666 6661
17 24 556 5563
17 25 757 7574
17 26 336 3356
17 27 283 2825
17 28 118 1180
17 29 610 6095
17 30 1045 10453
18 1 475 4745
18 2 671 6712
18 3 173 1732
18 4 521 5209
18 5 374 3742
18 6 188 1877
18 7 202 2018
18 8 56 555
18 9 718 7183
18 10 747 7471
18 11 483 4828
18 12 931 9311
18 13 809 8088
18 14 255 2545
18 15 150 1496
18 16 501 5012
18 17 807 8067
18 19 814 8142
18 20 648 6483
18 21 655 6550
18 22 169 1687
18 23 175 1746
18 24 489 4894
18 25 71 707
18 26 812 8123
18 27 684 6836
18 28 837 8366
18 29 936 9365
18 30 472 4720
19 1 410 4097
19 2 234 2335
19 3 896 8964
19 4 406 4056
19 5 784 7843
19 6 627 6266
19 7 741 7407
19 8 777 7772
19 9 96 963
19 10 95 945
19 11 344 3441
19 12 193 1926
19 13 611 6109
19 14 850 8504
19 15 963 9632
19 16 587 5865
19 17 729 7288
19 18 814 8142
19 20 775 7749
19 21 477 4766
19 22 804 8039
19 23 821 8205
19 24 346 3458
19 25 745 7445
19 26 414 4143
19 27 452 4520
19 28 638 6383
19 29 237 2372
19 30 653 6529
20 1 763 7625
20 2 542 5417
20 3 554 5540
20 4 815 8147
20 5 285 2854
20 6 594 5935
20 7 781 7808
20 8 669 6689
20 9 722 7216
20 10 681 6809
20 11 673 6725
20 12 745 7455
20 13 1175 11752
20 14 436 4358
20 15 740 7395
20 16 224 2244
20 17 197 1975
20 18 648 6483
20 19 775 7749
20 21 988 9882
20 22 490 4904
20 23 493 4925
20 24 519 5188
20 25 609 6087
20 26 447 4468
20 27 336 3360
20 28 291 2909
20 29 712 7124
20 30 955 9550
21 1 229 2294
21 2 563 5626
21 3 808 8083
21 4 175 1746
21 5 848 8483
21 6 510 5096
21 7 482 4819
21 8 601 6006
21 9 419 4188
21 10 495 4954
21 11 317 3169
21 12 669 6688
21 13 187 1870
21 14 828 8283
21 15 774 7739
21 16 764 7638
21 17 1033 10326
21 18 655 6550
21 19 477 4766
21 20 988 9882
21 22 745 7454
21 23 762 7615
21 24 478 4777
21 25 607 6073
21 26 803 8030
21 27 764 7639
21 28 981 9814
21 29 710 7102
21 30 249 2490
22 1 535 5351
22 2 623 6226
22 3 96 960
22 4 589 5885
22 5 209 2089
22 6 236 2358
22 7 351 3508
22 8 207 2070
22 9 712 7124
22 10 724 7239
22 11 509 5087
22 12 889 8890
22 13 915 9155
22 14 92 916
22 15 252 2524
22 16 375 3753
22 17 661 6610
22 18 169 1687
22 19 804 8039
22 20 490 4904
22 21 745 7454
22 23 17 172
22 24 459 4592
22 25 160 1604
22 26 718 7182
22 27 581 5813
22 28 705 7052
22 29 885 8848
22 30 601 6012
23 1 552 5519
23 2 638 6380
23 3 82 817
23 4 605 6053
23 5 209 2089
23 6 252 2520
23 7 362 3617
23 8 216 2161
23 9 729 7293
23 10 740 7403
23 11 526 5259
23 12 904 9044
23 13 931 9310
23 14 81 809
23 15 248 2477
23 16 385 3848
23 17 666 6661
23 18 175 1746
23 19 821 8205
23 20 493 4925
23 21 762 7615
23 22 17 172
23 24 476 4756
23 25 172 1724
23 26 730 7303
23 27 593 5929
23 28 713 7128
23 29 900 8997
23 30 615 6149
24 1 266 2663
24 2 185 1853
24 3 553 5529
24 4 311 3105
24 5 451 4511
24 6 309 3093
24 7 470 4704
24 8 462 4620
24 9 258 2579
24 10 265 2651
24 11 163 1628
24 12 442 4417
24 13 663 6631
24 14 505 5050
24 15 638 6385
24 16 297 2973
24 17 556 5563
24 18 489 4894
24 19 346 3458
24 20 519 5188
24 21 478 4777
24 22 459 4592
24 23 476 4756
24 25 419 4188
24 26 382 3825
24 27 301 3010
24 28 516 5158
24 29 448 4481
24 30 510 5103
25 1 415 4153
25 2 601 6009
25 3 202 2019
25 4 464 4642
25 5 347 3474
25 6 119 1193
25 7 191 1912
25 8 61 609
25 9 649 6489
25 10 677 6767
25 11 416 4161
25 12 860 8604
25 13 769 7690
25 14 252 2520
25 15 220 2201
25 16 446 4461
25 17 757 7574
25 18 71 707
25 19 745 7445
25 20 609 6087
25 21 607 6073
25 22 160 1604
25 23 172 1724
25 24 419 4188
25 26 746 7463
25 27 620 6198
25 28 781 7805
25 29 866 8660
25 30 444 4441
26 1 630 6302
26 2 240 2405
26 3 811 8114
26 4 662 6618
26 5 593 5932
26 6 660 6598
26 7 842 8416
26 8 801 8008
26 9 409 4091
26 10 338 3385
26 11 524 5241
26 12 317 3166
26 13 973 9725
26 14 719 7190
26 15 951 9507
26 16 359 3592
26 17 336 3356
26 18 812 8123
26 19 414 4143
26 20 447 4468
26 21 803 8030
26 22 718 7182
26 23 730 7303
26 24 382 3825
26 25 746 7463
26 27 140 1398
26 28 230 2302
26 29 275 2746
26 30 887 8868
27 1 566 5657
27 2 228 2283
27 3 674 6736
27 4 606 6060
27 5 454 4539
27 6 543 5426
27 7 731 7313
27 8 677 6766
27 9 416 4162
27 10 361 3614
27 11 460 4597
27 12 410 4099
27 13 944 9436
27 14 579 5795
27 15 818 8183
27 16 220 2195
27 17 283 2825
27 18 684 6836
27 19 452 4520
27 20 336 3360
27 21 764 7639
27 22 581 5813
27 23 593 5929
27 24 301 3010
27 25 620 6198
27 26 140 1398
27 28 218 2177
27 29 379 3793
27 30 810 8102
28 1 782 7817
28 2 435 4347
28 3 787 7872
28 4 823 8232
28 5 529 5291
28 6 723 7234
28 7 917 9171
28 8 841 8405
28 9 619 6194
28 10 556 5555
28 11 676 6764
28 12 545 5447
28 13 1160 11605
28 14 677 6766
28 15 956 9558
28 16 335 3354
28 17 118 1180
28 18 837 8366
28 19 638 6383
28 20 291 2909
28 21 981 9814
28 22 705 7052
28 23 713 7128
28 24 516 5158
28 25 781 7805
28 26 230 2302
28 27 218 2177
28 29 500 4996
28 30 1021 10213
29 1 609 6088
29 2 266 2656
29 3 981 9808
29 4 618 6178
29 5 808 8079
29 6 757 7572
29 7 906 9062
29 8 910 9100
29 9 297 2966
29 10 226 2261
29 11 520 5203
29 12 54 537
29 13 848 8480
29 14 909 9092
29 15 1085 10848
29 16 579 5788
29 17 610 6095
29 18 936 9365
29 19 237 2372
29 20 712 7124
29 21 710 7102
29 22 885 8848
29 23 900 8997
29 24 448 4481
29 25 866 8660
29 26 275 2746
29 27 379 3793
29 28 500 4996
29 30 866 8657
30 1 261 2614
30 2 658 6575
30 3 642 6416
30 4 249 2486
30 5 753 7531
30 6 383 3833
30 7 274 2741
30 8 417 4168
30 9 572 5717
30 10 640 6397
30 11 364 3642
30 12 834 8342
30 13 351 3507
30 14 692 6918
30 15 564 5645
30 16 740 7401
30 17 1045 10453
30 18 472 4720
30 19 653 6529
30 20 955 9550
30 21 249 2490
30 22 601 6012
30 23 615 6149
30 24 510 5103
30 25 444 4441
30 26 887 8868
30 27 810 8102
30 28 1021 10213
30 29 866 8657
