40
22
174
40
21
19
33
2
35
14
39
40
17
31
6
23
29
22
25
8
1
27
37
5
9
16
30
24
12
20
13
10
4
34
11
28
18
15
32
38
36
7
3
26
25
8
34
3
22
36
5
15
4
16
31
26
20
28
30
11
10
35
17
19
29
39
27
23
25
18
1 2 593 5928
1 3 333 3333
1 4 427 4265
1 5 259 2590
1 6 513 5130
1 7 436 4362
1 8 419 4190
1 9 65 653
1 10 599 5990
1 11 563 5628
1 12 693 6928
1 13 752 7523
1 14 832 8321
1 15 199 1988
1 16 630 6305
1 17 248 2484
1 18 653 6525
1 19 448 4477
1 20 64 642
1 21 524 5244
1 22 510 5100
1 23 537 5369
1 24 636 6360
1 25 298 2978
1 26 835 8349
1 27 519 5193
1 28 193 1927
1 29 457 4571
1 30 436 4359
1 31 612 6116
1 32 666 6661
1 33 116 1164
1 34 532 5324
1 35 336 3356
1 36 460 4599
1 37 713 7134
1 38 288 2884
1 39 799 7994
1 40 210 2095
2 1 593 5928
2 3 261 2612
2 4 987 9873
2 5 437 4375
2 6 380 3805
2 7 834 8339
2 8 595 5948
2 9 658 6581
2 10 747 7466
2 11 718 7180
2 12 115 1146
2 13 639 6393
2 14 737 7368
2 15 523 5228
2 16 474 4744
2 17 454 4537
2 18 1180 11804
2 19 620 6202
2 20 530 5302
2 21 963 9628
2 22 548 5476
2 23 82 824
2 24 585 5849
2 25 606 6064
2 26 830 8301
2 27 792 7918
2 28 478 4779
2 29 684 6839
2 30 959 9593
2 31 445 4454
2 32 610 6096
2 33 479 4789
2 34 213 2126
2 35 847 8468
2 36 147 1468
2 37 121 1212
2 38 727 7272
2 39 686 6862
2 40 595 5955
3 1 333 3333
3 2 261 2612
3 4 729 7289
3 5 207 2073
3 6 310 3100
3 7 607 6075
3 8 415 4146
3 9 399 3986
3 10 598 5983
3 11 564 5636
3 12 367 3670
3 13 603 6034
3 14 700 7003
3 15 277 2774
3 16 441 4411
3 17 254 2538
3 18 930 9300
3 19 446 4458
3 20 272 2721
3 21 731 7309
3 22 420 4205
3 23 204 2043
3 24 510 5096
3 25 415 4150
3 26 756 7561
3 27 601 6007
3 28 229 2285
3 29 498 4979
3 30 707 7074
3 31 413 4131
3 32 540 5404
3 33 223 2225
3 34 235 2350
3 35 595 5951
3 36 128 1283
3 37 381 3808
3 38 485 4845
3 39 655 6548
3 40 376 3761
4 1 427 4265
4 2 987 9873
4 3 729 7289
4 5 565 5649
4 6 778 7775
4 7 320 3198
4 8 550 5502
4 9 372 3715
4 10 627 6270
4 11 605 6053
4 12 1096 10959
4 13 900 9001
4 14 944 9436
4 15 473 4729
4 16 849 8492
4 17 669 6688
4 18 238 2377
4 19 557 5572
4 20 488 4881
4 21 278 2776
4 22 675 6752
4 23 919 9185
4 24 791 7906
4 25 661 6614
4 26 884 8837
4 27 481 4813
4 28 512 5123
4 29 511 5114
4 30 103 1028
4 31 844 8439
4 32 811 8109
4 33 538 5381
4 34 870 8698
4 35 167 1667
4 36 843 8429
4 37 1103 11029
4 38 301 3008
4 39 932 9322
4 40 581 5809
5 1 259 2590
5 2 437 4375
5 3 207 2073
5 4 565 5649
5 6 255 2547
5 7 402 4023
5 8 223 2231
5 9 311 3111
5 10 415 4154
5 11 379 3788
5 12 551 5511
5 13 503 5033
5 14 590 5897
5 15 92 923
5 16 372 3722
5 17 351 3511
5 18 745 7446
5 19 256 2557
5 20 227 2275
5 21 528 5284
5 22 272 2723
5 23 362 3616
5 24 391 3906
5 25 484 4837
5 26 614 6139
5 27 397 3970
5 28 67 675
5 29 298 2984
5 30 526 5255
5 31 353 3527
5 32 422 4219
5 33 210 2104
5 34 306 3062
5 35 414 4138
5 36 291 2907
5 37 546 5459
5 38 290 2900
5 39 552 5525
5 40 412 4121
6 1 513 5130
6 2 380 3805
6 3 310 3100
6 4 778 7775
6 5 255 2547
6 7 534 5337
6 8 259 2590
6 9 566 5657
6 10 372 3724
6 11 348 3477
6 12 485 4854
6 13 294 2940
6 14 392 3919
6 15 334 3344
6 16 132 1321
6 17 549 5489
6 18 919 9185
6 19 274 2738
6 20 476 4756
6 21 663 6633
6 22 174 1737
6 23 301 3015
6 24 211 2112
6 25 702 7025
6 26 462 4616
6 27 445 4455
6 28 322 3221
6 29 342 3416
6 30 716 7165
6 31 106 1059
6 32 240 2396
6 33 447 4472
6 34 169 1693
6 35 613 6134
6 36 277 2775
6 37 445 4450
6 38 478 4783
6 39 345 3454
6 40 644 6439
7 1 436 4362
7 2 834 8339
7 3 607 6075
7 4 320 3198
7 5 402 4023
7 6 534 5337
7 8 277 2768
7 9 423 4226
7 10 308 3085
7 11 290 2899
7 12 949 9485
7 13 594 5939
7 14 628 6285
7 15 335 3347
7 16 572 5724
7 17 667 6666
7 18 391 3906
7 19 271 2708
7 20 471 4709
7 21 131 1309
7 22 393 3931
7 23 754 7544
7 24 492 4924
7 25 733 7333
7 26 564 5638
7 27 162 1615
7 28 385 3847
7 29 211 2106
7 30 225 2247
7 31 574 5743
7 32 508 5083
7 33 501 5014
7 34 667 6667
7 35 178 1785
7 36 689 6888
7 37 934 9343
7 38 148 1481
7 39 621 6213
7 40 644 6444
8 1 419 4190
8 2 595 5948
8 3 415 4146
8 4 550 5502
8 5 223 2231
8 6 259 2590
8 7 277 2768
8 9 447 4470
8 10 193 1930
8 11 156 1561
8 12 708 7081
8 13 362 3617
8 14 426 4260
8 15 225 2253
8 16 301 3012
8 17 570 5699
8 18 666 6657
8 19 33 326
8 20 414 4144
8 21 405 4050
8 22 125 1250
8 23 513 5125
8 24 246 2460
8 25 689 6895
8 26 416 4160
8 27 197 1971
8 28 256 2556
8 29 89 891
8 30 476 4755
8 31 300 2998
8 32 271 2708
8 33 415 4153
8 34 406 4056
8 35 384 3836
8 36 459 4588
8 37 682 6823
8 38 253 2534
8 39 402 4019
8 40 610 6097
9 1 65 653
9 2 658 6581
9 3 399 3986
9 4 372 3715
9 5 311 3111
9 6 566 5657
9 7 423 4226
9 8 447 4470
9 10 617 6174
9 11 582 5823
9 12 758 7578
9 13 792 7923
9 14 868 8680
9 15 239 2391
9 16 679 6786
9 17 297 2973
9 18 603 6026
9 19 473 4734
9 20 129 1287
9 21 497 4972
9 22 547 5475
9 23 602 6020
9 24 675 6750
9 25 317 3167
9 26 862 8618
9 27 524 5239
9 28 244 2436
9 29 474 4737
9 30 391 3914
9 31 661 6614
9 32 704 7043
9 33 181 1809
9 34 594 5942
9 35 299 2993
9 36 525 5250
9 37 779 7788
9 38 279 2787
9 39 838 8379
9 40 228 2284
10 1 599 5990
10 2 747 7466
10 3 598 5983
10 4 627 6270
10 5 415 4154
10 6 372 3724
10 7 308 3085
10 8 193 1930
10 9 617 6174
10 11 37 371
10 12 855 8554
10 13 302 3020
10 14 322 3219
10 15 414 4137
10 16 341 3409
10 17 763 7628
10 18 676 6758
10 19 161 1605
10 20 602 6018
10 21 402 4025
10 22 200 1996
10 23 665 6650
10 24 227 2266
10 25 879 8791
10 26 260 2601
10 27 149 1491
10 28 448 4476
10 29 144 1438
10 30 533 5332
10 31 356 3563
10 32 230 2296
10 33 607 6066
10 34 540 5402
10 35 473 4727
10 36 623 6232
10 37 817 8174
10 38 372 3716
10 39 321 3205
10 40 797 7972
11 1 563 5628
11 2 718 7180
11 3 564 5636
11 4 605 6053
11 5 379 3788
11 6 348 3477
11 7 290 2899
11 8 156 1561
11 9 582 5823
11 10 37 371
11 12 828 8279
11 13 308 3084
11 14 339 3388
11 15 377 3767
11 16 328 3281
11 17 726 7258
11 18 666 6663
11 19 124 1236
11 20 565 5649
11 21 392 3924
11 22 174 1740
11 23 636 6360
11 24 221 2209
11 25 842 8421
11 26 289 2887
11 27 137 1368
11 28 411 4105
11 29 110 1099
11 30 514 5140
11 31 341 3408
11 32 229 2290
11 33 569 5695
11 34 514 5138
11 35 448 4479
11 36 592 5920
11 37 792 7920
11 38 342 3415
11 39 332 3322
11 40 760 7604
12 1 693 6928
12 2 115 1146
12 3 367 3670
12 4 1096 10959
12 5 551 5511
12 6 485 4854
12 7 949 9485
12 8 708 7081
12 9 758 7578
12 10 855 8554
12 11 828 8279
12 13 727 7271
12 14 822 8222
12 15 635 6351
12 16 568 5676
12 17 528 5282
12 18 1293 12926
12 19 733 7329
12 20 629 6291
12 21 1077 10772
12 22 656 6559
12 23 196 1959
12 24 683 6834
12 25 670 6701
12 26 924 9235
12 27 905 9052
12 28 589 5893
12 29 797 7972
12 30 1071 10710
12 31 540 5397
12 32 706 7062
12 33 577 5770
12 34 316 3161
12 35 958 9584
12 36 261 2605
12 37 78 777
12 38 841 8405
12 39 771 7715
12 40 672 6719
13 1 752 7523
13 2 639 6393
13 3 603 6034
13 4 900 9001
13 5 503 5033
13 6 294 2940
13 7 594 5939
13 8 362 3617
13 9 792 7923
13 10 302 3020
13 11 308 3084
13 12 727 7271
13 14 99 991
13 15 554 5544
13 16 169 1687
13 17 834 8342
13 18 975 9746
13 19 347 3467
13 20 730 7298
13 21 701 7008
13 22 246 2456
13 23 570 5702
13 24 118 1177
13 25 981 9811
13 26 204 2036
13 27 445 4451
13 28 563 5634
13 29 389 3889
13 30 815 8148
13 31 199 1986
13 32 91 909
13 33 713 7126
13 34 433 4335
13 35 736 7360
13 36 564 5637
13 37 668 6680
13 38 612 6122
13 39 51 514
13 40 914 9143
14 1 832 8321
14 2 737 7368
14 3 700 7003
14 4 944 9436
14 5 590 5897
14 6 392 3919
14 7 628 6285
14 8 426 4260
14 9 868 8680
14 10 322 3219
14 11 339 3388
14 12 822 8222
14 13 99 991
14 15 633 6332
14 16 268 2678
14 17 927 9270
14 18 996 9957
14 19 405 4055
14 20 814 8139
14 21 723 7234
14 22 322 3221
14 23 669 6687
14 24 199 1992
14 25 1071 10712
14 26 134 1341
14 27 471 4709
14 28 647 6468
14 29 435 4354
14 30 853 8529
14 31 298 2977
14 32 168 1678
14 33 800 8000
14 34 532 5322
14 35 784 7836
14 36 663 6628
14 37 761 7611
14 38 667 6673
14 39 51 508
14 40 1002 10018
15 1 199 1988
15 2 523 5228
15 3 277 2774
15 4 473 4729
15 5 92 923
15 6 334 3344
15 7 335 3347
15 8 225 2253
15 9 239 2391
15 10 414 4137
15 11 377 3767
15 12 635 6351
15 13 554 5544
15 14 633 6332
15 16 441 4408
15 17 357 3569
15 18 658 6576
15 19 256 2560
15 20 189 1891
15 21 455 4546
15 22 311 3112
15 23 449 4495
15 24 438 4377
15 25 465 4654
15 26 639 6390
15 27 362 3623
15 28 50 501
15 29 279 2788
15 30 437 4368
15 31 425 4250
15 32 468 4676
15 33 194 1944
15 34 399 3985
15 35 324 3245
15 36 376 3762
15 37 634 6342
15 38 207 2073
15 39 601 6010
15 40 385 3845
16 1 630 6305
16 2 474 4744
16 3 441 4411
16 4 849 8492
16 5 372 3722
16 6 132 1321
16 7 572 5724
16 8 301 3012
16 9 679 6786
16 10 341 3409
16 11 328 3281
16 12 568 5676
16 13 169 1687
16 14 268 2678
16 15 441 4408
16 17 681 6808
16 18 963 9630
16 19 302 3018
16 20 598 5983
16 21 695 6954
16 22 179 1794
16 23 403 4029
16 24 124 1237
16 25 833 8334
16 26 356 3563
16 27 452 4522
16 28 438 4378
16 29 364 3636
16 30 777 7767
16 31 30 299
16 32 141 1407
16 33 574 5738
16 34 266 2657
16 35 682 6825
16 36 395 3951
16 37 514 5138
16 38 549 5492
16 39 219 2189
16 40 773 7726
17 1 248 2484
17 2 454 4537
17 3 254 2538
17 4 669 6688
17 5 351 3511
17 6 549 5489
17 7 667 6666
17 8 570 5699
17 9 297 2973
17 10 763 7628
17 11 726 7258
17 12 528 5282
17 13 834 8342
17 14 927 9270
17 15 357 3569
17 16 681 6808
17 18 899 8992
17 19 602 6023
17 20 198 1980
17 21 766 7664
17 22 620 6198
17 23 429 4285
17 24 729 7293
17 25 162 1618
17 26 963 9630
17 27 719 7186
17 28 316 3163
17 29 634 6342
17 30 684 6842
17 31 655 6547
17 32 761 7609
17 33 166 1664
17 34 488 4881
17 35 583 5834
17 36 365 3646
17 37 571 5710
17 38 520 5201
17 39 885 8852
17 40 144 1437
18 1 653 6525
18 2 1180 11804
18 3 930 9300
18 4 238 2377
18 5 745 7446
18 6 919 9185
18 7 391 3906
18 8 666 6657
18 9 603 6026
18 10 676 6758
18 11 666 6663
18 12 1293 12926
18 13 975 9746
18 14 996 9957
18 15 658 6576
18 16 963 9630
18 17 899 8992
18 19 661 6614
18 20 711 7110
18 21 274 2738
18 22 784 7837
18 23 1106 11061
18 24 879 8794
18 25 899 8989
18 26 908 9077
18 27 530 5295
18 28 703 7035
18 29 600 6004
18 30 223 2229
18 31 965 9646
18 32 893 8928
18 33 758 7584
18 34 1037 10374
18 35 335 3349
18 36 1034 10337
18 37 1290 12905
18 38 456 4555
18 39 996 9963
18 40 818 8176
19 1 448 4477
19 2 620 6202
19 3 446 4458
19 4 557 5572
19 5 256 2557
19 6 274 2738
19 7 271 2708
19 8 33 326
19 9 473 4734
19 10 161 1605
19 11 124 1236
19 12 733 7329
19 13 347 3467
19 14 405 4055
19 15 256 2560
19 16 302 3018
19 17 602 6023
19 18 661 6614
19 20 445 4450
19 21 396 3960
19 22 122 1224
19 23 538 5378
19 24 234 2338
19 25 721 7209
19 26 388 3885
19 27 174 1739
19 28 288 2876
19 29 68 678
19 30 478 4782
19 31 304 3036
19 32 256 2561
19 33 447 4471
19 34 427 4268
19 35 391 3914
19 36 486 4863
19 37 705 7047
19 38 265 2655
19 39 384 3843
19 40 641 6405
20 1 64 642
20 2 530 5302
20 3 272 2721
20 4 488 4881
20 5 227 2275
20 6 476 4756
20 7 471 4709
20 8 414 4144
20 9 129 1287
20 10 602 6018
20 11 565 5649
20 12 629 6291
20 13 730 7298
20 14 814 8139
20 15 189 1891
20 16 598 5983
20 17 198 1980
20 18 711 7110
20 19 445 4450
20 21 568 5684
20 22 493 4927
20 23 476 4763
20 24 616 6155
20 25 278 2783
20 26 827 8269
20 27 537 5368
20 28 167 1670
20 29 464 4638
20 30 492 4920
20 31 577 5775
20 32 646 6464
20 33 52 523
20 34 480 4797
20 35 388 3878
20 36 400 3997
20 37 651 6511
20 38 323 3234
20 39 778 7784
20 40 196 1956
21 1 524 5244
21 2 963 9628
21 3 731 7309
21 4 278 2776
21 5 528 5284
21 6 663 6633
21 7 131 1309
21 8 405 4050
21 9 497 4972
21 10 402 4025
21 11 392 3924
21 12 1077 10772
21 13 701 7008
21 14 723 7234
21 15 455 4546
21 16 695 6954
21 17 766 7664
21 18 274 2738
21 19 396 3960
21 20 568 5684
21 22 517 5168
21 23 884 8838
21 24 607 6069
21 25 814 8138
21 26 641 6415
21 27 256 2557
21 28 504 5045
21 29 332 3318
21 30 176 1756
21 31 699 6992
21 32 619 6194
21 33 605 6052
21 34 798 7976
21 35 204 2041
21 36 817 8171
21 37 1064 10645
21 38 252 2517
21 39 723 7228
21 40 725 7253
22 1 510 5100
22 2 548 5476
22 3 420 4205
22 4 675 6752
22 5 272 2723
22 6 174 1737
22 7 393 3931
22 8 125 1250
22 9 547 5475
22 10 200 1996
22 11 174 1740
22 12 656 6559
22 13 246 2456
22 14 322 3221
22 15 311 3112
22 16 179 1794
22 17 620 6198
22 18 784 7837
22 19 122 1224
22 20 493 4927
22 21 517 5168
22 23 466 4663
22 24 128 1280
22 25 756 7560
22 26 343 3432
22 27 280 2802
22 28 326 3258
22 29 185 1852
22 30 599 5992
22 31 183 1825
22 32 157 1568
22 33 482 4819
22 34 341 3407
22 35 509 5086
22 36 428 4284
22 37 618 6182
22 38 378 3779
22 39 290 2904
22 40 683 6831
23 1 537 5369
23 2 82 824
23 3 204 2043
23 4 919 9185
23 5 362 3616
23 6 301 3015
23 7 754 7544
23 8 513 5125
23 9 602 6020
23 10 665 6650
23 11 636 6360
23 12 196 1959
23 13 570 5702
23 14 669 6687
23 15 449 4495
23 16 403 4029
23 17 429 4285
23 18 1106 11061
23 19 538 5378
23 20 476 4763
23 21 884 8838
23 22 466 4663
23 24 509 5089
23 25 588 5877
23 26 756 7564
23 27 710 7096
23 28 407 4066
23 29 602 6016
23 30 886 8862
23 31 373 3733
23 32 535 5347
23 33 427 4268
23 34 137 1373
23 35 774 7740
23 36 77 773
23 37 185 1848
23 38 652 6515
23 39 618 6185
23 40 565 5651
24 1 636 6360
24 2 585 5849
24 3 510 5096
24 4 791 7906
24 5 391 3906
24 6 211 2112
24 7 492 4924
24 8 246 2460
24 9 675 6750
24 10 227 2266
24 11 221 2209
24 12 683 6834
24 13 118 1177
24 14 199 1992
24 15 438 4377
24 16 124 1237
24 17 729 7293
24 18 879 8794
24 19 234 2338
24 20 616 6155
24 21 607 6069
24 22 128 1280
24 23 509 5089
24 25 872 8721
24 26 251 2505
24 27 354 3543
24 28 449 4486
24 29 283 2828
24 30 709 7088
24 31 147 1470
24 32 32 316
24 33 601 6008
24 34 373 3725
24 35 625 6252
24 36 489 4887
24 37 633 6333
24 38 498 4984
24 39 163 1634
24 40 803 8026
25 1 298 2978
25 2 606 6064
25 3 415 4150
25 4 661 6614
25 5 484 4837
25 6 702 7025
25 7 733 7333
25 8 689 6895
25 9 317 3167
25 10 879 8791
25 11 842 8421
25 12 670 6701
25 13 981 9811
25 14 1071 10712
25 15 465 4654
25 16 833 8334
25 17 162 1618
25 18 899 8989
25 19 721 7209
25 20 278 2783
25 21 814 8138
25 22 756 7560
25 23 588 5877
25 24 872 8721
25 26 1097 10965
25 27 813 8135
25 28 435 4352
25 29 742 7421
25 30 700 7004
25 31 808 8083
25 32 904 9037
25 33 275 2753
25 34 650 6497
25 35 615 6151
25 36 526 5258
25 37 720 7200
25 38 586 5858
25 39 1032 10315
25 40 89 889
26 1 835 8349
26 2 830 8301
26 3 756 7561
26 4 884 8837
26 5 614 6139
26 6 462 4616
26 7 564 5638
26 8 416 4160
26 9 862 8618
26 10 260 2601
26 11 289 2887
26 12 924 9235
26 13 204 2036
26 14 134 1341
26 15 639 6390
26 16 356 3563
26 17 963 9630
26 18 908 9077
26 19 388 3885
26 20 827 8269
26 21 641 6415
26 22 343 3432
26 23 756 7564
26 24 251 2505
26 25 1097 10965
26 27 402 4023
26 28 662 6622
26 29 397 3974
26 30 787 7872
26 31 385 3849
26 32 222 2224
26 33 821 8214
26 34 619 6193
26 35 732 7323
26 36 739 7391
26 37 867 8675
26 38 630 6302
26 39 174 1738
26 40 1021 10207
27 1 519 5193
27 2 792 7918
27 3 601 6007
27 4 481 4813
27 5 397 3970
27 6 445 4455
27 7 162 1615
27 8 197 1971
27 9 524 5239
27 10 149 1491
27 11 137 1368
27 12 905 9052
27 13 445 4451
27 14 471 4709
27 15 362 3623
27 16 452 4522
27 17 719 7186
27 18 530 5295
27 19 174 1739
27 20 537 5368
27 21 256 2557
27 22 280 2802
27 23 710 7096
27 24 354 3543
27 25 813 8135
27 26 402 4023
27 28 407 4068
27 29 108 1080
27 30 386 3855
27 31 460 4605
27 32 365 3648
27 33 554 5537
27 34 601 6007
27 35 333 3335
27 36 655 6547
27 37 878 8785
27 38 253 2533
27 39 468 4677
27 40 727 7270
28 1 193 1927
28 2 478 4779
28 3 229 2285
28 4 512 5123
28 5 67 675
28 6 322 3221
28 7 385 3847
28 8 256 2556
28 9 244 2436
28 10 448 4476
28 11 411 4105
28 12 589 5893
28 13 563 5634
28 14 647 6468
28 15 50 501
28 16 438 4378
28 17 316 3163
28 18 703 7035
28 19 288 2876
28 20 167 1670
28 21 504 5045
28 22 326 3258
28 23 407 4066
28 24 449 4486
28 25 435 4352
28 26 662 6622
28 27 407 4068
28 29 318 3181
28 30 482 4817
28 31 419 4192
28 32 479 4794
28 33 160 1601
28 34 366 3661
28 35 369 3692
28 36 332 3319
28 37 591 5913
28 38 256 2562
28 39 612 6116
28 40 359 3585
29 1 457 4571
29 2 684 6839
29 3 498 4979
29 4 511 5114
29 5 298 2984
29 6 342 3416
29 7 211 2106
29 8 89 891
29 9 474 4737
29 10 144 1438
29 11 110 1099
29 12 797 7972
29 13 389 3889
29 14 435 4354
29 15 279 2788
29 16 364 3636
29 17 634 6342
29 18 600 6004
29 19 68 678
29 20 464 4638
29 21 332 3318
29 22 185 1852
29 23 602 6016
29 24 283 2828
29 25 742 7421
29 26 397 3974
29 27 108 1080
29 28 318 3181
29 30 427 4265
29 31 368 3677
29 32 301 3007
29 33 473 4732
29 34 493 4935
29 35 349 3488
29 36 547 5473
29 37 771 7708
29 38 234 2342
29 39 421 4210
29 40 658 6585
30 1 436 4359
30 2 959 9593
30 3 707 7074
30 4 103 1028
30 5 526 5255
30 6 716 7165
30 7 225 2247
30 8 476 4755
30 9 391 3914
30 10 533 5332
30 11 514 5140
30 12 1071 10710
30 13 815 8148
30 14 853 8529
30 15 437 4368
30 16 777 7767
30 17 684 6842
30 18 223 2229
30 19 478 4782
30 20 492 4920
30 21 176 1756
30 22 599 5992
30 23 886 8862
30 24 709 7088
30 25 700 7004
30 26 787 7872
30 27 386 3855
30 28 482 4817
30 29 427 4265
30 31 774 7742
30 32 727 7272
30 33 538 5380
30 34 824 8239
30 35 113 1126
30 36 813 8129
30 37 1071 10709
30 38 241 2408
30 39 844 8443
30 40 615 6151
31 1 612 6116
31 2 445 4454
31 3 413 4131
31 4 844 8439
31 5 353 3527
31 6 106 1059
31 7 574 5743
31 8 300 2998
31 9 661 6614
31 10 356 3563
31 11 341 3408
31 12 540 5397
31 13 199 1986
31 14 298 2977
31 15 425 4250
31 16 30 299
31 17 655 6547
31 18 965 9646
31 19 304 3036
31 20 577 5775
31 21 699 6992
31 22 183 1825
31 23 373 3733
31 24 147 1470
31 25 808 8083
31 26 385 3849
31 27 460 4605
31 28 419 4192
31 29 368 3677
31 30 774 7742
31 32 167 1669
31 33 551 5513
31 34 236 2360
31 35 678 6775
31 36 365 3653
31 37 487 4872
31 38 543 5433
31 39 249 2487
31 40 749 7491
32 1 666 6661
32 2 610 6096
32 3 540 5404
32 4 811 8109
32 5 422 4219
32 6 240 2396
32 7 508 5083
32 8 271 2708
32 9 704 7043
32 10 230 2296
32 11 229 2290
32 12 706 7062
32 13 91 909
32 14 168 1678
32 15 468 4676
32 16 141 1407
32 17 761 7609
32 18 893 8928
32 19 256 2561
32 20 646 6464
32 21 619 6194
32 22 157 1568
32 23 535 5347
32 24 32 316
32 25 904 9037
32 26 222 2224
32 27 365 3648
32 28 479 4794
32 29 301 3007
32 30 727 7272
32 31 167 1669
32 33 632 6322
32 34 398 3978
32 35 646 6463
32 36 517 5169
32 37 654 6541
32 38 522 5216
32 39 134 1337
32 40 834 8340
33 1 116 1164
33 2 479 4789
33 3 223 2225
33 4 538 5381
33 5 210 2104
33 6 447 4472
33 7 501 5014
33 8 415 4153
33 9 181 1809
33 10 607 6066
33 11 569 5695
33 12 577 5770
33 13 713 7126
33 14 800 8000
33 15 194 1944
33 16 574 5738
33 17 166 1664
33 18 758 7584
33 19 447 4471
33 20 52 523
33 21 605 6052
33 22 482 4819
33 23 427 4268
33 24 601 6008
33 25 275 2753
33 26 821 8214
33 27 554 5537
33 28 160 1601
33 29 473 4732
33 30 538 5380
33 31 551 5513
33 32 632 6322
33 34 437 4374
33 35 431 4314
33 36 351 3506
33 37 600 5999
33 38 356 3561
33 39 762 7622
33 40 202 2018
34 1 532 5324
34 2 213 2126
34 3 235 2350
34 4 870 8698
34 5 306 3062
34 6 169 1693
34 7 667 6667
34 8 406 4056
34 9 594 5942
34 10 540 5402
34 11 514 5138
34 12 316 3161
34 13 433 4335
34 14 532 5322
34 15 399 3985
34 16 266 2657
34 17 488 4881
34 18 1037 10374
34 19 427 4268
34 20 480 4797
34 21 798 7976
34 22 341 3407
34 23 137 1373
34 24 373 3725
34 25 650 6497
34 26 619 6193
34 27 601 6007
34 28 366 3661
34 29 493 4935
34 30 824 8239
34 31 236 2360
34 32 398 3978
34 33 437 4374
34 35 714 7142
34 36 141 1410
34 37 279 2788
34 38 583 5835
34 39 482 4823
34 40 610 6097
35 1 336 3356
35 2 847 8468
35 3 595 5951
35 4 167 1667
35 5 414 4138
35 6 613 6134
35 7 178 1785
35 8 384 3836
35 9 299 2993
35 10 473 4727
35 11 448 4479
35 12 958 9584
35 13 736 7360
35 14 784 7836
35 15 324 3245
35 16 682 6825
35 17 583 5834
35 18 335 3349
35 19 391 3914
35 20 388 3878
35 21 204 2041
35 22 509 5086
35 23 774 7740
35 24 625 6252
35 25 615 6151
35 26 732 7323
35 27 333 3335
35 28 369 3692
35 29 349 3488
35 30 113 1126
35 31 678 6775
35 32 646 6463
35 33 431 4314
35 34 714 7142
35 36 700 7004
35 37 959 9587
35 38 135 1352
35 39 770 7698
35 40 527 5275
36 1 460 4599
36 2 147 1468
36 3 128 1283
36 4 843 8429
36 5 291 2907
36 6 277 2775
36 7 689 6888
36 8 459 4588
36 9 525 5250
36 10 623 6232
36 11 592 5920
36 12 261 2605
36 13 564 5637
36 14 663 6628
36 15 376 3762
36 16 395 3951
36 17 365 3646
36 18 1034 10337
36 19 486 4863
36 20 400 3997
36 21 817 8171
36 22 428 4284
36 23 77 773
36 24 489 4887
36 25 526 5258
36 26 739 7391
36 27 655 6547
36 28 332 3319
36 29 547 5473
36 30 813 8129
36 31 365 3653
36 32 517 5169
36 33 351 3506
36 34 141 1410
36 35 700 7004
36 37 260 2600
36 38 580 5804
36 39 614 6139
36 40 497 4968
37 1 713 7134
37 2 121 1212
37 3 381 3808
37 4 1103 11029
37 5 546 5459
37 6 445 4450
37 7 934 9343
37 8 682 6823
37 9 779 7788
37 10 817 8174
37 11 792 7920
37 12 78 777
37 13 668 6680
37 14 761 7611
37 15 634 6342
37 16 514 5138
37 17 571 5710
37 18 1290 12905
37 19 705 7047
37 20 651 6511
37 21 1064 10645
37 22 618 6182
37 23 185 1848
37 24 633 6333
37 25 720 7200
37 26 867 8675
37 27 878 8785
37 28 591 5913
37 29 771 7708
37 30 1071 10709
37 31 487 4872
37 32 654 6541
37 33 600 5999
37 34 279 2788
37 35 959 9587
37 36 260 2600
37 38 836 8355
37 39 710 7105
37 40 714 7138
38 1 288 2884
38 2 727 7272
38 3 485 4845
38 4 301 3008
38 5 290 2900
38 6 478 4783
38 7 148 1481
38 8 253 2534
38 9 279 2787
38 10 372 3716
38 11 342 3415
38 12 841 8405
38 13 612 6122
38 14 667 6673
38 15 207 2073
38 16 549 5492
38 17 520 5201
38 18 456 4555
38 19 265 2655
38 20 323 3234
38 21 252 2517
38 22 378 3779
38 23 652 6515
38 24 498 4984
38 25 586 5858
38 26 630 6302
38 27 253 2533
38 28 256 2562
38 29 234 2342
38 30 241 2408
38 31 543 5433
38 32 522 5216
38 33 356 3561
38 34 583 5835
38 35 135 1352
38 36 580 5804
38 37 836 8355
38 39 649 6490
38 40 497 4971
39 1 799 7994
39 2 686 6862
39 3 655 6548
39 4 932 9322
39 5 552 5525
39 6 345 3454
39 7 621 6213
39 8 402 4019
39 9 838 8379
39 10 321 3205
39 11 332 3322
39 12 771 7715
39 13 51 514
39 14 51 508
39 15 601 6010
39 16 219 2189
39 17 885 8852
39 18 996 9963
39 19 384 3843
39 20 778 7784
39 21 723 7228
39 22 290 2904
39 23 618 6185
39 24 163 1634
39 25 1032 10315
39 26 174 1738
39 27 468 4677
39 28 612 6116
39 29 421 4210
39 30 844 8443
39 31 249 2487
39 32 134 1337
39 33 762 7622
39 34 482 4823
39 35 770 7698
39 36 614 6139
39 37 710 7105
39 38 649 6490
39 40 964 9640
40 1 210 2095
40 2 595 5955
40 3 376 3761
40 4 581 5809
40 5 412 4121
40 6 644 6439
40 7 644 6444
40 8 610 6097
40 9 228 2284
40 10 797 7972
40 11 760 7604
40 12 672 6719
40 13 914 9143
40 14 1002 10018
40 15 385 3845
40 16 773 7726
40 17 144 1437
40 18 818 8176
40 19 641 6405
40 20 196 1956
40 21 725 7253
40 22 683 6831
40 23 565 5651
40 24 803 8026
40 25 89 889
40 26 1021 10207
40 27 727 7270
40 28 359 3585
40 29 658 6585
40 30 615 6151
40 31 749 7491
40 32 834 8340
40 33 202 2018
40 34 610 6097
40 35 527 5275
40 36 497 4968
40 37 714 7138
40 38 497 4971
40 39 964 9640
