40
571
43
23
10
29
24
5
12
38
16
39
4
14
15
13
23
32
8
2
40
27
33
6
11
28
37
3
36
32
20
1 2 654 6540
1 3 439 4394
1 4 841 8405
1 5 616 6159
1 6 824 8239
1 7 896 8962
1 8 808 8079
1 9 261 2613
1 10 611 6113
1 11 527 5274
1 12 723 7226
1 13 759 7586
1 14 1039 10393
1 15 486 4864
1 16 946 9457
1 17 814 8138
1 18 787 7867
1 19 543 5433
1 20 77 773
1 21 318 3179
1 22 246 2456
1 23 430 4296
1 24 645 6449
1 25 577 5770
1 26 636 6361
1 27 273 2725
1 28 794 7943
1 29 593 5934
1 30 575 5745
1 31 844 8444
1 32 384 3836
1 33 653 6527
1 34 201 2012
1 35 481 4813
1 36 350 3500
1 37 558 5581
1 38 856 8562
1 39 893 8927
1 40 833 8327
2 1 654 6540
2 3 816 8156
2 4 587 5866
2 5 194 1936
2 6 806 8057
2 7 1082 10816
2 8 260 2598
2 9 395 3955
2 10 576 5764
2 11 148 1483
2 12 243 2425
2 13 891 8908
2 14 794 7945
2 15 988 9884
2 16 762 7617
2 17 1228 12284
2 18 503 5032
2 19 143 1435
2 20 669 6687
2 21 640 6396
2 22 645 6446
2 23 883 8826
2 24 553 5526
2 25 774 7745
2 26 599 5992
2 27 455 4549
2 28 154 1537
2 29 799 7993
2 30 200 1999
2 31 1219 12188
2 32 271 2710
2 33 906 9057
2 34 821 8208
2 35 1000 9996
2 36 522 5216
2 37 221 2214
2 38 977 9767
2 39 561 5614
2 40 873 8734
3 1 439 4394
3 2 816 8156
3 4 655 6545
3 5 673 6729
3 6 492 4919
3 7 464 4639
3 8 835 8346
3 9 552 5523
3 10 397 3968
3 11 668 6679
3 12 742 7418
3 13 360 3602
3 14 789 7891
3 15 206 2057
3 16 680 6803
3 17 422 4220
3 18 644 6436
3 19 672 6723
3 20 362 3623
3 21 183 1833
3 22 218 2180
3 23 98 976
3 24 449 4493
3 25 201 2010
3 26 405 4048
3 27 386 3856
3 28 904 9040
3 29 203 2030
3 30 641 6415
3 31 430 4304
3 32 595 5947
3 33 222 2221
3 34 336 3360
3 35 228 2283
3 36 294 2939
3 37 617 6173
3 38 447 4467
3 39 739 7392
3 40 465 4648
4 1 841 8405
4 2 587 5866
4 3 655 6545
4 5 403 4026
4 6 301 3012
4 7 638 6380
4 8 393 3931
4 9 704 7041
4 10 261 2611
4 11 522 5216
4 12 352 3520
4 13 471 4707
4 14 220 2200
4 15 858 8584
4 16 176 1762
4 17 939 9387
4 18 84 836
4 19 506 5059
4 20 797 7971
4 21 584 5840
4 22 648 6481
4 23 752 7519
4 24 212 2116
4 25 482 4815
4 26 250 2498
4 27 574 5740
4 28 548 5484
4 29 496 4963
4 30 418 4182
4 31 895 8946
4 32 611 6113
4 33 583 5825
4 34 889 8888
4 35 882 8823
4 36 497 4972
4 37 410 4099
4 38 515 5146
4 39 94 944
4 40 387 3870
5 1 616 6159
5 2 194 1936
5 3 673 6729
5 4 403 4026
5 6 612 6123
5 7 895 8953
5 8 192 1921
5 9 391 3911
5 10 388 3881
5 11 131 1306
5 12 110 1099
5 13 704 7044
5 14 618 6176
5 15 862 8620
5 16 575 5750
5 17 1071 10706
5 18 319 3193
5 19 112 1117
5 20 608 6080
5 21 512 5118
5 22 536 5360
5 23 751 7513
5 24 361 3608
5 25 602 6019
5 26 409 4094
5 27 364 3640
5 28 232 2323
5 29 626 6263
5 30 41 414
5 31 1054 10538
5 32 265 2649
5 33 733 7334
5 34 748 7477
5 35 877 8771
5 36 388 3879
5 37 61 608
5 38 787 7873
5 39 393 3926
5 40 681 6812
6 1 824 8239
6 2 806 8057
6 3 492 4919
6 4 301 3012
6 5 612 6123
6 7 338 3377
6 8 668 6681
6 9 781 7809
6 10 251 2512
6 11 699 6986
6 12 604 6041
6 13 190 1896
6 14 324 3241
6 15 671 6714
6 16 218 2177
6 17 670 6701
6 18 355 3550
6 19 689 6889
6 20 760 7602
6 21 512 5115
6 22 586 5860
6 23 583 5835
6 24 257 2570
6 25 291 2910
6 26 223 2232
6 27 606 6060
6 28 808 8082
6 29 292 2916
6 30 609 6095
6 31 616 6160
6 32 732 7324
6 33 338 3376
6 34 801 8012
6 35 698 6985
6 36 488 4877
6 37 592 5916
6 38 214 2141
6 39 392 3924
6 40 86 860
7 1 896 8962
7 2 1082 10816
7 3 464 4639
7 4 638 6380
7 5 895 8953
7 6 338 3377
7 8 986 9857
7 9 949 9488
7 10 507 5073
7 11 953 9532
7 12 911 9112
7 13 191 1909
7 14 632 6316
7 15 551 5513
7 16 539 5385
7 17 395 3953
7 18 685 6847
7 19 949 9485
7 20 820 8204
7 21 592 5922
7 22 656 6558
7 23 515 5150
7 24 540 5402
7 25 340 3399
7 26 487 4875
7 27 763 7633
7 28 1112 11120
7 29 317 3174
7 30 882 8819
7 31 324 3240
7 32 943 9428
7 33 244 2437
7 34 796 7959
7 35 578 5779
7 36 639 6389
7 37 860 8602
7 38 124 1236
7 39 730 7300
7 40 252 2518
8 1 808 8079
8 2 260 2598
8 3 835 8346
8 4 393 3931
8 5 192 1921
8 6 668 6681
8 7 986 9857
8 9 577 5766
8 10 493 4928
8 11 299 2987
8 12 94 938
8 13 799 7991
8 14 574 5737
8 15 1032 10318
8 16 566 5659
8 17 1211 12111
8 18 318 3185
8 19 279 2794
8 20 800 7997
8 21 687 6870
8 22 719 7190
8 23 920 9197
8 24 450 4502
8 25 732 7319
8 26 506 5060
8 27 554 5542
8 28 162 1620
8 29 755 7546
8 30 233 2335
8 31 1185 11852
8 32 447 4466
8 33 860 8596
8 34 937 9374
8 35 1049 10489
8 36 564 5638
8 37 251 2515
8 38 868 8680
8 39 339 3391
8 40 748 7483
9 1 261 2613
9 2 395 3955
9 3 552 5523
9 4 704 7041
9 5 391 3911
9 6 781 7809
9 7 949 9488
9 8 577 5766
9 10 534 5340
9 11 281 2812
9 12 501 5010
9 13 778 7775
9 14 921 9206
9 15 674 6739
9 16 844 8444
9 17 970 9702
9 18 634 6340
9 19 299 2993
9 20 290 2901
9 21 374 3741
9 22 338 3376
9 23 586 5860
9 24 548 5477
9 25 609 6089
9 26 562 5622
9 27 186 1857
9 28 541 5408
9 29 632 6317
9 30 351 3514
9 31 983 9827
9 32 131 1313
9 33 721 7209
9 34 445 4447
9 35 677 6774
9 36 311 3112
9 37 341 3414
9 38 877 8770
9 39 733 7330
9 40 816 8162
10 1 611 6113
10 2 576 5764
10 3 397 3968
10 4 261 2611
10 5 388 3881
10 6 251 2512
10 7 507 5073
10 8 493 4928
10 9 534 5340
10 11 456 4563
10 12 410 4105
10 13 316 3165
10 14 432 4320
10 15 602 6021
10 16 335 3346
10 17 725 7247
10 18 248 2480
10 19 449 4489
10 20 558 5580
10 21 328 3282
10 22 397 3967
10 23 494 4935
10 24 53 528
10 25 246 2456
10 26 28 283
10 27 367 3671
10 28 607 6071
10 29 266 2662
10 30 377 3765
10 31 694 6941
10 32 481 4812
10 33 369 3685
10 34 635 6345
10 35 625 6251
10 36 262 2617
10 37 356 3559
10 38 400 4003
10 39 343 3427
10 40 304 3035
11 1 527 5274
11 2 148 1483
11 3 668 6679
11 4 522 5216
11 5 131 1306
11 6 699 6986
11 7 953 9532
11 8 299 2987
11 9 281 2812
11 10 456 4563
11 12 234 2336
11 13 764 7638
11 14 740 7399
11 15 840 8403
11 16 689 6890
11 17 1082 10825
11 18 440 4398
11 19 20 197
11 20 533 5332
11 21 491 4913
11 22 497 4973
11 23 734 7343
11 24 442 4416
11 25 636 6360
11 26 482 4816
11 27 309 3088
11 28 268 2685
11 29 661 6610
11 30 104 1041
11 31 1075 10751
11 32 150 1499
11 33 766 7663
11 34 682 6823
11 35 852 8517
11 36 374 3740
11 37 113 1127
11 38 854 8540
11 39 520 5201
11 40 759 7592
12 1 723 7226
12 2 243 2425
12 3 742 7418
12 4 352 3520
12 5 110 1099
12 6 604 6041
12 7 911 9112
12 8 94 938
12 9 501 5010
12 10 410 4105
12 11 234 2336
12 13 722 7224
12 14 553 5534
12 15 938 9382
12 16 528 5282
12 17 1123 11226
12 18 270 2704
12 19 214 2140
12 20 711 7108
12 21 593 5931
12 22 626 6257
12 23 826 8262
12 24 372 3715
12 25 645 6448
12 26 426 4261
12 27 464 4641
12 28 204 2042
12 29 668 6680
12 30 150 1502
12 31 1099 10989
12 32 374 3742
12 33 774 7740
12 34 846 8462
12 35 955 9552
12 36 470 4701
12 37 165 1646
12 38 796 7963
12 39 319 3192
12 40 681 6807
13 1 759 7586
13 2 891 8908
13 3 360 3602
13 4 471 4707
13 5 704 7044
13 6 190 1896
13 7 191 1909
13 8 799 7991
13 9 778 7775
13 10 316 3165
13 11 764 7638
13 12 722 7224
13 14 513 5127
13 15 510 5105
13 16 407 4072
13 17 481 4806
13 18 507 5071
13 19 759 7586
13 20 686 6865
13 21 442 4424
13 22 513 5131
13 23 439 4387
13 24 351 3509
13 25 182 1816
13 26 297 2972
13 27 592 5922
13 28 922 9222
13 29 167 1665
13 30 691 6911
13 31 428 4283
13 32 761 7606
13 33 162 1617
13 34 693 6929
13 35 538 5382
13 36 466 4665
13 37 670 6695
13 38 100 1000
13 39 565 5649
13 40 122 1222
14 1 1039 10393
14 2 794 7945
14 3 789 7891
14 4 220 2200
14 5 618 6176
14 6 324 3241
14 7 632 6316
14 8 574 5737
14 9 921 9206
14 10 432 4320
14 11 740 7399
14 12 553 5534
14 13 513 5127
14 15 982 9820
14 16 110 1097
14 17 992 9916
14 18 300 3002
14 19 724 7237
14 20 989 9891
14 21 758 7582
14 22 828 8283
14 23 885 8853
14 24 394 3944
14 25 594 5938
14 26 411 4106
14 27 780 7804
14 28 735 7353
14 29 601 6007
14 30 636 6360
14 31 934 9339
14 32 831 8310
14 33 660 6603
14 34 1064 10638
14 35 1008 10082
14 36 690 6899
14 37 629 6289
14 38 514 5142
14 39 236 2357
14 40 396 3964
15 1 486 4864
15 2 988 9884
15 3 206 2057
15 4 858 8584
15 5 862 8620
15 6 671 6714
15 7 551 5513
15 8 1032 10318
15 9 674 6739
15 10 602 6021
15 11 840 8403
15 12 938 9382
15 13 510 5105
15 14 982 9820
15 16 872 8724
15 17 335 3346
15 18 849 8493
15 19 847 8475
15 20 416 4156
15 21 351 3514
15 22 347 3475
15 23 112 1124
15 24 655 6547
15 25 388 3883
15 26 609 6092
15 27 538 5377
15 28 1090 10897
15 29 382 3819
15 30 828 8277
15 31 379 3794
15 32 745 7449
15 33 350 3496
15 34 309 3090
15 35 28 277
15 36 475 4746
15 37 804 8040
15 38 577 5766
15 39 944 9442
15 40 628 6284
16 1 946 9457
16 2 762 7617
16 3 680 6803
16 4 176 1762
16 5 575 5750
16 6 218 2177
16 7 539 5385
16 8 566 5659
16 9 844 8444
16 10 335 3346
16 11 689 6890
16 12 528 5282
16 13 407 4072
16 14 110 1097
16 15 872 8724
16 17 888 8875
16 18 259 2589
16 19 674 6745
16 20 892 8923
16 21 656 6564
16 22 728 7278
16 23 776 7763
16 24 303 3032
16 25 484 4843
16 26 311 3110
16 27 694 6938
16 28 723 7233
16 29 491 4911
16 30 587 5871
16 31 832 8321
16 32 765 7648
16 33 552 5517
16 34 961 9607
16 35 899 8987
16 36 596 5958
16 37 576 5764
16 38 418 4177
16 39 235 2348
16 40 295 2948
17 1 814 8138
17 2 1228 12284
17 3 422 4220
17 4 939 9387
17 5 1071 10706
17 6 670 6701
17 7 395 3953
17 8 1211 12111
17 9 970 9702
17 10 725 7247
17 11 1082 10825
17 12 1123 11226
17 13 481 4806
17 14 992 9916
17 15 335 3346
17 16 888 8875
17 18 959 9593
17 19 1085 10850
17 20 740 7396
17 21 605 6053
17 22 633 6326
17 23 389 3890
17 24 774 7739
17 25 480 4801
17 26 718 7183
17 27 808 8076
17 28 1303 13026
17 29 459 4586
17 30 1044 10439
17 31 78 782
17 32 1017 10166
17 33 359 3588
17 34 644 6436
17 35 348 3483
17 36 711 7106
17 37 1020 10197
17 38 487 4875
17 39 1033 10328
17 40 595 5954
18 1 787 7867
18 2 503 5032
18 3 644 6436
18 4 84 836
18 5 319 3193
18 6 355 3550
18 7 685 6847
18 8 318 3185
18 9 634 6340
18 10 248 2480
18 11 440 4398
18 12 270 2704
18 13 507 5071
18 14 300 3002
18 15 849 8493
18 16 259 2589
18 17 959 9593
18 19 424 4237
18 20 749 7488
18 21 551 5513
18 22 610 6101
18 23 740 7397
18 24 195 1952
18 25 488 4877
18 26 246 2458
18 27 516 5161
18 28 470 4697
18 29 506 5058
18 30 336 3360
18 31 921 9210
18 32 535 5353
18 33 601 6006
18 34 851 8510
18 35 872 8718
18 36 453 4527
18 37 329 3288
18 38 563 5631
18 39 106 1064
18 40 438 4384
19 1 543 5433
19 2 143 1435
19 3 672 6723
19 4 506 5059
19 5 112 1117
19 6 689 6889
19 7 949 9485
19 8 279 2794
19 9 299 2993
19 10 449 4489
19 11 20 197
19 12 214 2140
19 13 759 7586
19 14 724 7237
19 15 847 8475
19 16 674 6745
19 17 1085 10850
19 18 424 4237
19 20 547 5473
19 21 497 4975
19 22 506 5062
19 23 741 7406
19 24 432 4322
19 25 634 6344
19 26 474 4737
19 27 319 3191
19 28 255 2547
19 29 659 6594
19 30 88 878
19 31 1076 10762
19 32 168 1682
19 33 765 7652
19 34 695 6954
19 35 859 8594
19 36 378 3785
19 37 99 992
19 38 848 8478
19 39 503 5025
19 40 751 7510
20 1 77 773
20 2 669 6687
20 3 362 3623
20 4 797 7971
20 5 608 6080
20 6 760 7602
20 7 820 8204
20 8 800 7997
20 9 290 2901
20 10 558 5580
20 11 533 5332
20 12 711 7108
20 13 686 6865
20 14 989 9891
20 15 416 4156
20 16 892 8923
20 17 740 7396
20 18 749 7488
20 19 547 5473
20 21 250 2496
20 22 176 1755
20 23 354 3537
20 24 595 5953
20 25 505 5051
20 26 581 5814
20 27 248 2480
20 28 802 8017
20 29 521 5205
20 30 567 5669
20 31 769 7685
20 32 399 3986
20 33 577 5767
20 34 155 1547
20 35 413 4125
20 36 300 3005
20 37 548 5482
20 38 783 7832
20 39 855 8553
20 40 765 7646
21 1 318 3179
21 2 640 6396
21 3 183 1833
21 4 584 5840
21 5 512 5118
21 6 512 5115
21 7 592 5922
21 8 687 6870
21 9 374 3741
21 10 328 3282
21 11 491 4913
21 12 593 5931
21 13 442 4424
21 14 758 7582
21 15 351 3514
21 16 656 6564
21 17 605 6053
21 18 551 5513
21 19 497 4975
21 20 250 2496
21 22 75 745
21 23 243 2431
21 24 373 3733
21 25 261 2612
21 26 348 3478
21 27 202 2024
21 28 738 7384
21 29 280 2795
21 30 477 4767
21 31 611 6114
21 32 412 4115
21 33 354 3539
21 34 306 3063
21 35 365 3654
21 36 124 1240
21 37 453 4531
21 38 541 5411
21 39 656 6556
21 40 515 5153
22 1 246 2456
22 2 645 6446
22 3 218 2180
22 4 648 6481
22 5 536 5360
22 6 586 5860
22 7 656 6558
22 8 719 7190
22 9 338 3376
22 10 397 3967
22 11 497 4973
22 12 626 6257
22 13 513 5131
22 14 828 8283
22 15 347 3475
22 16 728 7278
22 17 633 6326
22 18 610 6101
22 19 506 5062
22 20 176 1755
22 21 75 745
22 23 250 2504
22 24 439 4393
22 25 331 3314
22 26 418 4177
22 27 191 1907
22 28 755 7552
22 29 348 3482
22 30 498 4982
22 31 647 6471
22 32 398 3976
22 33 414 4140
22 34 241 2411
22 35 356 3563
22 36 162 1618
22 37 476 4757
22 38 611 6109
22 39 716 7156
22 40 589 5891
23 1 430 4296
23 2 883 8826
23 3 98 976
23 4 752 7519
23 5 751 7513
23 6 583 5835
23 7 515 5150
23 8 920 9197
23 9 586 5860
23 10 494 4935
23 11 734 7343
23 12 826 8262
23 13 439 4387
23 14 885 8853
23 15 112 1124
23 16 776 7763
23 17 389 3890
23 18 740 7397
23 19 741 7406
23 20 354 3537
23 21 243 2431
23 22 250 2504
23 24 546 5458
23 25 294 2937
23 26 502 5022
23 27 437 4369
23 28 980 9801
23 29 292 2921
23 30 718 7177
23 31 415 4149
23 32 646 6462
23 33 286 2862
23 34 286 2862
23 35 132 1325
23 36 365 3649
23 37 694 6938
23 38 517 5172
23 39 836 8362
23 40 550 5501
24 1 645 6449
24 2 553 5526
24 3 449 4493
24 4 212 2116
24 5 361 3608
24 6 257 2570
24 7 540 5402
24 8 450 4502
24 9 548 5477
24 10 53 528
24 11 442 4416
24 12 372 3715
24 13 351 3509
24 14 394 3944
24 15 655 6547
24 16 303 3032
24 17 774 7739
24 18 195 1952
24 19 432 4322
24 20 595 5953
24 21 373 3733
24 22 439 4393
24 23 546 5458
24 25 296 2963
24 26 56 563
24 27 391 3907
24 28 572 5718
24 29 316 3160
24 30 354 3543
24 31 741 7411
24 32 483 4830
24 33 416 4162
24 34 679 6790
24 35 678 6776
24 36 296 2956
24 37 336 3355
24 38 428 4279
24 39 291 2907
24 40 321 3208
25 1 577 5770
25 2 774 7745
25 3 201 2010
25 4 482 4815
25 5 602 6019
25 6 291 2910
25 7 340 3399
25 8 732 7319
25 9 609 6089
25 10 246 2456
25 11 636 6360
25 12 645 6448
25 13 182 1816
25 14 594 5938
25 15 388 3883
25 16 484 4843
25 17 480 4801
25 18 488 4877
25 19 634 6344
25 20 505 5051
25 21 261 2612
25 22 331 3314
25 23 294 2937
25 24 296 2963
25 26 242 2423
25 27 423 4234
25 28 831 8315
25 29 25 250
25 30 580 5800
25 31 454 4542
25 32 608 6079
25 33 132 1316
25 34 520 5200
25 35 414 4144
25 36 299 2995
25 37 556 5565
25 38 280 2799
25 39 572 5722
25 40 269 2690
26 1 636 6361
26 2 599 5992
26 3 405 4048
26 4 250 2498
26 5 409 4094
26 6 223 2232
26 7 487 4875
26 8 506 5060
26 9 562 5622
26 10 28 283
26 11 482 4816
26 12 426 4261
26 13 297 2972
26 14 411 4106
26 15 609 6092
26 16 311 3110
26 17 718 7183
26 18 246 2458
26 19 474 4737
26 20 581 5814
26 21 348 3478
26 22 418 4177
26 23 502 5022
26 24 56 563
26 25 242 2423
26 27 395 3945
26 28 625 6250
26 29 261 2613
26 30 400 3996
26 31 685 6850
26 32 509 5092
26 33 360 3603
26 34 654 6538
26 35 633 6328
26 36 287 2870
26 37 379 3795
26 38 378 3779
26 39 335 3353
26 40 278 2776
27 1 273 2725
27 2 455 4549
27 3 386 3856
27 4 574 5740
27 5 364 3640
27 6 606 6060
27 7 763 7633
27 8 554 5542
27 9 186 1857
27 10 367 3671
27 11 309 3088
27 12 464 4641
27 13 592 5922
27 14 780 7804
27 15 538 5377
27 16 694 6938
27 17 808 8076
27 18 516 5161
27 19 319 3191
27 20 248 2480
27 21 202 2024
27 22 191 1907
27 23 437 4369
27 24 391 3907
27 25 423 4234
27 26 395 3945
27 28 572 5719
27 29 446 4465
27 30 324 3237
27 31 813 8129
27 32 210 2100
27 33 538 5379
27 34 384 3837
27 35 547 5470
27 36 126 1257
27 37 303 3035
27 38 692 6918
27 39 621 6215
27 40 635 6353
28 1 794 7943
28 2 154 1537
28 3 904 9040
28 4 548 5484
28 5 232 2323
28 6 808 8082
28 7 1112 11120
28 8 162 1620
28 9 541 5408
28 10 607 6071
28 11 268 2685
28 12 204 2042
28 13 922 9222
28 14 735 7353
28 15 1090 10897
28 16 723 7233
28 17 1303 13026
28 18 470 4697
28 19 255 2547
28 20 802 8017
28 21 738 7384
28 22 755 7552
28 23 980 9801
28 24 572 5718
28 25 831 8315
28 26 625 6250
28 27 572 5719
28 29 856 8556
28 30 263 2626
28 31 1285 12847
28 32 412 4116
28 33 963 9626
28 34 950 9501
28 35 1104 11035
28 36 615 6153
28 37 287 2867
28 38 999 9987
28 39 500 5002
28 40 884 8845
29 1 593 5934
29 2 799 7993
29 3 203 2030
29 4 496 4963
29 5 626 6263
29 6 292 2916
29 7 317 3174
29 8 755 7546
29 9 632 6317
29 10 266 2662
29 11 661 6610
29 12 668 6680
29 13 167 1665
29 14 601 6007
29 15 382 3819
29 16 491 4911
29 17 459 4586
29 18 506 5058
29 19 659 6594
29 20 521 5205
29 21 280 2795
29 22 348 3482
29 23 292 2921
29 24 316 3160
29 25 25 250
29 26 261 2613
29 27 446 4465
29 28 856 8556
29 30 605 6047
29 31 431 4309
29 32 632 6324
29 33 107 1071
29 34 529 5290
29 35 409 4085
29 36 323 3230
29 37 581 5812
29 38 263 2628
29 39 588 5880
29 40 262 2623
30 1 575 5745
30 2 200 1999
30 3 641 6415
30 4 418 4182
30 5 41 414
30 6 609 6095
30 7 882 8819
30 8 233 2335
30 9 351 3514
30 10 377 3765
30 11 104 1041
30 12 150 1502
30 13 691 6911
30 14 636 6360
30 15 828 8277
30 16 587 5871
30 17 1044 10439
30 18 336 3360
30 19 88 878
30 20 567 5669
30 21 477 4767
30 22 498 4982
30 23 718 7177
30 24 354 3543
30 25 580 5800
30 26 400 3996
30 27 324 3237
30 28 263 2626
30 29 605 6047
30 31 1029 10295
30 32 227 2271
30 33 712 7116
30 34 707 7073
30 35 842 8421
30 36 353 3532
30 37 24 242
30 38 777 7769
30 39 417 4165
30 40 675 6750
31 1 844 8444
31 2 1219 12188
31 3 430 4304
31 4 895 8946
31 5 1054 10538
31 6 616 6160
31 7 324 3240
31 8 1185 11852
31 9 983 9827
31 10 694 6941
31 11 1075 10751
31 12 1099 10989
31 13 428 4283
31 14 934 9339
31 15 379 3794
31 16 832 8321
31 17 78 782
31 18 921 9210
31 19 1076 10762
31 20 769 7685
31 21 611 6114
31 22 647 6471
31 23 415 4149
31 24 741 7411
31 25 454 4542
31 26 685 6850
31 27 813 8129
31 28 1285 12847
31 29 431 4309
31 30 1029 10295
31 32 1019 10194
31 33 326 3257
31 34 685 6849
31 35 397 3970
31 36 708 7082
31 37 1006 10055
31 38 424 4237
31 39 989 9890
31 40 538 5378
32 1 384 3836
32 2 271 2710
32 3 595 5947
32 4 611 6113
32 5 265 2649
32 6 732 7324
32 7 943 9428
32 8 447 4466
32 9 131 1313
32 10 481 4812
32 11 150 1499
32 12 374 3742
32 13 761 7606
32 14 831 8310
32 15 745 7449
32 16 765 7648
32 17 1017 10166
32 18 535 5353
32 19 168 1682
32 20 399 3986
32 21 412 4115
32 22 398 3976
32 23 646 6462
32 24 483 4830
32 25 608 6079
32 26 509 5092
32 27 210 2100
32 28 412 4116
32 29 632 6324
32 30 227 2271
32 31 1019 10194
32 33 731 7313
32 34 552 5518
32 35 753 7526
32 36 314 3141
32 37 221 2210
32 38 857 8572
32 39 628 6284
32 40 780 7797
33 1 653 6527
33 2 906 9057
33 3 222 2221
33 4 583 5825
33 5 733 7334
33 6 338 3376
33 7 244 2437
33 8 860 8596
33 9 721 7209
33 10 369 3685
33 11 766 7663
33 12 774 7740
33 13 162 1617
33 14 660 6603
33 15 350 3496
33 16 552 5517
33 17 359 3588
33 18 601 6006
33 19 765 7652
33 20 577 5767
33 21 354 3539
33 22 414 4140
33 23 286 2862
33 24 416 4162
33 25 132 1316
33 26 360 3603
33 27 538 5379
33 28 963 9626
33 29 107 1071
33 30 712 7116
33 31 326 3257
33 32 731 7313
33 34 557 5573
33 35 377 3774
33 36 418 4184
33 37 688 6881
33 38 231 2312
33 39 676 6761
33 40 282 2824
34 1 201 2012
34 2 821 8208
34 3 336 3360
34 4 889 8888
34 5 748 7477
34 6 801 8012
34 7 796 7959
34 8 937 9374
34 9 445 4447
34 10 635 6345
34 11 682 6823
34 12 846 8462
34 13 693 6929
34 14 1064 10638
34 15 309 3090
34 16 961 9607
34 17 644 6436
34 18 851 8510
34 19 695 6954
34 20 155 1547
34 21 306 3063
34 22 241 2411
34 23 286 2862
34 24 679 6790
34 25 520 5200
34 26 654 6538
34 27 384 3837
34 28 950 9501
34 29 529 5290
34 30 707 7073
34 31 685 6849
34 32 552 5518
34 33 557 5573
34 35 298 2978
34 36 400 3999
34 37 687 6871
34 38 782 7822
34 39 957 9566
34 40 789 7890
35 1 481 4813
35 2 1000 9996
35 3 228 2283
35 4 882 8823
35 5 877 8771
35 6 698 6985
35 7 578 5779
35 8 1049 10489
35 9 677 6774
35 10 625 6251
35 11 852 8517
35 12 955 9552
35 13 538 5382
35 14 1008 10082
35 15 28 277
35 16 899 8987
35 17 348 3483
35 18 872 8718
35 19 859 8594
35 20 413 4125
35 21 365 3654
35 22 356 3563
35 23 132 1325
35 24 678 6776
35 25 414 4144
35 26 633 6328
35 27 547 5470
35 28 1104 11035
35 29 409 4085
35 30 842 8421
35 31 397 3970
35 32 753 7526
35 33 377 3774
35 34 298 2978
35 36 489 4892
35 37 819 8185
35 38 604 6042
35 39 968 9675
35 40 656 6559
36 1 350 3500
36 2 522 5216
36 3 294 2939
36 4 497 4972
36 5 388 3879
36 6 488 4877
36 7 639 6389
36 8 564 5638
36 9 311 3112
36 10 262 2617
36 11 374 3740
36 12 470 4701
36 13 466 4665
36 14 690 6899
36 15 475 4746
36 16 596 5958
36 17 711 7106
36 18 453 4527
36 19 378 3785
36 20 300 3005
36 21 124 1240
36 22 162 1618
36 23 365 3649
36 24 296 2956
36 25 299 2995
36 26 287 2870
36 27 126 1257
36 28 615 6153
36 29 323 3230
36 30 353 3532
36 31 708 7082
36 32 314 3141
36 33 418 4184
36 34 400 3999
36 35 489 4892
36 37 329 3294
36 38 566 5661
36 39 559 5589
36 40 512 5121
37 1 558 5581
37 2 221 2214
37 3 617 6173
37 4 410 4099
37 5 61 608
37 6 592 5916
37 7 860 8602
37 8 251 2515
37 9 341 3414
37 10 356 3559
37 11 113 1127
37 12 165 1646
37 13 670 6695
37 14 629 6289
37 15 804 8040
37 16 576 5764
37 17 1020 10197
37 18 329 3288
37 19 99 992
37 20 548 5482
37 21 453 4531
37 22 476 4757
37 23 694 6938
37 24 336 3355
37 25 556 5565
37 26 379 3795
37 27 303 3035
37 28 287 2867
37 29 581 5812
37 30 24 242
37 31 1006 10055
37 32 221 2210
37 33 688 6881
37 34 687 6871
37 35 819 8185
37 36 329 3294
37 38 756 7561
37 39 414 4136
37 40 656 6557
38 1 856 8562
38 2 977 9767
38 3 447 4467
38 4 515 5146
38 5 787 7873
38 6 214 2141
38 7 124 1236
38 8 868 8680
38 9 877 8770
38 10 400 4003
38 11 854 8540
38 12 796 7963
38 13 100 1000
38 14 514 5142
38 15 577 5766
38 16 418 4177
38 17 487 4875
38 18 563 5631
38 19 848 8478
38 20 783 7832
38 21 541 5411
38 22 611 6109
38 23 517 5172
38 24 428 4279
38 25 280 2799
38 26 378 3779
38 27 692 6918
38 28 999 9987
38 29 263 2628
38 30 777 7769
38 31 424 4237
38 32 857 8572
38 33 231 2312
38 34 782 7822
38 35 604 6042
38 36 566 5661
38 37 756 7561
38 39 606 6064
38 40 128 1282
39 1 893 8927
39 2 561 5614
39 3 739 7392
39 4 94 944
39 5 393 3926
39 6 392 3924
39 7 730 7300
39 8 339 3391
39 9 733 7330
39 10 343 3427
39 11 520 5201
39 12 319 3192
39 13 565 5649
39 14 236 2357
39 15 944 9442
39 16 235 2348
39 17 1033 10328
39 18 106 1064
39 19 503 5025
39 20 855 8553
39 21 656 6556
39 22 716 7156
39 23 836 8362
39 24 291 2907
39 25 572 5722
39 26 335 3353
39 27 621 6215
39 28 500 5002
39 29 588 5880
39 30 417 4165
39 31 989 9890
39 32 628 6284
39 33 676 6761
39 34 957 9566
39 35 968 9675
39 36 559 5589
39 37 414 4136
39 38 606 6064
39 40 478 4783
40 1 833 8327
40 2 873 8734
40 3 465 4648
40 4 387 3870
40 5 681 6812
40 6 86 860
40 7 252 2518
40 8 748 7483
40 9 816 8162
40 10 304 3035
40 11 759 7592
40 12 681 6807
40 13 122 1222
40 14 396 3964
40 15 628 6284
40 16 295 2948
40 17 595 5954
40 18 438 4384
40 19 751 7510
40 20 765 7646
40 21 515 5153
40 22 589 5891
40 23 550 5501
40 24 321 3208
40 25 269 2690
40 26 278 2776
40 27 635 6353
40 28 884 8845
40 29 262 2623
40 30 675 6750
40 31 538 5378
40 32 780 7797
40 33 282 2824
40 34 789 7890
40 35 656 6559
40 36 512 5121
40 37 656 6557
40 38 128 1282
40 39 478 4783
