40
791
387
24
29
23
10
25
37
17
3
19
31
33
4
1
8
7
34
16
11
36
6
15
12
27
30
22
4
37
28
6
12
1 2 670 6697
1 3 723 7233
1 4 173 1725
1 5 389 3890
1 6 746 7457
1 7 591 5914
1 8 800 7996
1 9 672 6717
1 10 711 7110
1 11 594 5937
1 12 53 531
1 13 385 3854
1 14 637 6369
1 15 377 3769
1 16 156 1564
1 17 404 4040
1 18 656 6559
1 19 574 5737
1 20 717 7174
1 21 592 5921
1 22 738 7377
1 23 182 1815
1 24 556 5565
1 25 417 4171
1 26 493 4929
1 27 632 6319
1 28 802 8018
1 29 441 4414
1 30 343 3434
1 31 401 4010
1 32 363 3635
1 33 364 3638
1 34 195 1947
1 35 589 5893
1 36 343 3430
1 37 639 6393
1 38 116 1165
1 39 42 417
1 40 265 2653
2 1 670 6697
2 3 61 606
2 4 602 6022
2 5 983 9827
2 6 113 1131
2 7 936 9359
2 8 150 1501
2 9 697 6965
2 10 411 4112
2 11 377 3769
2 12 658 6581
2 13 904 9040
2 14 149 1488
2 15 294 2935
2 16 550 5496
2 17 931 9309
2 18 571 5709
2 19 652 6520
2 20 224 2236
2 21 1107 11072
2 22 670 6701
2 23 721 7213
2 24 178 1780
2 25 259 2591
2 26 913 9126
2 27 149 1487
2 28 141 1411
2 29 737 7367
2 30 506 5063
2 31 499 4994
2 32 911 9107
2 33 396 3959
2 34 515 5154
2 35 970 9695
2 36 475 4746
2 37 497 4972
2 38 701 7010
2 39 704 7037
2 40 775 7753
3 1 723 7233
3 2 61 606
3 4 661 6611
3 5 1026 10262
3 6 61 614
3 7 960 9604
3 8 133 1331
3 9 701 7014
3 10 397 3975
3 11 381 3809
3 12 709 7095
3 13 943 9428
3 14 198 1981
3 15 346 3464
3 16 598 5983
3 17 970 9699
3 18 572 5718
3 19 665 6648
3 20 198 1982
3 21 1142 11424
3 22 667 6668
3 23 780 7802
3 24 237 2370
3 25 317 3171
3 26 944 9437
3 27 199 1989
3 28 114 1137
3 29 764 7642
3 30 567 5669
3 31 527 5274
3 32 952 9516
3 33 457 4566
3 34 574 5736
3 35 996 9961
3 36 509 5094
3 37 497 4973
3 38 750 7495
3 39 756 7563
3 40 835 8351
4 1 173 1725
4 2 602 6022
4 3 661 6611
4 5 558 5576
4 6 696 6960
4 7 752 7519
4 8 712 7122
4 9 778 7783
4 10 745 7446
4 11 630 6298
4 12 213 2134
4 13 558 5575
4 14 535 5349
4 15 334 3341
4 16 243 2433
4 17 576 5764
4 18 736 7356
4 19 682 6825
4 20 702 7024
4 21 765 7645
4 22 829 8294
4 23 119 1191
4 24 457 4568
4 25 344 3444
4 26 659 6594
4 27 530 5303
4 28 720 7200
4 29 584 5844
4 30 179 1787
4 31 483 4829
4 32 536 5360
4 33 232 2322
4 34 91 909
4 35 754 7541
4 36 415 4149
4 37 703 7027
4 38 285 2851
4 39 211 2114
4 40 183 1834
5 1 389 3890
5 2 983 9827
5 3 1026 10262
5 4 558 5576
5 6 1031 10311
5 7 379 3788
5 8 1127 11273
5 9 664 6645
5 10 868 8684
5 11 767 7672
5 12 365 3649
5 13 130 1304
5 14 987 9870
5 15 700 7002
5 16 442 4421
5 17 115 1147
5 18 724 7244
5 19 585 5847
5 20 956 9564
5 21 227 2268
5 22 759 7590
5 23 517 5173
5 24 909 9090
5 25 760 7597
5 26 265 2645
5 27 982 9820
5 28 1123 11230
5 29 382 3825
5 30 732 7322
5 31 542 5423
5 32 94 944
5 33 746 7455
5 34 580 5803
5 35 345 3448
5 36 530 5298
5 37 749 7485
5 38 299 2992
5 39 348 3478
5 40 575 5754
6 1 746 7457
6 2 113 1131
6 3 61 614
6 4 696 6960
6 5 1031 10311
6 7 942 9423
6 8 179 1790
6 9 666 6662
6 10 350 3503
6 11 348 3484
6 12 728 7278
6 13 942 9416
6 14 258 2582
6 15 371 3710
6 16 613 6129
6 17 969 9687
6 18 534 5341
6 19 637 6369
6 20 147 1474
6 21 1136 11360
6 22 625 6250
6 23 815 8146
6 24 291 2906
6 25 352 3523
6 26 933 9330
6 27 259 2587
6 28 154 1542
6 29 750 7504
6 30 613 6131
6 31 516 5162
6 32 953 9530
6 33 501 5012
6 34 607 6068
6 35 980 9802
6 36 506 5062
6 37 460 4596
6 38 763 7629
6 39 777 7766
6 40 873 8734
7 1 591 5914
7 2 936 9359
7 3 960 9604
7 4 752 7519
7 5 379 3788
7 6 942 9423
7 8 1085 10854
7 9 368 3676
7 10 670 6704
7 11 607 6067
7 12 542 5421
7 13 262 2624
7 14 997 9965
7 15 719 7188
7 16 532 5317
7 17 267 2674
7 18 477 4772
7 19 331 3307
7 20 825 8250
7 21 276 2755
7 22 465 4646
7 23 768 7683
7 24 932 9322
7 25 791 7909
7 26 117 1172
7 27 992 9920
7 28 1072 10720
7 29 203 2033
7 30 891 8906
7 31 437 4375
7 32 304 3043
7 33 854 8543
7 34 727 7272
7 35 51 506
7 36 476 4757
7 37 532 5321
7 38 476 4755
7 39 564 5643
7 40 847 8467
8 1 800 7996
8 2 150 1501
8 3 133 1331
8 4 712 7122
8 5 1127 11273
8 6 179 1790
8 7 1085 10854
8 9 834 8344
8 10 528 5280
8 11 514 5137
8 12 793 7931
8 13 1052 10519
8 14 184 1838
8 15 430 4301
8 16 690 6897
8 17 1079 10788
8 18 705 7049
8 19 796 7960
8 20 326 3259
8 21 1257 12565
8 22 800 7995
8 23 830 8301
8 24 256 2565
8 25 382 3825
8 26 1063 10627
8 27 188 1876
8 28 28 285
8 29 887 8867
8 30 589 5893
8 31 649 6493
8 32 1057 10575
8 33 488 4885
8 34 631 6309
8 35 1119 11195
8 36 624 6244
8 37 630 6304
8 38 841 8406
8 39 836 8358
8 40 875 8746
9 1 672 6717
9 2 697 6965
9 3 701 7014
9 4 778 7783
9 5 664 6645
9 6 666 6662
9 7 368 3676
9 8 834 8344
9 10 338 3376
9 11 321 3207
9 12 620 6201
9 13 535 5346
9 14 800 8000
9 15 584 5840
9 16 538 5375
9 17 554 5545
9 18 135 1345
9 19 98 981
9 20 527 5268
9 21 636 6356
9 22 98 983
9 23 846 8461
9 24 757 7573
9 25 650 6503
9 26 431 4307
9 27 797 7965
9 28 814 8145
9 29 285 2845
9 30 853 8533
9 31 301 3013
9 32 571 5708
9 33 775 7754
9 34 715 7147
9 35 418 4176
9 36 370 3703
9 37 207 2074
9 38 585 5848
9 39 666 6665
9 40 931 9313
10 1 711 7110
10 2 411 4112
10 3 397 3975
10 4 745 7446
10 5 868 8684
10 6 350 3503
10 7 670 6704
10 8 528 5280
10 9 338 3376
10 11 117 1174
10 12 672 6717
10 13 752 7523
10 14 544 5444
10 15 440 4397
10 16 555 5547
10 17 778 7778
10 18 204 2039
10 19 340 3402
10 20 203 2032
10 21 910 9098
10 22 279 2794
10 23 847 8466
10 24 529 5288
10 25 480 4798
10 26 696 6961
10 27 542 5423
10 28 504 5043
10 29 512 5120
10 30 746 7458
10 31 334 3342
10 32 777 7770
10 33 641 6411
10 34 659 6586
10 35 716 7160
10 36 374 3738
10 37 139 1386
10 38 673 6729
10 39 726 7257
10 40 925 9250
11 1 594 5937
11 2 377 3769
11 3 381 3809
11 4 630 6298
11 5 767 7672
11 6 348 3484
11 7 607 6067
11 8 514 5137
11 9 321 3207
11 10 117 1174
11 12 555 5548
11 13 656 6565
11 14 490 4904
11 15 337 3368
11 16 437 4374
11 17 683 6828
11 18 194 1943
11 19 290 2895
11 20 219 2189
11 21 828 8276
11 22 296 2964
11 23 730 7302
11 24 460 4596
11 25 386 3858
11 26 616 6159
11 27 487 4874
11 28 494 4942
11 29 429 4293
11 30 641 6413
11 31 226 2259
11 32 678 6780
11 33 541 5408
11 34 545 5451
11 35 649 6485
11 36 259 2586
11 37 122 1219
11 38 558 5582
11 39 609 6089
11 40 809 8092
12 1 53 531
12 2 658 6581
12 3 709 7095
12 4 213 2134
12 5 365 3649
12 6 728 7278
12 7 542 5421
12 8 793 7931
12 9 620 6201
12 10 672 6717
12 11 555 5548
12 13 347 3465
12 14 637 6371
12 15 365 3647
12 16 121 1205
12 17 367 3669
12 18 608 6079
12 19 522 5220
12 20 690 6899
12 21 558 5576
12 22 688 6876
12 23 234 2344
12 24 557 5572
12 25 413 4126
12 26 446 4464
12 27 632 6322
12 28 793 7934
12 29 389 3886
12 30 375 3748
12 31 355 3547
12 32 329 3285
12 33 381 3807
12 34 217 2165
12 35 542 5418
12 36 300 2999
12 37 594 5942
12 38 72 724
12 39 54 541
12 40 318 3184
13 1 385 3854
13 2 904 9040
13 3 943 9428
13 4 558 5575
13 5 130 1304
13 6 942 9416
13 7 262 2624
13 8 1052 10519
13 9 535 5346
13 10 752 7523
13 11 656 6565
13 12 347 3465
13 14 925 9254
13 15 635 6350
13 16 390 3898
13 17 27 272
13 18 599 5991
13 19 457 4568
13 20 855 8553
13 21 216 2155
13 22 630 6297
13 23 545 5449
13 24 850 8505
13 25 700 7004
13 26 145 1452
13 27 920 9205
13 28 1045 10450
13 29 254 2545
13 30 721 7207
13 31 436 4360
13 32 42 421
13 33 714 7141
13 34 559 5594
13 35 238 2375
13 36 435 4353
13 37 628 6277
13 38 274 2741
13 39 349 3493
13 40 615 6154
14 1 637 6369
14 2 149 1488
14 3 198 1981
14 4 535 5349
14 5 987 9870
14 6 258 2582
14 7 997 9965
14 8 184 1838
14 9 800 8000
14 10 544 5444
14 11 490 4904
14 12 637 6371
14 13 925 9254
14 15 290 2904
14 16 545 5450
14 17 952 9516
14 18 683 6831
14 19 742 7425
14 20 369 3690
14 21 1137 11369
14 22 787 7867
14 23 651 6513
14 24 80 804
14 25 227 2274
14 26 957 9567
14 27 5 50
14 28 199 1987
14 29 793 7934
14 30 406 4056
14 31 562 5625
14 32 925 9254
14 33 307 3069
14 34 458 4578
14 35 1025 10246
14 36 521 5213
14 37 612 6122
14 38 692 6918
14 39 675 6753
14 40 693 6925
15 1 377 3769
15 2 294 2935
15 3 346 3464
15 4 334 3341
15 5 700 7002
15 6 371 3710
15 7 719 7188
15 8 430 4301
15 9 584 5840
15 10 440 4397
15 11 337 3368
15 12 365 3647
15 13 635 6350
15 14 290 2904
15 16 260 2599
15 17 661 6613
15 18 495 4951
15 19 507 5066
15 20 369 3689
15 21 847 8466
15 22 601 6007
15 23 450 4501
15 24 217 2173
15 25 72 724
15 26 670 6702
15 27 286 2855
15 28 429 4291
15 29 516 5162
15 30 306 3062
15 31 302 3016
15 32 636 6357
15 33 204 2042
15 34 243 2432
15 35 743 7429
15 36 246 2463
15 37 440 4398
15 38 411 4105
15 39 410 4102
15 40 517 5167
16 1 156 1564
16 2 550 5496
16 3 598 5983
16 4 243 2433
16 5 442 4421
16 6 613 6129
16 7 532 5317
16 8 690 6897
16 9 538 5375
16 10 555 5547
16 11 437 4374
16 12 121 1205
16 13 390 3898
16 14 545 5450
16 15 260 2599
16 17 415 4145
16 18 507 5072
16 19 441 4407
16 20 570 5698
16 21 605 6051
16 22 595 5947
16 23 312 3118
16 24 467 4671
16 25 318 3176
16 26 455 4553
16 27 540 5400
16 28 688 6877
16 29 349 3486
16 30 359 3593
16 31 251 2508
16 32 384 3840
16 33 329 3292
16 34 198 1976
16 35 543 5427
16 36 189 1886
16 37 486 4856
16 38 151 1515
16 39 174 1740
16 40 396 3964
17 1 404 4040
17 2 931 9309
17 3 970 9699
17 4 576 5764
17 5 115 1147
17 6 969 9687
17 7 267 2674
17 8 1079 10788
17 9 554 5545
17 10 778 7778
17 11 683 6828
17 12 367 3669
17 13 27 272
17 14 952 9516
17 15 661 6613
17 16 415 4145
17 18 622 6223
17 19 479 4788
17 20 882 8822
17 21 192 1920
17 22 650 6503
17 23 559 5593
17 24 876 8764
17 25 726 7263
17 26 151 1512
17 27 947 9467
17 28 1072 10720
17 29 277 2769
17 30 742 7416
17 31 463 4628
17 32 44 441
17 33 737 7374
17 34 581 5812
17 35 238 2379
17 36 462 4625
17 37 652 6523
17 38 295 2948
17 39 367 3667
17 40 628 6278
18 1 656 6559
18 2 571 5709
18 3 572 5718
18 4 736 7356
18 5 724 7244
18 6 534 5341
18 7 477 4772
18 8 705 7049
18 9 135 1345
18 10 204 2039
18 11 194 1943
18 12 608 6079
18 13 599 5991
18 14 683 6831
18 15 495 4951
18 16 507 5072
18 17 622 6223
18 19 150 1495
18 20 393 3930
18 21 731 7314
18 22 106 1064
18 23 818 8184
18 24 647 6474
18 25 555 5554
18 26 519 5190
18 27 680 6799
18 28 684 6841
18 29 346 3458
18 30 785 7846
18 31 256 2564
18 32 630 6301
18 33 696 6957
18 34 662 6617
18 35 525 5250
18 36 322 3215
18 37 75 746
18 38 588 5876
18 39 659 6591
18 40 902 9025
19 1 574 5737
19 2 652 6520
19 3 665 6648
19 4 682 6825
19 5 585 5847
19 6 637 6369
19 7 331 3307
19 8 796 7960
19 9 98 981
19 10 340 3402
19 11 290 2895
19 12 522 5220
19 13 457 4568
19 14 742 7425
19 15 507 5066
19 16 441 4407
19 17 479 4788
19 18 150 1495
19 20 507 5072
19 21 582 5819
19 22 178 1779
19 23 748 7483
19 24 693 6930
19 25 576 5756
19 26 370 3698
19 27 739 7386
19 28 779 7785
19 29 202 2024
19 30 764 7640
19 31 212 2121
19 32 490 4903
19 33 691 6910
19 34 621 6213
19 35 377 3773
19 36 280 2800
19 37 202 2017
19 38 487 4874
19 39 569 5685
19 40 834 8336
20 1 717 7174
20 2 224 2236
20 3 198 1982
20 4 702 7024
20 5 956 9564
20 6 147 1474
20 7 825 8250
20 8 326 3259
20 9 527 5268
20 10 203 2032
20 11 219 2189
20 12 690 6899
20 13 855 8553
20 14 369 3690
20 15 369 3689
20 16 570 5698
20 17 882 8822
20 18 393 3930
20 19 507 5072
20 21 1038 10377
20 22 480 4799
20 23 817 8168
20 24 375 3746
20 25 379 3790
20 26 829 8285
20 27 368 3680
20 28 302 3016
20 29 642 6425
20 30 656 6558
20 31 420 4196
20 32 872 8720
20 33 543 5434
20 34 612 6116
20 35 866 8660
20 36 427 4273
20 37 319 3194
20 38 712 7120
20 39 742 7423
20 40 885 8854
21 1 592 5921
21 2 1107 11072
21 3 1142 11424
21 4 765 7645
21 5 227 2268
21 6 1136 11360
21 7 276 2755
21 8 1257 12565
21 9 636 6356
21 10 910 9098
21 11 828 8276
21 12 558 5576
21 13 216 2155
21 14 1137 11369
21 15 847 8466
21 16 605 6051
21 17 192 1920
21 18 731 7314
21 19 582 5819
21 20 1038 10377
21 22 734 7338
21 23 738 7375
21 24 1063 10631
21 25 913 9134
21 26 214 2138
21 27 1132 11320
21 28 1248 12479
21 29 399 3989
21 30 932 9323
21 31 621 6209
21 32 229 2292
21 33 929 9293
21 34 773 7727
21 35 226 2256
21 36 633 6332
21 37 776 7756
21 38 486 4858
21 39 553 5534
21 40 800 7998
22 1 738 7377
22 2 670 6701
22 3 667 6668
22 4 829 8294
22 5 759 7590
22 6 625 6250
22 7 465 4646
22 8 800 7995
22 9 98 983
22 10 279 2794
22 11 296 2964
22 12 688 6876
22 13 630 6297
22 14 787 7867
22 15 601 6007
22 16 595 5947
22 17 650 6503
22 18 106 1064
22 19 178 1779
22 20 480 4799
22 21 734 7338
22 23 906 9063
22 24 753 7530
22 25 662 6616
22 26 529 5288
22 27 784 7837
22 28 777 7774
22 29 377 3770
22 30 887 8869
22 31 347 3466
22 32 665 6649
22 33 800 8002
22 34 759 7590
22 35 515 5148
22 36 415 4147
22 37 175 1745
22 38 659 6592
22 39 737 7366
22 40 991 9911
23 1 182 1815
23 2 721 7213
23 3 780 7802
23 4 119 1191
23 5 517 5173
23 6 815 8146
23 7 768 7683
23 8 830 8301
23 9 846 8461
23 10 847 8466
23 11 730 7302
23 12 234 2344
23 13 545 5449
23 14 651 6513
23 15 450 4501
23 16 312 3118
23 17 559 5593
23 18 818 8184
23 19 748 7483
23 20 817 8168
23 21 738 7375
23 22 906 9063
23 24 574 5740
23 25 463 4633
23 26 665 6651
23 27 647 6468
23 28 838 8384
23 29 623 6229
23 30 271 2710
23 31 562 5622
23 32 516 5160
23 33 346 3456
23 34 208 2080
23 35 763 7626
23 36 498 4978
23 37 793 7930
23 38 294 2937
23 39 204 2040
23 40 85 853
24 1 556 5565
24 2 178 1780
24 3 237 2370
24 4 457 4568
24 5 909 9090
24 6 291 2906
24 7 932 9322
24 8 256 2565
24 9 757 7573
24 10 529 5288
24 11 460 4596
24 12 557 5572
24 13 850 8505
24 14 80 804
24 15 217 2173
24 16 467 4671
24 17 876 8764
24 18 647 6474
24 19 693 6930
24 20 375 3746
24 21 1063 10631
24 22 753 7530
24 23 574 5740
24 25 150 1502
24 26 887 8871
24 27 75 755
24 28 267 2670
24 29 729 7289
24 30 337 3366
24 31 503 5031
24 32 849 8491
24 33 232 2323
24 34 378 3781
24 35 958 9581
24 36 457 4566
24 37 580 5797
24 38 613 6128
24 39 595 5950
24 40 618 6184
25 1 417 4171
25 2 259 2591
25 3 317 3171
25 4 344 3444
25 5 760 7597
25 6 352 3523
25 7 791 7909
25 8 382 3825
25 9 650 6503
25 10 480 4798
25 11 386 3858
25 12 413 4126
25 13 700 7004
25 14 227 2274
25 15 72 724
25 16 318 3176
25 17 726 7263
25 18 555 5554
25 19 576 5756
25 20 379 3790
25 21 913 9134
25 22 662 6616
25 23 463 4633
25 24 150 1502
25 26 741 7405
25 27 222 2224
25 28 385 3854
25 29 588 5884
25 30 277 2771
25 31 373 3730
25 32 699 6990
25 33 166 1657
25 34 256 2565
25 35 814 8145
25 36 319 3187
25 37 496 4959
25 38 465 4650
25 39 454 4537
25 40 521 5213
26 1 493 4929
26 2 913 9126
26 3 944 9437
26 4 659 6594
26 5 265 2645
26 6 933 9330
26 7 117 1172
26 8 1063 10627
26 9 431 4307
26 10 696 6961
26 11 616 6159
26 12 446 4464
26 13 145 1452
26 14 957 9567
26 15 670 6702
26 16 455 4553
26 17 151 1512
26 18 519 5190
26 19 370 3698
26 20 829 8285
26 21 214 2138
26 22 529 5288
26 23 665 6651
26 24 887 8871
26 25 741 7405
26 27 952 9519
26 28 1052 10521
26 29 187 1865
26 30 809 8087
26 31 417 4170
26 32 187 1871
26 33 784 7840
26 34 645 6446
26 35 98 979
26 36 439 4392
26 37 562 5619
26 38 376 3765
26 39 462 4623
26 40 741 7409
27 1 632 6319
27 2 149 1487
27 3 199 1989
27 4 530 5303
27 5 982 9820
27 6 259 2587
27 7 992 9920
27 8 188 1876
27 9 797 7965
27 10 542 5423
27 11 487 4874
27 12 632 6322
27 13 920 9205
27 14 5 50
27 15 286 2855
27 16 540 5400
27 17 947 9467
27 18 680 6799
27 19 739 7386
27 20 368 3680
27 21 1132 11320
27 22 784 7837
27 23 647 6468
27 24 75 755
27 25 222 2224
27 26 952 9519
27 28 202 2021
27 29 789 7889
27 30 402 4017
27 31 558 5581
27 32 920 9204
27 33 303 3026
27 34 453 4530
27 35 1020 10199
27 36 517 5167
27 37 609 6092
27 38 687 6868
27 39 670 6703
27 40 688 6883
28 1 802 8018
28 2 141 1411
28 3 114 1137
28 4 720 7200
28 5 1123 11230
28 6 154 1542
28 7 1072 10720
28 8 28 285
28 9 814 8145
28 10 504 5043
28 11 494 4942
28 12 793 7934
28 13 1045 10450
28 14 199 1987
28 15 429 4291
28 16 688 6877
28 17 1072 10720
28 18 684 6841
28 19 779 7785
28 20 302 3016
28 21 1248 12479
28 22 777 7774
28 23 838 8384
28 24 267 2670
28 25 385 3854
28 26 1052 10521
28 27 202 2021
28 29 874 8744
28 30 602 6025
28 31 637 6372
28 32 1052 10516
28 33 499 4993
28 34 637 6371
28 35 1107 11069
28 36 615 6150
28 37 610 6095
28 38 839 8390
28 39 837 8373
28 40 885 8852
29 1 441 4414
29 2 737 7367
29 3 764 7642
29 4 584 5844
29 5 382 3825
29 6 750 7504
29 7 203 2033
29 8 887 8867
29 9 285 2845
29 10 512 5120
29 11 429 4293
29 12 389 3886
29 13 254 2545
29 14 793 7934
29 15 516 5162
29 16 349 3486
29 17 277 2769
29 18 346 3458
29 19 202 2024
29 20 642 6425
29 21 399 3989
29 22 377 3770
29 23 623 6229
29 24 729 7289
29 25 588 5884
29 26 187 1865
29 27 789 7889
29 28 874 8744
29 30 706 7061
29 31 237 2374
29 32 288 2882
29 33 660 6599
29 34 546 5461
29 35 233 2330
29 36 272 2725
29 37 381 3805
29 38 335 3349
29 39 424 4243
29 40 706 7064
30 1 343 3434
30 2 506 5063
30 3 567 5669
30 4 179 1787
30 5 732 7322
30 6 613 6131
30 7 891 8906
30 8 589 5893
30 9 853 8533
30 10 746 7458
30 11 641 6413
30 12 375 3748
30 13 721 7207
30 14 406 4056
30 15 306 3062
30 16 359 3593
30 17 742 7416
30 18 785 7846
30 19 764 7640
30 20 656 6558
30 21 932 9323
30 22 887 8869
30 23 271 2710
30 24 337 3366
30 25 277 2771
30 26 809 8087
30 27 402 4017
30 28 602 6025
30 29 706 7061
30 31 553 5526
30 32 703 7032
30 33 113 1131
30 34 164 1641
30 35 899 8994
30 36 484 4841
30 37 737 7371
30 38 447 4468
30 39 384 3844
30 40 293 2929
31 1 401 4010
31 2 499 4994
31 3 527 5274
31 4 483 4829
31 5 542 5423
31 6 516 5162
31 7 437 4375
31 8 649 6493
31 9 301 3013
31 10 334 3342
31 11 226 2259
31 12 355 3547
31 13 436 4360
31 14 562 5625
31 15 302 3016
31 16 251 2508
31 17 463 4628
31 18 256 2564
31 19 212 2121
31 20 420 4196
31 21 621 6209
31 22 347 3466
31 23 562 5622
31 24 503 5031
31 25 373 3730
31 26 417 4170
31 27 558 5581
31 28 637 6372
31 29 237 2374
31 30 553 5526
31 32 455 4547
31 33 479 4793
31 34 415 4146
31 35 470 4702
31 36 69 692
31 37 240 2400
31 38 344 3436
31 39 407 4073
31 40 646 6464
32 1 363 3635
32 2 911 9107
32 3 952 9516
32 4 536 5360
32 5 94 944
32 6 953 9530
32 7 304 3043
32 8 1057 10575
32 9 571 5708
32 10 777 7770
32 11 678 6780
32 12 329 3285
32 13 42 421
32 14 925 9254
32 15 636 6357
32 16 384 3840
32 17 44 441
32 18 630 6301
32 19 490 4903
32 20 872 8720
32 21 229 2292
32 22 665 6649
32 23 516 5160
32 24 849 8491
32 25 699 6990
32 26 187 1871
32 27 920 9204
32 28 1052 10516
32 29 288 2882
32 30 703 7032
32 31 455 4547
32 33 703 7029
32 34 544 5441
32 35 278 2781
32 36 448 4479
32 37 655 6554
32 38 257 2570
32 39 325 3254
32 40 584 5839
33 1 364 3638
33 2 396 3959
33 3 457 4566
33 4 232 2322
33 5 746 7455
33 6 501 5012
33 7 854 8543
33 8 488 4885
33 9 775 7754
33 10 641 6411
33 11 541 5408
33 12 381 3807
33 13 714 7141
33 14 307 3069
33 15 204 2042
33 16 329 3292
33 17 737 7374
33 18 696 6957
33 19 691 6910
33 20 543 5434
33 21 929 9293
33 22 800 8002
33 23 346 3456
33 24 232 2323
33 25 166 1657
33 26 784 7840
33 27 303 3026
33 28 499 4993
33 29 660 6599
33 30 113 1131
33 31 479 4793
33 32 703 7029
33 34 170 1695
33 35 869 8691
33 36 414 4138
33 37 643 6430
33 38 448 4481
33 39 405 4052
33 40 386 3861
34 1 195 1947
34 2 515 5154
34 3 574 5736
34 4 91 909
34 5 580 5803
34 6 607 6068
34 7 727 7272
34 8 631 6309
34 9 715 7147
34 10 659 6586
34 11 545 5451
34 12 217 2165
34 13 559 5594
34 14 458 4578
34 15 243 2432
34 16 198 1976
34 17 581 5812
34 18 662 6617
34 19 621 6213
34 20 612 6116
34 21 773 7727
34 22 759 7590
34 23 208 2080
34 24 378 3781
34 25 256 2565
34 26 645 6446
34 27 453 4530
34 28 637 6371
34 29 546 5461
34 30 164 1641
34 31 415 4146
34 32 544 5441
34 33 170 1695
34 35 735 7354
34 36 345 3455
34 37 624 6241
34 38 287 2871
34 39 236 2364
34 40 274 2739
35 1 589 5893
35 2 970 9695
35 3 996 9961
35 4 754 7541
35 5 345 3448
35 6 980 9802
35 7 51 506
35 8 1119 11195
35 9 418 4176
35 10 716 7160
35 11 649 6485
35 12 542 5418
35 13 238 2375
35 14 1025 10246
35 15 743 7429
35 16 543 5427
35 17 238 2379
35 18 525 5250
35 19 377 3773
35 20 866 8660
35 21 226 2256
35 22 515 5148
35 23 763 7626
35 24 958 9581
35 25 814 8145
35 26 98 979
35 27 1020 10199
35 28 1107 11069
35 29 233 2330
35 30 899 8994
35 31 470 4702
35 32 278 2781
35 33 869 8691
35 34 735 7354
35 36 503 5033
35 37 578 5781
35 38 473 4728
35 39 560 5595
35 40 839 8388
36 1 343 3430
36 2 475 4746
36 3 509 5094
36 4 415 4149
36 5 530 5298
36 6 506 5062
36 7 476 4757
36 8 624 6244
36 9 370 3703
36 10 374 3738
36 11 259 2586
36 12 300 2999
36 13 435 4353
36 14 521 5213
36 15 246 2463
36 16 189 1886
36 17 462 4625
36 18 322 3215
36 19 280 2800
36 20 427 4273
36 21 633 6332
36 22 415 4147
36 23 498 4978
36 24 457 4566
36 25 319 3187
36 26 439 4392
36 27 517 5167
36 28 615 6150
36 29 272 2725
36 30 484 4841
36 31 69 692
36 32 448 4479
36 33 414 4138
36 34 345 3455
36 35 503 5033
36 37 297 2970
36 38 300 2996
36 39 354 3536
36 40 581 5813
37 1 639 6393
37 2 497 4972
37 3 497 4973
37 4 703 7027
37 5 749 7485
37 6 460 4596
37 7 532 5321
37 8 630 6304
37 9 207 2074
37 10 139 1386
37 11 122 1219
37 12 594 5942
37 13 628 6277
37 14 612 6122
37 15 440 4398
37 16 486 4856
37 17 652 6523
37 18 75 746
37 19 202 2017
37 20 319 3194
37 21 776 7756
37 22 175 1745
37 23 793 7930
37 24 580 5797
37 25 496 4959
37 26 562 5619
37 27 609 6092
37 28 610 6095
37 29 381 3805
37 30 737 7371
37 31 240 2400
37 32 655 6554
37 33 643 6430
37 34 624 6241
37 35 578 5781
37 36 297 2970
37 38 583 5827
37 39 647 6471
37 40 876 8755
38 1 116 1165
38 2 701 7010
38 3 750 7495
38 4 285 2851
38 5 299 2992
38 6 763 7629
38 7 476 4755
38 8 841 8406
38 9 585 5848
38 10 673 6729
38 11 558 5582
38 12 72 724
38 13 274 2741
38 14 692 6918
38 15 411 4105
38 16 151 1515
38 17 295 2948
38 18 588 5876
38 19 487 4874
38 20 712 7120
38 21 486 4858
38 22 659 6592
38 23 294 2937
38 24 613 6128
38 25 465 4650
38 26 376 3765
38 27 687 6868
38 28 839 8390
38 29 335 3349
38 30 447 4468
38 31 344 3436
38 32 257 2570
38 33 448 4481
38 34 287 2871
38 35 473 4728
38 36 300 2996
38 37 583 5827
38 39 90 904
38 40 375 3746
39 1 42 417
39 2 704 7037
39 3 756 7563
39 4 211 2114
39 5 348 3478
39 6 777 7766
39 7 564 5643
39 8 836 8358
39 9 666 6665
39 10 726 7257
39 11 609 6089
39 12 54 541
39 13 349 3493
39 14 675 6753
39 15 410 4102
39 16 174 1740
39 17 367 3667
39 18 659 6591
39 19 569 5685
39 20 742 7423
39 21 553 5534
39 22 737 7366
39 23 204 2040
39 24 595 5950
39 25 454 4537
39 26 462 4623
39 27 670 6703
39 28 837 8373
39 29 424 4243
39 30 384 3844
39 31 407 4073
39 32 325 3254
39 33 405 4052
39 34 236 2364
39 35 560 5595
39 36 354 3536
39 37 647 6471
39 38 90 904
39 40 284 2843
40 1 265 2653
40 2 775 7753
40 3 835 8351
40 4 183 1834
40 5 575 5754
40 6 873 8734
40 7 847 8467
40 8 875 8746
40 9 931 9313
40 10 925 9250
40 11 809 8092
40 12 318 3184
40 13 615 6154
40 14 693 6925
40 15 517 5167
40 16 396 3964
40 17 628 6278
40 18 902 9025
40 19 834 8336
40 20 885 8854
40 21 800 7998
40 22 991 9911
40 23 85 853
40 24 618 6184
40 25 521 5213
40 26 741 7409
40 27 688 6883
40 28 885 8852
40 29 706 7064
40 30 293 2929
40 31 646 6464
40 32 584 5839
40 33 386 3861
40 34 274 2739
40 35 839 8388
40 36 581 5813
40 37 876 8755
40 38 375 3746
40 39 284 2843
