40
334
39
5
36
1
18
20
29
21
24
16
22
29
20
13
39
15
7
3
19
17
40
36
33
6
32
30
34
21
10
1 2 765 7653
1 3 781 7813
1 4 773 7731
1 5 599 5989
1 6 575 5752
1 7 277 2771
1 8 326 3262
1 9 599 5985
1 10 10 101
1 11 733 7333
1 12 847 8471
1 13 738 7385
1 14 53 535
1 15 397 3973
1 16 401 4005
1 17 921 9212
1 18 511 5106
1 19 761 7612
1 20 808 8079
1 21 715 7148
1 22 487 4873
1 23 275 2747
1 24 164 1641
1 25 1005 10054
1 26 703 7028
1 27 1008 10077
1 28 297 2966
1 29 934 9336
1 30 671 6709
1 31 694 6935
1 32 877 8769
1 33 998 9983
1 34 471 4707
1 35 733 7329
1 36 59 595
1 37 342 3422
1 38 316 3164
1 39 669 6686
1 40 725 7247
2 1 765 7653
2 3 52 516
2 4 444 4441
2 5 382 3823
2 6 340 3399
2 7 584 5841
2 8 480 4803
2 9 604 6039
2 10 772 7721
2 11 446 4457
2 12 288 2881
2 13 184 1837
2 14 806 8064
2 15 612 6116
2 16 467 4667
2 17 667 6666
2 18 639 6393
2 19 634 6344
2 20 219 2194
2 21 106 1057
2 22 629 6294
2 23 627 6275
2 24 687 6865
2 25 296 2958
2 26 129 1288
2 27 255 2549
2 28 872 8717
2 29 655 6551
2 30 498 4978
2 31 600 5997
2 32 237 2370
2 33 744 7437
2 34 329 3290
2 35 435 4351
2 36 728 7278
2 37 542 5421
2 38 471 4714
2 39 424 4241
2 40 135 1352
3 1 781 7813
3 2 52 516
3 4 496 4957
3 5 356 3558
3 6 386 3857
3 7 585 5847
3 8 484 4840
3 9 651 6515
3 10 788 7876
3 11 497 4971
3 12 336 3364
3 13 235 2353
3 14 824 8244
3 15 650 6504
3 16 503 5027
3 17 718 7180
3 18 683 6835
3 19 686 6855
3 20 269 2687
3 21 81 811
3 22 611 6109
3 23 626 6264
3 24 712 7119
3 25 253 2535
3 26 103 1031
3 27 228 2276
3 28 903 9028
3 29 706 7062
3 30 548 5480
3 31 650 6499
3 32 186 1855
3 33 795 7947
3 34 329 3294
3 35 487 4866
3 36 741 7408
3 37 576 5763
3 38 479 4787
3 39 390 3897
3 40 187 1866
4 1 773 7731
4 2 444 4441
4 3 496 4957
4 5 732 7321
4 6 224 2241
4 7 747 7474
4 8 650 6496
4 9 268 2683
4 10 783 7829
4 11 42 418
4 12 208 2080
4 13 260 2604
4 14 789 7890
4 15 418 4181
4 16 374 3738
4 17 229 2287
4 18 358 3583
4 19 208 2080
4 20 247 2473
4 21 521 5208
4 22 904 9039
4 23 793 7932
4 24 624 6243
4 25 712 7117
4 26 537 5373
4 27 630 6303
4 28 714 7137
4 29 223 2228
4 30 129 1295
4 31 203 2034
4 32 681 6806
4 33 312 3119
4 34 573 5727
4 35 40 402
4 36 768 7677
4 37 433 4333
4 38 621 6210
4 39 802 8016
4 40 310 3101
5 1 599 5989
5 2 382 3823
5 3 356 3558
5 4 732 7321
5 6 533 5331
5 7 332 3317
5 8 278 2780
5 9 772 7715
5 10 601 6012
5 11 715 7148
5 12 643 6430
5 13 511 5105
5 14 651 6514
5 15 671 6712
5 16 528 5279
5 17 959 9587
5 18 755 7551
5 19 870 8703
5 20 574 5739
5 21 278 2779
5 22 264 2643
5 23 356 3565
5 24 608 6076
5 25 474 4745
5 26 255 2546
5 27 523 5234
5 28 823 8228
5 29 955 9547
5 30 725 7247
5 31 814 8140
5 32 335 3348
5 33 1043 10433
5 34 192 1920
5 35 706 7065
5 36 543 5433
5 37 568 5684
5 38 298 2984
5 39 83 831
5 40 462 4615
6 1 575 5752
6 2 340 3399
6 3 386 3857
6 4 224 2241
6 5 533 5331
6 7 524 5237
6 8 426 4255
6 9 268 2676
6 10 584 5844
6 11 195 1945
6 12 278 2780
6 13 203 2031
6 14 599 5993
6 15 292 2922
6 16 182 1816
6 17 435 4353
6 18 301 3006
6 19 338 3378
6 20 255 2551
6 21 377 3770
6 22 683 6833
6 23 570 5697
6 24 443 4431
6 25 635 6354
6 26 386 3863
6 27 582 5822
6 28 582 5820
6 29 436 4358
6 30 192 1917
6 31 285 2854
6 32 564 5637
6 33 521 5211
6 34 359 3587
6 35 189 1889
6 36 561 5612
6 37 257 2573
6 38 397 3969
6 39 609 6091
6 40 222 2218
7 1 277 2771
7 2 584 5841
7 3 585 5847
7 4 747 7474
7 5 332 3317
7 6 524 5237
7 8 108 1075
7 9 666 6663
7 10 277 2775
7 11 715 7150
7 12 751 7505
7 13 621 6207
7 14 331 3306
7 15 497 4974
7 16 407 4072
7 17 944 9441
7 18 609 6087
7 19 810 8095
7 20 694 6945
7 21 508 5075
7 22 229 2293
7 23 47 469
7 24 338 3377
7 25 776 7761
7 26 490 4901
7 27 799 7988
7 28 542 5420
7 29 949 9492
7 30 683 6829
7 31 742 7423
7 32 640 6398
7 33 1029 10286
7 34 256 2557
7 35 711 7106
7 36 218 2185
7 37 399 3989
7 38 129 1290
7 39 395 3952
7 40 590 5896
8 1 326 3262
8 2 480 4803
8 3 484 4840
8 4 650 6496
8 5 278 2780
8 6 426 4255
8 7 108 1075
8 9 593 5932
8 10 330 3297
8 11 619 6191
8 12 644 6439
8 13 513 5134
8 14 377 3773
8 15 444 4441
8 16 331 3306
8 17 854 8535
8 18 548 5478
8 19 727 7272
8 20 587 5872
8 21 409 4091
8 22 276 2759
8 23 154 1540
8 24 334 3338
8 25 688 6882
8 26 393 3934
8 27 703 7029
8 28 549 5486
8 29 857 8570
8 30 594 5943
8 31 662 6616
8 32 555 5555
8 33 939 9388
8 34 156 1555
8 35 614 6141
8 36 274 2744
8 37 340 3402
8 38 33 331
8 39 354 3541
8 40 482 4820
9 1 599 5985
9 2 604 6039
9 3 651 6515
9 4 268 2683
9 5 772 7715
9 6 268 2676
9 7 666 6663
9 8 593 5932
9 10 609 6086
9 11 231 2308
9 12 455 4547
9 13 443 4434
9 14 599 5993
9 15 202 2019
9 16 263 2627
9 17 330 3301
9 18 101 1011
9 19 164 1639
9 20 468 4681
9 21 644 6444
9 22 869 8689
9 23 706 7057
9 24 435 4353
9 25 897 8975
9 26 653 6529
9 27 835 8354
9 28 468 4677
9 29 347 3465
9 30 140 1404
9 31 99 992
9 32 831 8312
9 33 402 4020
9 34 583 5828
9 35 238 2384
9 36 612 6115
9 37 273 2735
9 38 560 5603
9 39 852 8522
9 40 477 4766
10 1 10 101
10 2 772 7721
10 3 788 7876
10 4 783 7829
10 5 601 6012
10 6 584 5844
10 7 277 2775
10 8 330 3297
10 9 609 6086
10 11 743 7431
10 12 856 8560
10 13 747 7468
10 14 54 543
10 15 407 4073
10 16 410 4101
10 17 931 9313
10 18 521 5206
10 19 771 7713
10 20 816 8164
10 21 721 7205
10 22 485 4851
10 23 273 2734
10 24 174 1741
10 25 1011 10106
10 26 708 7084
10 27 1014 10137
10 28 303 3029
10 29 944 9436
10 30 681 6809
10 31 704 7036
10 32 882 8816
10 33 1008 10084
10 34 475 4754
10 35 743 7427
10 36 59 590
10 37 352 3522
10 38 321 3208
10 39 670 6702
10 40 733 7327
11 1 733 7333
11 2 446 4457
11 3 497 4971
11 4 42 418
11 5 715 7148
11 6 195 1945
11 7 715 7150
11 8 619 6191
11 9 231 2308
11 10 743 7431
11 12 232 2322
11 13 264 2636
11 14 748 7484
11 15 376 3763
11 16 335 3350
11 17 244 2442
11 18 318 3183
11 19 192 1919
11 20 262 2621
11 21 516 5158
11 22 878 8775
11 23 760 7604
11 24 583 5834
11 25 722 7218
11 26 531 5309
11 27 645 6447
11 28 672 6721
11 29 242 2424
11 30 91 906
11 31 175 1750
11 32 683 6826
11 33 330 3295
11 34 550 5495
11 35 11 107
11 36 729 7290
11 37 393 3928
11 38 590 5898
11 39 786 7865
11 40 310 3105
12 1 847 8471
12 2 288 2881
12 3 336 3364
12 4 208 2080
12 5 643 6430
12 6 278 2780
12 7 751 7505
12 8 644 6439
12 9 455 4547
12 10 856 8560
12 11 232 2322
12 13 136 1356
12 14 874 8744
12 15 557 5565
12 16 460 4596
12 17 399 3991
12 18 529 5292
12 19 416 4159
12 20 70 701
12 21 386 3860
12 22 860 8597
12 23 797 7974
12 24 721 7208
12 25 519 5190
12 26 407 4072
12 27 430 4297
12 28 854 8535
12 29 383 3831
12 30 317 3169
12 31 407 4071
12 32 511 5109
12 33 468 4684
12 34 525 5255
12 35 222 2225
12 36 827 8275
12 37 535 5350
12 38 622 6222
12 39 698 6984
12 40 182 1816
13 1 738 7385
13 2 184 1837
13 3 235 2353
13 4 260 2604
13 5 511 5105
13 6 203 2031
13 7 621 6207
13 8 513 5134
13 9 443 4434
13 10 747 7468
13 11 264 2636
13 12 136 1356
13 14 770 7704
13 15 495 4951
13 16 373 3726
13 17 484 4839
13 18 496 4961
13 19 454 4543
13 20 74 738
13 21 267 2668
13 22 724 7241
13 23 667 6673
13 24 626 6259
13 25 461 4609
13 26 286 2857
13 27 392 3923
13 28 782 7815
13 29 473 4733
13 30 324 3237
13 31 425 4251
13 32 420 4203
13 33 562 5624
13 34 390 3904
13 35 253 2529
13 36 713 7134
13 37 451 4512
13 38 494 4936
13 39 570 5696
13 40 52 522
14 1 53 535
14 2 806 8064
14 3 824 8244
14 4 789 7890
14 5 651 6514
14 6 599 5993
14 7 331 3306
14 8 377 3773
14 9 599 5993
14 10 54 543
14 11 748 7484
14 12 874 8744
14 13 770 7704
14 15 398 3975
14 16 421 4205
14 17 926 9261
14 18 507 5069
14 19 763 7630
14 20 838 8384
14 21 760 7598
14 22 539 5394
14 23 328 3276
14 24 166 1664
14 25 1052 10522
14 26 749 7486
14 27 1051 10515
14 28 257 2567
14 29 940 9397
14 30 681 6814
14 31 696 6963
14 32 925 9251
14 33 1001 10010
14 34 519 5189
14 35 749 7488
14 36 113 1127
14 37 356 3557
14 38 366 3658
14 39 722 7217
14 40 760 7596
15 1 397 3973
15 2 612 6116
15 3 650 6504
15 4 418 4181
15 5 671 6712
15 6 292 2922
15 7 497 4974
15 8 444 4441
15 9 202 2019
15 10 407 4073
15 11 376 3763
15 12 557 5565
15 13 495 4951
15 14 398 3975
15 16 153 1529
15 17 529 5294
15 18 116 1164
15 19 365 3655
15 20 545 5448
15 21 619 6186
15 22 716 7160
15 23 532 5316
15 24 234 2336
15 25 904 9038
15 26 620 6199
15 27 864 8636
15 28 299 2987
15 29 544 5440
15 30 296 2965
15 31 299 2989
15 32 811 8107
15 33 603 6035
15 34 480 4802
15 35 380 3796
15 36 413 4134
15 37 105 1048
15 38 412 4116
15 39 754 7543
15 40 509 5094
16 1 401 4005
16 2 467 4667
16 3 503 5027
16 4 374 3738
16 5 528 5279
16 6 182 1816
16 7 407 4072
16 8 331 3306
16 9 263 2627
16 10 410 4101
16 11 335 3350
16 12 460 4596
16 13 373 3726
16 14 421 4205
16 15 153 1529
16 17 544 5441
16 18 228 2277
16 19 403 4026
16 20 433 4328
16 21 467 4670
16 22 606 6063
16 23 449 4487
16 24 262 2617
16 25 755 7554
16 26 468 4676
16 27 721 7209
16 28 411 4110
16 29 552 5521
16 30 283 2834
16 31 335 3352
16 32 659 6587
16 33 627 6269
16 34 336 3360
16 35 334 3338
16 36 394 3941
16 37 79 787
16 38 298 2976
16 39 611 6107
16 40 377 3769
17 1 921 9212
17 2 667 6666
17 3 718 7180
17 4 229 2287
17 5 959 9587
17 6 435 4353
17 7 944 9441
17 8 854 8535
17 9 330 3301
17 10 931 9313
17 11 244 2442
17 12 399 3991
17 13 484 4839
17 14 926 9261
17 15 529 5294
17 16 544 5441
17 18 429 4295
17 19 169 1689
17 20 456 4561
17 21 748 7481
17 22 1118 11178
17 23 988 9880
17 24 760 7604
17 25 918 9180
17 26 765 7651
17 27 827 8274
17 28 792 7920
17 29 26 261
17 30 262 2615
17 31 231 2311
17 32 901 9008
17 33 86 858
17 34 793 7929
17 35 252 2523
17 36 928 9277
17 37 583 5827
17 38 823 8228
17 39 1029 10294
17 40 535 5352
18 1 511 5106
18 2 639 6393
18 3 683 6835
18 4 358 3583
18 5 755 7551
18 6 301 3006
18 7 609 6087
18 8 548 5478
18 9 101 1011
18 10 521 5206
18 11 318 3183
18 12 529 5292
18 13 496 4961
18 14 507 5069
18 15 116 1164
18 16 228 2277
18 17 429 4295
18 19 261 2614
18 20 532 5323
18 21 665 6646
18 22 823 8226
18 23 645 6446
18 24 347 3465
18 25 935 9351
18 26 670 6697
18 27 882 8824
18 28 367 3667
18 29 447 4468
18 30 229 2290
18 31 200 1996
18 32 856 8557
18 33 498 4985
18 34 563 5633
18 35 324 3244
18 36 529 5291
18 37 210 2100
18 38 515 5148
18 39 838 8377
18 40 521 5214
19 1 761 7612
19 2 634 6344
19 3 686 6855
19 4 208 2080
19 5 870 8703
19 6 338 3378
19 7 810 8095
19 8 727 7272
19 9 164 1639
19 10 771 7713
19 11 192 1919
19 12 416 4159
19 13 454 4543
19 14 763 7630
19 15 365 3655
19 16 403 4026
19 17 169 1689
19 18 261 2614
19 20 453 4529
19 21 698 6976
19 22 999 9994
19 23 851 8513
19 24 599 5986
19 25 914 9136
19 26 711 7108
19 27 836 8360
19 28 623 6232
19 29 188 1881
19 30 146 1463
19 31 69 686
19 32 871 8709
19 33 238 2381
19 34 691 6906
19 35 203 2026
19 36 772 7719
19 37 429 4292
19 38 695 6950
19 39 947 9469
19 40 499 4994
20 1 808 8079
20 2 219 2194
20 3 269 2687
20 4 247 2473
20 5 574 5739
20 6 255 2551
20 7 694 6945
20 8 587 5872
20 9 468 4681
20 10 816 8164
20 11 262 2621
20 12 70 701
20 13 74 738
20 14 838 8384
20 15 545 5448
20 16 433 4328
20 17 456 4561
20 18 532 5323
20 19 453 4529
20 21 316 3161
20 22 795 7946
20 23 741 7411
20 24 690 6904
20 25 465 4653
20 26 337 3371
20 27 383 3833
20 28 837 8371
20 29 442 4422
20 30 337 3371
20 31 434 4343
20 32 447 4466
20 33 529 5294
20 34 462 4624
20 35 251 2515
20 36 784 7844
20 37 511 5105
20 38 567 5673
20 39 629 6285
20 40 114 1136
21 1 715 7148
21 2 106 1057
21 3 81 811
21 4 521 5208
21 5 278 2779
21 6 377 3770
21 7 508 5075
21 8 409 4091
21 9 644 6444
21 10 721 7205
21 11 516 5158
21 12 386 3860
21 13 267 2668
21 14 760 7598
21 15 619 6186
21 16 467 4670
21 17 748 7481
21 18 665 6646
21 19 698 6976
21 20 316 3161
21 22 530 5302
21 23 548 5483
21 24 657 6566
21 25 297 2969
21 26 23 233
21 27 294 2945
21 28 855 8549
21 29 739 7388
21 30 555 5548
21 31 655 6552
21 32 192 1922
21 33 828 8282
21 34 254 2536
21 35 506 5057
21 36 672 6716
21 37 536 5360
21 38 406 4063
21 39 319 3186
21 40 215 2146
22 1 487 4873
22 2 629 6294
22 3 611 6109
22 4 904 9039
22 5 264 2643
22 6 683 6833
22 7 229 2293
22 8 276 2759
22 9 869 8689
22 10 485 4851
22 11 878 8775
22 12 860 8597
22 13 724 7241
22 14 539 5394
22 15 716 7160
22 16 606 6063
22 17 1118 11178
22 18 823 8226
22 19 999 9994
22 20 795 7946
22 21 530 5302
22 23 215 2146
22 24 567 5668
22 25 735 7353
22 26 508 5078
22 27 788 7877
22 28 768 7679
22 29 1119 11191
22 30 863 8626
22 31 935 9349
22 32 596 5964
22 33 1204 12035
22 34 336 3365
22 35 871 8713
22 36 428 4283
22 37 614 6135
22 38 309 3090
22 39 280 2798
22 40 681 6814
23 1 275 2747
23 2 627 6275
23 3 626 6264
23 4 793 7932
23 5 356 3565
23 6 570 5697
23 7 47 469
23 8 154 1540
23 9 706 7057
23 10 273 2734
23 11 760 7604
23 12 797 7974
23 13 667 6673
23 14 328 3276
23 15 532 5316
23 16 449 4487
23 17 988 9880
23 18 645 6446
23 19 851 8513
23 20 741 7411
23 21 548 5483
23 22 215 2146
23 24 357 3572
23 25 811 8113
23 26 530 5302
23 27 838 8377
23 28 554 5537
23 29 994 9935
23 30 727 7266
23 31 784 7838
23 32 674 6737
23 33 1072 10723
23 34 299 2985
23 35 756 7562
23 36 215 2153
23 37 436 4357
23 38 176 1759
23 39 414 4137
23 40 636 6358
24 1 164 1641
24 2 687 6865
24 3 712 7119
24 4 624 6243
24 5 608 6076
24 6 443 4431
24 7 338 3377
24 8 334 3338
24 9 435 4353
24 10 174 1741
24 11 583 5834
24 12 721 7208
24 13 626 6259
24 14 166 1664
24 15 234 2336
24 16 262 2617
24 17 760 7604
24 18 347 3465
24 19 599 5986
24 20 690 6904
24 21 657 6566
24 22 567 5668
24 23 357 3572
24 25 953 9535
24 26 649 6495
24 27 939 9389
24 28 215 2152
24 29 774 7737
24 30 515 5151
24 31 531 5313
24 32 836 8363
24 33 836 8362
24 34 442 4416
24 35 584 5842
24 36 188 1882
24 37 192 1916
24 38 310 3097
24 39 687 6865
24 40 622 6216
25 1 1005 10054
25 2 296 2958
25 3 253 2535
25 4 712 7117
25 5 474 4745
25 6 635 6354
25 7 776 7761
25 8 688 6882
25 9 897 8975
25 10 1011 10106
25 11 722 7218
25 12 519 5190
25 13 461 4609
25 14 1052 10522
25 15 904 9038
25 16 755 7554
25 17 918 9180
25 18 935 9351
25 19 914 9136
25 20 465 4653
25 21 297 2969
25 22 735 7353
25 23 811 8113
25 24 953 9535
25 26 305 3048
25 27 108 1080
25 28 1151 11509
25 29 902 9019
25 30 784 7844
25 31 886 8859
25 32 140 1398
25 33 986 9861
25 34 536 5357
25 35 711 7110
25 36 959 9591
25 37 828 8279
25 38 691 6911
25 39 462 4620
25 40 422 4216
26 1 703 7028
26 2 129 1288
26 3 103 1031
26 4 537 5373
26 5 255 2546
26 6 386 3863
26 7 490 4901
26 8 393 3934
26 9 653 6529
26 10 708 7084
26 11 531 5309
26 12 407 4072
26 13 286 2857
26 14 749 7486
26 15 620 6199
26 16 468 4676
26 17 765 7651
26 18 670 6697
26 19 711 7108
26 20 337 3371
26 21 23 233
26 22 508 5078
26 23 530 5302
26 24 649 6495
26 25 305 3048
26 27 310 3095
26 28 850 8502
26 29 756 7563
26 30 567 5670
26 31 667 6668
26 32 192 1917
26 33 846 8458
26 34 238 2379
26 35 521 5210
26 36 659 6586
26 37 535 5348
26 38 392 3920
26 39 296 2957
26 40 233 2335
27 1 1008 10077
27 2 255 2549
27 3 228 2276
27 4 630 6303
27 5 523 5234
27 6 582 5822
27 7 799 7988
27 8 703 7029
27 9 835 8354
27 10 1014 10137
27 11 645 6447
27 12 430 4297
27 13 392 3923
27 14 1051 10515
27 15 864 8636
27 16 721 7209
27 17 827 8274
27 18 882 8824
27 19 836 8360
27 20 383 3833
27 21 294 2945
27 22 788 7877
27 23 838 8377
27 24 939 9389
27 25 108 1080
27 26 310 3095
27 28 1127 11266
27 29 810 8100
27 30 714 7142
27 31 814 8142
27 32 203 2034
27 33 892 8922
27 34 547 5474
27 35 634 6340
27 36 966 9657
27 37 797 7969
27 38 701 7007
27 39 526 5264
27 40 361 3611
28 1 297 2966
28 2 872 8717
28 3 903 9028
28 4 714 7137
28 5 823 8228
28 6 582 5820
28 7 542 5420
28 8 549 5486
28 9 468 4677
28 10 303 3029
28 11 672 6721
28 12 854 8535
28 13 782 7815
28 14 257 2567
28 15 299 2987
28 16 411 4110
28 17 792 7920
28 18 367 3667
28 19 623 6232
28 20 837 8371
28 21 855 8549
28 22 768 7679
28 23 554 5537
28 24 215 2152
28 25 1151 11509
28 26 850 8502
28 27 1127 11266
28 29 811 8109
28 30 588 5878
28 31 565 5654
28 32 1040 10401
28 33 855 8547
28 34 654 6536
28 35 676 6761
28 36 349 3494
28 37 333 3326
28 38 525 5249
28 39 902 9017
28 40 788 7879
29 1 934 9336
29 2 655 6551
29 3 706 7062
29 4 223 2228
29 5 955 9547
29 6 436 4358
29 7 949 9492
29 8 857 8570
29 9 347 3465
29 10 944 9436
29 11 242 2424
29 12 383 3831
29 13 473 4733
29 14 940 9397
29 15 544 5440
29 16 552 5521
29 17 26 261
29 18 447 4468
29 19 188 1881
29 20 442 4422
29 21 739 7388
29 22 1119 11191
29 23 994 9935
29 24 774 7737
29 25 902 9019
29 26 756 7563
29 27 810 8100
29 28 811 8109
29 30 269 2687
29 31 247 2474
29 32 888 8880
29 33 90 895
29 34 792 7919
29 35 250 2497
29 36 939 9386
29 37 594 5937
29 38 827 8267
29 39 1024 10243
29 40 525 5250
30 1 671 6709
30 2 498 4978
30 3 548 5480
30 4 129 1295
30 5 725 7247
30 6 192 1917
30 7 683 6829
30 8 594 5943
30 9 140 1404
30 10 681 6809
30 11 91 906
30 12 317 3169
30 13 324 3237
30 14 681 6814
30 15 296 2965
30 16 283 2834
30 17 262 2615
30 18 229 2290
30 19 146 1463
30 20 337 3371
30 21 555 5548
30 22 863 8626
30 23 727 7266
30 24 515 5151
30 25 784 7844
30 26 567 5670
30 27 714 7142
30 28 588 5878
30 29 269 2687
30 31 102 1020
30 32 732 7325
30 33 346 3457
30 34 547 5471
30 35 98 980
30 36 672 6724
30 37 329 3288
30 38 563 5631
30 39 801 8008
30 40 364 3643
31 1 694 6935
31 2 600 5997
31 3 650 6499
31 4 203 2034
31 5 814 8140
31 6 285 2854
31 7 742 7423
31 8 662 6616
31 9 99 992
31 10 704 7036
31 11 175 1750
31 12 407 4071
31 13 425 4251
31 14 696 6963
31 15 299 2989
31 16 335 3352
31 17 231 2311
31 18 200 1996
31 19 69 686
31 20 434 4343
31 21 655 6552
31 22 935 9349
31 23 784 7838
31 24 531 5313
31 25 886 8859
31 26 667 6668
31 27 814 8142
31 28 565 5654
31 29 247 2474
31 30 102 1020
31 32 834 8342
31 33 305 3049
31 34 631 6311
31 35 185 1849
31 36 704 7035
31 37 361 3606
31 38 629 6292
31 39 892 8919
31 40 466 4662
32 1 877 8769
32 2 237 2370
32 3 186 1855
32 4 681 6806
32 5 335 3348
32 6 564 5637
32 7 640 6398
32 8 555 5555
32 9 831 8312
32 10 882 8816
32 11 683 6826
32 12 511 5109
32 13 420 4203
32 14 925 9251
32 15 811 8107
32 16 659 6587
32 17 901 9008
32 18 856 8557
32 19 871 8709
32 20 447 4466
32 21 192 1922
32 22 596 5964
32 23 674 6737
32 24 836 8363
32 25 140 1398
32 26 192 1917
32 27 203 2034
32 28 1040 10401
32 29 888 8880
32 30 732 7325
32 31 834 8342
32 33 976 9758
32 34 406 4063
32 35 672 6721
32 36 829 8285
32 37 726 7264
32 38 561 5609
32 39 326 3264
32 40 372 3722
33 1 998 9983
33 2 744 7437
33 3 795 7947
33 4 312 3119
33 5 1043 10433
33 6 521 5211
33 7 1029 10286
33 8 939 9388
33 9 402 4020
33 10 1008 10084
33 11 330 3295
33 12 468 4684
33 13 562 5624
33 14 1001 10010
33 15 603 6035
33 16 627 6269
33 17 86 858
33 18 498 4985
33 19 238 2381
33 20 529 5294
33 21 828 8282
33 22 1204 12035
33 23 1072 10723
33 24 836 8362
33 25 986 9861
33 26 846 8458
33 27 892 8922
33 28 855 8547
33 29 90 895
33 30 346 3457
33 31 305 3049
33 32 976 9758
33 34 879 8786
33 35 337 3373
33 36 1007 10070
33 37 662 6624
33 38 908 9080
33 39 1113 11134
33 40 614 6142
34 1 471 4707
34 2 329 3290
34 3 329 3294
34 4 573 5727
34 5 192 1920
34 6 359 3587
34 7 256 2557
34 8 156 1555
34 9 583 5828
34 10 475 4754
34 11 550 5495
34 12 525 5255
34 13 390 3904
34 14 519 5189
34 15 480 4802
34 16 336 3360
34 17 793 7929
34 18 563 5633
34 19 691 6906
34 20 462 4624
34 21 254 2536
34 22 336 3365
34 23 299 2985
34 24 442 4416
34 25 536 5357
34 26 238 2379
34 27 547 5474
34 28 654 6536
34 29 792 7919
34 30 547 5471
34 31 631 6311
34 32 406 4063
34 33 879 8786
34 35 542 5423
34 36 423 4234
34 37 379 3785
34 38 155 1554
34 39 275 2748
34 40 351 3510
35 1 733 7329
35 2 435 4351
35 3 487 4866
35 4 40 402
35 5 706 7065
35 6 189 1889
35 7 711 7106
35 8 614 6141
35 9 238 2384
35 10 743 7427
35 11 11 107
35 12 222 2225
35 13 253 2529
35 14 749 7488
35 15 380 3796
35 16 334 3338
35 17 252 2523
35 18 324 3244
35 19 203 2026
35 20 251 2515
35 21 506 5057
35 22 871 8713
35 23 756 7562
35 24 584 5842
35 25 711 7110
35 26 521 5210
35 27 634 6340
35 28 676 6761
35 29 250 2497
35 30 98 980
35 31 185 1849
35 32 672 6721
35 33 337 3373
35 34 542 5423
35 36 728 7278
35 37 393 3931
35 38 585 5850
35 39 778 7777
35 40 300 3000
36 1 59 595
36 2 728 7278
36 3 741 7408
36 4 768 7677
36 5 543 5433
36 6 561 5612
36 7 218 2185
36 8 274 2744
36 9 612 6115
36 10 59 590
36 11 729 7290
36 12 827 8275
36 13 713 7134
36 14 113 1127
36 15 413 4134
36 16 394 3941
36 17 928 9277
36 18 529 5291
36 19 772 7719
36 20 784 7844
36 21 672 6716
36 22 428 4283
36 23 215 2153
36 24 188 1882
36 25 959 9591
36 26 659 6586
36 27 966 9657
36 28 349 3494
36 29 939 9386
36 30 672 6724
36 31 704 7035
36 32 829 8285
36 33 1007 10070
36 34 423 4234
36 35 728 7278
36 37 345 3450
36 38 268 2680
36 39 612 6115
36 40 696 6960
37 1 342 3422
37 2 542 5421
37 3 576 5763
37 4 433 4333
37 5 568 5684
37 6 257 2573
37 7 399 3989
37 8 340 3402
37 9 273 2735
37 10 352 3522
37 11 393 3928
37 12 535 5350
37 13 451 4512
37 14 356 3557
37 15 105 1048
37 16 79 787
37 17 583 5827
37 18 210 2100
37 19 429 4292
37 20 511 5105
37 21 536 5360
37 22 614 6135
37 23 436 4357
37 24 192 1916
37 25 828 8279
37 26 535 5348
37 27 797 7969
37 28 333 3326
37 29 594 5937
37 30 329 3288
37 31 361 3606
37 32 726 7264
37 33 662 6624
37 34 379 3785
37 35 393 3931
37 36 345 3450
37 38 307 3074
37 39 652 6515
37 40 455 4554
38 1 316 3164
38 2 471 4714
38 3 479 4787
38 4 621 6210
38 5 298 2984
38 6 397 3969
38 7 129 1290
38 8 33 331
38 9 560 5603
38 10 321 3208
38 11 590 5898
38 12 622 6222
38 13 494 4936
38 14 366 3658
38 15 412 4116
38 16 298 2976
38 17 823 8228
38 18 515 5148
38 19 695 6950
38 20 567 5673
38 21 406 4063
38 22 309 3090
38 23 176 1759
38 24 310 3097
38 25 691 6911
38 26 392 3920
38 27 701 7007
38 28 525 5249
38 29 827 8267
38 30 563 5631
38 31 629 6292
38 32 561 5609
38 33 908 9080
38 34 155 1554
38 35 585 5850
38 36 268 2680
38 37 307 3074
38 39 377 3768
38 40 465 4646
39 1 669 6686
39 2 424 4241
39 3 390 3897
39 4 802 8016
39 5 83 831
39 6 609 6091
39 7 395 3952
39 8 354 3541
39 9 852 8522
39 10 670 6702
39 11 786 7865
39 12 698 6984
39 13 570 5696
39 14 722 7217
39 15 754 7543
39 16 611 6107
39 17 1029 10294
39 18 838 8377
39 19 947 9469
39 20 629 6285
39 21 319 3186
39 22 280 2798
39 23 414 4137
39 24 687 6865
39 25 462 4620
39 26 296 2957
39 27 526 5264
39 28 902 9017
39 29 1024 10243
39 30 801 8008
39 31 892 8919
39 32 326 3264
39 33 1113 11134
39 34 275 2748
39 35 778 7777
39 36 612 6115
39 37 652 6515
39 38 377 3768
39 40 519 5188
40 1 725 7247
40 2 135 1352
40 3 187 1866
40 4 310 3101
40 5 462 4615
40 6 222 2218
40 7 590 5896
40 8 482 4820
40 9 477 4766
40 10 733 7327
40 11 310 3105
40 12 182 1816
40 13 52 522
40 14 760 7596
40 15 509 5094
40 16 377 3769
40 17 535 5352
40 18 521 5214
40 19 499 4994
40 20 114 1136
40 21 215 2146
40 22 681 6814
40 23 636 6358
40 24 622 6216
40 25 422 4216
40 26 233 2335
40 27 361 3611
40 28 788 7879
40 29 525 5250
40 30 364 3643
40 31 466 4662
40 32 372 3722
40 33 614 6142
40 34 351 3510
40 35 300 3000
40 36 696 6960
40 37 455 4554
40 38 465 4646
40 39 519 5188
