40
10
733
22
13
20
31
3
36
29
30
1
5
33
9
25
18
12
15
28
37
32
26
7
34
11
8
18
6
12
7
9
13
22
40
1 2 114 1137
1 3 558 5585
1 4 417 4168
1 5 597 5966
1 6 523 5235
1 7 940 9396
1 8 397 3972
1 9 671 6713
1 10 322 3222
1 11 708 7079
1 12 427 4267
1 13 1139 11390
1 14 594 5938
1 15 550 5505
1 16 977 9771
1 17 811 8114
1 18 399 3986
1 19 927 9272
1 20 932 9322
1 21 261 2614
1 22 716 7156
1 23 780 7798
1 24 710 7103
1 25 70 700
1 26 252 2522
1 27 36 359
1 28 321 3206
1 29 910 9098
1 30 562 5617
1 31 645 6447
1 32 492 4917
1 33 668 6685
1 34 940 9404
1 35 719 7186
1 36 409 4087
1 37 157 1566
1 38 595 5951
1 39 879 8789
1 40 770 7696
2 1 114 1137
2 3 449 4495
2 4 320 3201
2 5 506 5055
2 6 432 4317
2 7 829 8293
2 8 298 2977
2 9 585 5851
2 10 225 2254
2 11 633 6328
2 12 347 3471
2 13 1034 10343
2 14 524 5244
2 15 513 5127
2 16 867 8672
2 17 698 6980
2 18 376 3762
2 19 829 8291
2 20 838 8376
2 21 220 2198
2 22 610 6101
2 23 702 7025
2 24 602 6016
2 25 173 1733
2 26 139 1392
2 27 117 1166
2 28 218 2183
2 29 806 8064
2 30 513 5127
2 31 568 5681
2 32 378 3781
2 33 587 5868
2 34 827 8268
2 35 630 6296
2 36 296 2963
2 37 236 2359
2 38 481 4814
2 39 787 7870
2 40 688 6881
3 1 558 5585
3 2 449 4495
3 4 177 1767
3 5 191 1908
3 6 168 1685
3 7 517 5170
3 8 180 1804
3 9 551 5508
3 10 378 3778
3 11 645 6453
3 12 467 4669
3 13 767 7666
3 14 600 6000
3 15 710 7104
3 16 557 5569
3 17 286 2858
3 18 659 6587
3 19 646 6465
3 20 681 6812
3 21 535 5345
3 22 411 4106
3 23 684 6844
3 24 152 1521
3 25 623 6225
3 26 331 3310
3 27 566 5661
3 28 242 2421
3 29 366 3659
3 30 673 6734
3 31 594 5936
3 32 134 1336
3 33 578 5784
3 34 414 4137
3 35 562 5624
3 36 237 2368
3 37 620 6201
3 38 151 1505
3 39 395 3951
3 40 650 6498
4 1 417 4168
4 2 320 3201
4 3 177 1767
4 5 187 1873
4 6 114 1141
4 7 679 6788
4 8 27 275
4 9 621 6215
4 10 342 3418
4 11 705 7050
4 12 467 4668
4 13 922 9220
4 14 633 6326
4 15 703 7034
4 16 719 7191
4 17 462 4623
4 18 615 6147
4 19 774 7745
4 20 802 8020
4 21 467 4670
4 22 532 5317
4 23 758 7575
4 24 314 3140
4 25 485 4854
4 26 242 2424
4 27 432 4321
4 28 105 1045
4 29 495 4952
4 30 679 6786
4 31 645 6449
4 32 212 2116
4 33 641 6414
4 34 590 5904
4 35 646 6462
4 36 246 2463
4 37 454 4540
4 38 294 2938
4 39 467 4670
4 40 728 7284
5 1 597 5966
5 2 506 5055
5 3 191 1908
5 4 187 1873
5 6 74 739
5 7 684 6839
5 8 213 2128
5 9 738 7377
5 10 513 5133
5 11 830 8301
5 12 626 6255
5 13 937 9371
5 14 776 7755
5 15 868 8682
5 16 722 7225
5 17 419 4191
5 18 793 7930
5 19 834 8338
5 20 870 8702
5 21 650 6503
5 22 601 6006
5 23 872 8724
5 24 232 2316
5 25 666 6661
5 26 427 4267
5 27 615 6148
5 28 292 2918
5 29 341 3406
5 30 837 8373
5 31 776 7756
5 32 311 3106
5 33 764 7636
5 34 530 5300
5 35 752 7518
5 36 392 3919
5 37 610 6097
5 38 340 3403
5 39 282 2824
5 40 839 8387
6 1 523 5235
6 2 432 4317
6 3 168 1685
6 4 114 1141
6 5 74 739
6 7 683 6831
6 8 140 1402
6 9 694 6941
6 10 447 4473
6 11 783 7835
6 12 565 5650
6 13 934 9340
6 14 722 7217
6 15 806 8058
6 16 723 7227
6 17 434 4341
6 18 725 7247
6 19 813 8129
6 20 846 8459
6 21 580 5796
6 22 574 5740
6 23 830 8300
6 24 258 2576
6 25 593 5929
6 26 355 3553
6 27 541 5412
6 28 218 2185
6 29 402 4023
6 30 777 7774
6 31 727 7265
6 32 266 2663
6 33 718 7178
6 34 554 5539
6 35 712 7123
6 36 334 3342
6 37 542 5424
6 38 317 3167
6 39 356 3559
6 40 798 7979
7 1 940 9396
7 2 829 8293
7 3 517 5170
7 4 679 6788
7 5 684 6839
7 6 683 6831
7 8 671 6712
7 9 429 4291
7 10 629 6294
7 11 506 5057
7 12 590 5905
7 13 254 2535
7 14 565 5646
7 15 739 7387
7 16 40 403
7 17 282 2824
7 18 798 7984
7 19 250 2504
7 20 302 3024
7 21 770 7702
7 22 245 2454
7 23 483 4828
7 24 465 4655
7 25 983 9833
7 26 691 6912
7 27 929 9295
7 28 697 6975
7 29 574 5741
7 30 682 6820
7 31 507 5066
7 32 483 4828
7 33 464 4638
7 34 250 2504
7 35 389 3891
7 36 535 5346
7 37 1054 10542
7 38 386 3859
7 39 726 7256
7 40 445 4450
8 1 397 3972
8 2 298 2977
8 3 180 1804
8 4 27 275
8 5 213 2128
8 6 140 1402
8 7 671 6712
8 9 599 5991
8 10 314 3145
8 11 681 6814
8 12 440 4402
8 13 912 9119
8 14 607 6073
8 15 676 6762
8 16 712 7115
8 17 464 4639
8 18 587 5872
8 19 759 7589
8 20 785 7851
8 21 440 4399
8 22 516 5161
8 23 735 7349
8 24 324 3241
8 25 465 4651
8 26 215 2154
8 27 411 4110
8 28 80 800
8 29 513 5129
8 30 652 6518
8 31 621 6207
8 32 197 1969
8 33 618 6182
8 34 593 5930
8 35 625 6251
8 36 222 2223
8 37 442 4423
8 38 285 2853
8 39 491 4908
8 40 706 7064
9 1 671 6713
9 2 585 5851
9 3 551 5508
9 4 621 6215
9 5 738 7377
9 6 694 6941
9 7 429 4291
9 8 599 5991
9 10 361 3615
9 11 99 990
9 12 246 2456
9 13 525 5249
9 14 138 1384
9 15 312 3125
9 16 449 4494
9 17 535 5346
9 18 401 4008
9 19 284 2840
9 20 273 2727
9 21 432 4323
9 22 214 2135
9 23 136 1362
9 24 618 6180
9 25 690 6900
9 26 480 4797
9 27 648 6479
9 28 573 5726
9 29 822 8223
9 30 255 2555
9 31 78 776
9 32 428 4284
9 33 37 367
9 34 602 6024
9 35 52 525
9 36 378 3782
9 37 819 8188
9 38 415 4154
9 39 918 9183
9 40 109 1085
10 1 322 3222
10 2 225 2254
10 3 378 3778
10 4 342 3418
10 5 513 5133
10 6 447 4473
10 7 629 6294
10 8 314 3145
10 9 361 3615
10 11 417 4174
10 12 138 1379
10 13 818 8180
10 14 319 3188
10 15 362 3622
10 16 665 6651
10 17 554 5536
10 18 282 2823
10 19 606 6056
10 20 613 6125
10 21 164 1641
10 22 396 3964
10 23 484 4840
10 24 515 5152
10 25 357 3566
10 26 127 1269
10 27 306 3057
10 28 255 2555
10 29 739 7390
10 30 341 3414
10 31 352 3524
10 32 257 2565
10 33 366 3661
10 34 673 6734
10 35 405 4046
10 36 145 1454
10 37 461 4611
10 38 337 3371
10 39 768 7682
10 40 467 4665
11 1 708 7079
11 2 633 6328
11 3 645 6453
11 4 705 7050
11 5 830 8301
11 6 783 7835
11 7 506 5057
11 8 681 6814
11 9 99 990
11 10 417 4174
11 12 286 2857
11 13 563 5634
11 14 118 1184
11 15 266 2660
11 16 521 5209
11 17 632 6318
11 18 387 3873
11 19 321 3205
11 20 294 2936
11 21 454 4544
11 22 308 3080
11 23 73 734
11 24 717 7166
11 25 717 7174
11 26 542 5419
11 27 681 6810
11 28 648 6478
11 29 921 9212
11 30 212 2123
11 31 65 650
11 32 520 5196
11 33 67 671
11 34 695 6946
11 35 119 1188
11 36 459 4590
11 37 861 8606
11 38 513 5129
11 39 1017 10166
11 40 80 804
12 1 427 4267
12 2 347 3471
12 3 467 4669
12 4 467 4668
12 5 626 6255
12 6 565 5650
12 7 590 5905
12 8 440 4402
12 9 246 2456
12 10 138 1379
12 11 286 2857
12 13 745 7451
12 14 181 1814
12 15 244 2440
12 16 621 6215
12 17 580 5800
12 18 220 2196
12 19 516 5157
12 20 513 5133
12 21 191 1911
12 22 345 3453
12 23 356 3556
12 24 585 5853
12 25 445 4445
12 26 265 2648
12 27 403 4025
12 28 389 3890
12 29 810 8095
12 30 212 2125
12 31 221 2210
12 32 334 3342
12 33 242 2419
12 34 686 6857
12 35 295 2947
12 36 234 2343
12 37 577 5767
12 38 384 3841
12 39 862 8618
12 40 343 3432
13 1 1139 11390
13 2 1034 10343
13 3 767 7666
13 4 922 9220
13 5 937 9371
13 6 934 9340
13 7 254 2535
13 8 912 9119
13 9 525 5249
13 10 818 8180
13 11 563 5634
13 12 745 7451
13 14 660 6596
13 15 827 8274
13 16 216 2163
13 17 533 5329
13 18 925 9254
13 19 244 2436
13 20 273 2729
13 21 935 9355
13 22 424 4242
13 23 510 5104
13 24 719 7185
13 25 1174 11738
13 26 901 9013
13 27 1124 11237
13 28 929 9294
13 29 809 8090
13 30 772 7716
13 31 593 5928
13 32 718 7177
13 33 550 5501
13 34 474 4738
13 35 473 4732
13 36 750 7502
13 37 1267 12669
13 38 628 6284
13 39 968 9683
13 40 485 4848
14 1 594 5938
14 2 524 5244
14 3 600 6000
14 4 633 6326
14 5 776 7755
14 6 722 7217
14 7 565 5646
14 8 607 6073
14 9 138 1384
14 10 319 3188
14 11 118 1184
14 12 181 1814
14 13 660 6596
14 15 174 1744
14 16 587 5865
14 17 640 6395
14 18 273 2727
14 19 417 4165
14 20 398 3979
14 21 337 3374
14 22 336 3356
14 23 192 1917
14 24 693 6932
14 25 601 6006
14 26 446 4456
14 27 566 5659
14 28 564 5638
14 29 909 9092
14 30 118 1175
14 31 67 673
14 32 468 4679
14 33 110 1096
14 34 721 7212
14 35 187 1875
14 36 388 3883
14 37 748 7480
14 38 485 4847
14 39 987 9867
14 40 193 1932
15 1 550 5505
15 2 513 5127
15 3 710 7104
15 4 703 7034
15 5 868 8682
15 6 806 8058
15 7 739 7387
15 8 676 6762
15 9 312 3125
15 10 362 3622
15 11 266 2660
15 12 244 2440
15 13 827 8274
15 14 174 1744
15 16 761 7609
15 17 795 7948
15 18 159 1586
15 19 584 5837
15 20 559 5594
15 21 295 2946
15 22 506 5057
15 23 330 3303
15 24 824 8236
15 25 537 5369
15 26 479 4790
15 27 517 5171
15 28 617 6166
15 29 1046 10459
15 30 57 570
15 31 237 2374
15 32 577 5772
15 33 281 2812
15 34 885 8855
15 35 360 3598
15 36 478 4781
15 37 706 7065
15 38 618 6177
15 39 1105 11050
15 40 346 3463
16 1 977 9771
16 2 867 8672
16 3 557 5569
16 4 719 7191
16 5 722 7225
16 6 723 7227
16 7 40 403
16 8 712 7115
16 9 449 4494
16 10 665 6651
16 11 521 5209
16 12 621 6215
16 13 216 2163
16 14 587 5865
16 15 761 7609
16 17 317 3170
16 18 827 8265
16 19 246 2456
16 20 297 2972
16 21 803 8034
16 22 276 2763
16 23 493 4928
16 24 502 5023
16 25 1020 10199
16 26 730 7295
16 27 966 9664
16 28 738 7375
16 29 602 6022
16 30 704 7041
16 31 526 5265
16 32 523 5229
16 33 483 4831
16 34 272 2725
16 35 407 4066
16 36 573 5731
16 37 1093 10931
16 38 426 4262
16 39 757 7568
16 40 456 4563
17 1 811 8114
17 2 698 6980
17 3 286 2858
17 4 462 4623
17 5 419 4191
17 6 434 4341
17 7 282 2824
17 8 464 4639
17 9 535 5346
17 10 554 5536
17 11 632 6318
17 12 580 5800
17 13 533 5329
17 14 640 6395
17 15 795 7948
17 16 317 3170
17 18 799 7988
17 19 492 4916
17 20 539 5391
17 21 716 7164
17 22 326 3258
17 23 641 6407
17 24 190 1897
17 25 869 8687
17 26 563 5627
17 27 812 8117
17 28 515 5147
17 29 308 3079
17 30 744 7444
17 31 603 6034
17 32 320 3201
17 33 570 5705
17 34 130 1304
17 35 519 5187
17 36 417 4171
17 37 894 8942
17 38 220 2198
17 39 447 4467
17 40 601 6007
18 1 399 3986
18 2 376 3762
18 3 659 6587
18 4 615 6147
18 5 793 7930
18 6 725 7247
18 7 798 7984
18 8 587 5872
18 9 401 4008
18 10 282 2823
18 11 387 3873
18 12 220 2196
18 13 925 9254
18 14 273 2727
18 15 159 1586
18 16 827 8265
18 17 799 7988
18 19 685 6847
18 20 670 6695
18 21 159 1585
18 22 554 5539
18 23 459 4588
18 24 790 7902
18 25 380 3800
18 26 375 3750
18 27 364 3641
18 28 518 5177
18 29 1015 10151
18 30 188 1879
18 31 339 3393
18 32 532 5321
18 33 379 3789
18 34 905 9053
18 35 453 4530
18 36 423 4226
18 37 553 5530
18 38 597 5968
18 39 1051 10505
18 40 465 4652
19 1 927 9272
19 2 829 8291
19 3 646 6465
19 4 774 7745
19 5 834 8338
19 6 813 8129
19 7 250 2504
19 8 759 7589
19 9 284 2840
19 10 606 6056
19 11 321 3205
19 12 516 5157
19 13 244 2436
19 14 417 4165
19 15 584 5837
19 16 246 2456
19 17 492 4916
19 18 685 6847
19 20 52 520
19 21 707 7066
19 22 243 2429
19 23 272 2722
19 24 647 6469
19 25 955 9552
19 26 704 7044
19 27 908 9082
19 28 759 7590
19 29 799 7986
19 30 528 5279
19 31 350 3495
19 32 563 5629
19 33 307 3072
19 34 495 4946
19 35 232 2317
19 36 566 5657
19 37 1065 10649
19 38 496 4964
19 39 935 9350
19 40 243 2432
20 1 932 9322
20 2 838 8376
20 3 681 6812
20 4 802 8020
20 5 870 8702
20 6 846 8459
20 7 302 3024
20 8 785 7851
20 9 273 2727
20 10 613 6125
20 11 294 2936
20 12 513 5133
20 13 273 2729
20 14 398 3979
20 15 559 5594
20 16 297 2972
20 17 539 5391
20 18 670 6695
20 19 52 520
20 21 703 7030
20 22 272 2721
20 23 238 2376
20 24 690 6896
20 25 957 9566
20 26 717 7172
20 27 912 9115
20 28 780 7805
20 29 847 8467
20 30 505 5048
20 31 331 3307
20 32 591 5909
20 33 291 2906
20 34 546 5459
20 35 221 2207
20 36 585 5847
20 37 1073 10735
20 38 531 5307
20 39 980 9805
20 40 214 2137
21 1 261 2614
21 2 220 2198
21 3 535 5345
21 4 467 4670
21 5 650 6503
21 6 580 5796
21 7 770 7702
21 8 440 4399
21 9 432 4323
21 10 164 1641
21 11 454 4544
21 12 191 1911
21 13 935 9355
21 14 337 3374
21 15 295 2946
21 16 803 8034
21 17 716 7164
21 18 159 1585
21 19 707 7066
21 20 703 7030
21 22 528 5278
21 23 527 5274
21 24 677 6765
21 25 263 2632
21 26 225 2247
21 27 231 2308
21 28 366 3664
21 29 899 8989
21 30 301 3009
21 31 394 3936
21 32 419 4189
21 33 423 4229
21 34 834 8342
21 35 483 4831
21 36 308 3085
21 37 418 4179
21 38 501 5010
21 39 917 9174
21 40 522 5219
22 1 716 7156
22 2 610 6101
22 3 411 4106
22 4 532 5317
22 5 601 6006
22 6 574 5740
22 7 245 2454
22 8 516 5161
22 9 214 2135
22 10 396 3964
22 11 308 3080
22 12 345 3453
22 13 424 4242
22 14 336 3356
22 15 506 5057
22 16 276 2763
22 17 326 3258
22 18 554 5539
22 19 243 2429
22 20 272 2721
22 21 528 5278
22 23 315 3154
22 24 437 4374
22 25 753 7530
22 26 478 4776
22 27 702 7015
22 28 519 5186
22 29 624 6242
22 30 450 4504
22 31 288 2877
22 32 320 3201
22 33 250 2502
22 34 389 3890
22 35 193 1929
22 36 330 3297
22 37 843 8430
22 38 260 2603
22 39 737 7371
22 40 276 2756
23 1 780 7798
23 2 702 7025
23 3 684 6844
23 4 758 7575
23 5 872 8724
23 6 830 8300
23 7 483 4828
23 8 735 7349
23 9 136 1362
23 10 484 4840
23 11 73 734
23 12 356 3556
23 13 510 5104
23 14 192 1917
23 15 330 3303
23 16 493 4928
23 17 641 6407
23 18 459 4588
23 19 272 2722
23 20 238 2376
23 21 527 5274
23 22 315 3154
23 24 743 7427
23 25 790 7903
23 26 607 6067
23 27 753 7534
23 28 706 7064
23 29 939 9387
23 30 279 2793
23 31 135 1351
23 32 564 5640
23 33 119 1193
23 34 690 6905
23 35 126 1255
23 36 513 5135
23 37 932 9318
23 38 545 5450
23 39 1044 10439
23 40 40 402
24 1 710 7103
24 2 602 6016
24 3 152 1521
24 4 314 3140
24 5 232 2316
24 6 258 2576
24 7 465 4655
24 8 324 3241
24 9 618 6180
24 10 515 5152
24 11 717 7166
24 12 585 5853
24 13 719 7185
24 14 693 6932
24 15 824 8236
24 16 502 5023
24 17 190 1897
24 18 790 7902
24 19 647 6469
24 20 690 6896
24 21 677 6765
24 22 437 4374
24 23 743 7427
24 25 775 7746
24 26 481 4813
24 27 718 7182
24 28 392 3922
24 29 225 2249
24 30 781 7808
24 31 674 6738
24 32 259 2590
24 33 650 6503
24 34 299 2989
24 35 617 6172
24 36 370 3700
24 37 766 7664
24 38 209 2085
24 39 301 3012
24 40 705 7047
25 1 70 700
25 2 173 1733
25 3 623 6225
25 4 485 4854
25 5 666 6661
25 6 593 5929
25 7 983 9833
25 8 465 4651
25 9 690 6900
25 10 357 3566
25 11 717 7174
25 12 445 4445
25 13 1174 11738
25 14 601 6006
25 15 537 5369
25 16 1020 10199
25 17 869 8687
25 18 380 3800
25 19 955 9552
25 20 957 9566
25 21 263 2632
25 22 753 7530
25 23 790 7903
25 24 775 7746
25 26 306 3062
25 27 57 571
25 28 387 3875
25 29 977 9770
25 30 555 5550
25 31 656 6560
25 32 549 5486
25 33 684 6835
25 34 997 9967
25 35 739 7392
25 36 459 4591
25 37 181 1813
25 38 650 6505
25 39 949 9485
25 40 784 7836
26 1 252 2522
26 2 139 1392
26 3 331 3310
26 4 242 2424
26 5 427 4267
26 6 355 3553
26 7 691 6912
26 8 215 2154
26 9 480 4797
26 10 127 1269
26 11 542 5419
26 12 265 2648
26 13 901 9013
26 14 446 4456
26 15 479 4790
26 16 730 7295
26 17 563 5627
26 18 375 3750
26 19 704 7044
26 20 717 7172
26 21 225 2247
26 22 478 4776
26 23 607 6067
26 24 481 4813
26 25 306 3062
26 27 249 2493
26 28 143 1427
26 29 696 6959
26 30 464 4638
26 31 477 4771
26 32 243 2428
26 33 488 4878
26 34 690 6905
26 35 519 5192
26 36 157 1573
26 37 366 3657
26 38 344 3443
26 39 699 6986
26 40 587 5868
27 1 36 359
27 2 117 1166
27 3 566 5661
27 4 432 4321
27 5 615 6148
27 6 541 5412
27 7 929 9295
27 8 411 4110
27 9 648 6479
27 10 306 3057
27 11 681 6810
27 12 403 4025
27 13 1124 11237
27 14 566 5659
27 15 517 5171
27 16 966 9664
27 17 812 8117
27 18 364 3641
27 19 908 9082
27 20 912 9115
27 21 231 2308
27 22 702 7015
27 23 753 7534
27 24 718 7182
27 25 57 571
27 26 249 2493
27 28 333 3327
27 29 922 9219
27 30 530 5298
27 31 618 6184
27 32 492 4916
27 33 644 6436
27 34 940 9397
27 35 696 6961
27 36 403 4030
27 37 189 1894
27 38 594 5936
27 39 897 8971
27 40 744 7445
28 1 321 3206
28 2 218 2183
28 3 242 2421
28 4 105 1045
28 5 292 2918
28 6 218 2185
28 7 697 6975
28 8 80 800
28 9 573 5726
28 10 255 2555
28 11 648 6478
28 12 389 3890
28 13 929 9294
28 14 564 5638
28 15 617 6166
28 16 738 7375
28 17 515 5147
28 18 518 5177
28 19 759 7590
28 20 780 7805
28 21 366 3664
28 22 519 5186
28 23 706 7064
28 24 392 3922
28 25 387 3875
28 26 143 1427
28 27 333 3327
28 29 589 5895
28 30 597 5968
28 31 585 5849
28 32 215 2148
28 33 588 5877
28 34 645 6451
28 35 604 6042
28 36 198 1976
28 37 380 3801
28 38 316 3162
28 39 571 5707
28 40 681 6811
29 1 910 9098
29 2 806 8064
29 3 366 3659
29 4 495 4952
29 5 341 3406
29 6 402 4023
29 7 574 5741
29 8 513 5129
29 9 822 8223
29 10 739 7390
29 11 921 9212
29 12 810 8095
29 13 809 8090
29 14 909 9092
29 15 1046 10459
29 16 602 6022
29 17 308 3079
29 18 1015 10151
29 19 799 7986
29 20 847 8467
29 21 899 8989
29 22 624 6242
29 23 939 9387
29 24 225 2249
29 25 977 9770
29 26 696 6959
29 27 922 9219
29 28 589 5895
29 30 1002 10016
29 31 884 8841
29 32 483 4834
29 33 857 8565
29 34 336 3356
29 35 814 8141
29 36 594 5942
29 37 944 9438
29 38 428 4283
29 39 171 1705
29 40 899 8993
30 1 562 5617
30 2 513 5127
30 3 673 6734
30 4 679 6786
30 5 837 8373
30 6 777 7774
30 7 682 6820
30 8 652 6518
30 9 255 2555
30 10 341 3414
30 11 212 2123
30 12 212 2125
30 13 772 7716
30 14 118 1175
30 15 57 570
30 16 704 7041
30 17 744 7444
30 18 188 1879
30 19 528 5279
30 20 505 5048
30 21 301 3009
30 22 450 4504
30 23 279 2793
30 24 781 7808
30 25 555 5550
30 26 464 4638
30 27 530 5298
30 28 597 5968
30 29 1002 10016
30 31 181 1805
30 32 540 5398
30 33 224 2244
30 34 832 8323
30 35 303 3029
30 36 445 4455
30 37 718 7183
30 38 573 5735
30 39 1067 10667
30 40 293 2926
31 1 645 6447
31 2 568 5681
31 3 594 5936
31 4 645 6449
31 5 776 7756
31 6 727 7265
31 7 507 5066
31 8 621 6207
31 9 78 776
31 10 352 3524
31 11 65 650
31 12 221 2210
31 13 593 5928
31 14 67 673
31 15 237 2374
31 16 526 5265
31 17 603 6034
31 18 339 3393
31 19 350 3495
31 20 331 3307
31 21 394 3936
31 22 288 2877
31 23 135 1351
31 24 674 6738
31 25 656 6560
31 26 477 4771
31 27 618 6184
31 28 585 5849
31 29 884 8841
31 30 181 1805
31 32 465 4651
31 33 44 439
31 34 677 6765
31 35 122 1224
31 36 399 3986
31 37 797 7967
31 38 467 4672
31 39 972 9718
31 40 129 1293
32 1 492 4917
32 2 378 3781
32 3 134 1336
32 4 212 2116
32 5 311 3106
32 6 266 2663
32 7 483 4828
32 8 197 1969
32 9 428 4284
32 10 257 2565
32 11 520 5196
32 12 334 3342
32 13 718 7177
32 14 468 4679
32 15 577 5772
32 16 523 5229
32 17 320 3201
32 18 532 5321
32 19 563 5629
32 20 591 5909
32 21 419 4189
32 22 320 3201
32 23 564 5640
32 24 259 2590
32 25 549 5486
32 26 243 2428
32 27 492 4916
32 28 215 2148
32 29 483 4834
32 30 540 5398
32 31 465 4651
32 33 453 4533
32 34 449 4487
32 35 446 4461
32 36 111 1111
32 37 583 5832
32 38 105 1049
32 39 528 5278
32 40 532 5315
33 1 668 6685
33 2 587 5868
33 3 578 5784
33 4 641 6414
33 5 764 7636
33 6 718 7178
33 7 464 4638
33 8 618 6182
33 9 37 367
33 10 366 3661
33 11 67 671
33 12 242 2419
33 13 550 5501
33 14 110 1096
33 15 281 2812
33 16 483 4831
33 17 570 5705
33 18 379 3789
33 19 307 3072
33 20 291 2906
33 21 423 4229
33 22 250 2502
33 23 119 1193
33 24 650 6503
33 25 684 6835
33 26 488 4878
33 27 644 6436
33 28 588 5877
33 29 857 8565
33 30 224 2244
33 31 44 439
33 32 453 4533
33 34 639 6390
33 35 79 785
33 36 396 3961
33 37 818 8184
33 38 446 4460
33 39 950 9500
33 40 101 1014
34 1 940 9404
34 2 827 8268
34 3 414 4137
34 4 590 5904
34 5 530 5300
34 6 554 5539
34 7 250 2504
34 8 593 5930
34 9 602 6024
34 10 673 6734
34 11 695 6946
34 12 686 6857
34 13 474 4738
34 14 721 7212
34 15 885 8855
34 16 272 2725
34 17 130 1304
34 18 905 9053
34 19 495 4946
34 20 546 5459
34 21 834 8342
34 22 389 3890
34 23 690 6905
34 24 299 2989
34 25 997 9967
34 26 690 6905
34 27 940 9397
34 28 645 6451
34 29 336 3356
34 30 832 8323
34 31 677 6765
34 32 449 4487
34 33 639 6390
34 35 577 5766
34 36 542 5416
34 37 1025 10246
34 38 346 3463
34 39 499 4985
34 40 650 6505
35 1 719 7186
35 2 630 6296
35 3 562 5624
35 4 646 6462
35 5 752 7518
35 6 712 7123
35 7 389 3891
35 8 625 6251
35 9 52 525
35 10 405 4046
35 11 119 1188
35 12 295 2947
35 13 473 4732
35 14 187 1875
35 15 360 3598
35 16 407 4066
35 17 519 5187
35 18 453 4530
35 19 232 2317
35 20 221 2207
35 21 483 4831
35 22 193 1929
35 23 126 1255
35 24 617 6172
35 25 739 7392
35 26 519 5192
35 27 696 6961
35 28 604 6042
35 29 814 8141
35 30 303 3029
35 31 122 1224
35 32 446 4461
35 33 79 785
35 34 577 5766
35 36 407 4074
35 37 864 8643
35 38 421 4208
35 39 918 9184
35 40 88 880
36 1 409 4087
36 2 296 2963
36 3 237 2368
36 4 246 2463
36 5 392 3919
36 6 334 3342
36 7 535 5346
36 8 222 2223
36 9 378 3782
36 10 145 1454
36 11 459 4590
36 12 234 2343
36 13 750 7502
36 14 388 3883
36 15 478 4781
36 16 573 5731
36 17 417 4171
36 18 423 4226
36 19 566 5657
36 20 585 5847
36 21 308 3085
36 22 330 3297
36 23 513 5135
36 24 370 3700
36 25 459 4591
36 26 157 1573
36 27 403 4030
36 28 198 1976
36 29 594 5942
36 30 445 4455
36 31 399 3986
36 32 111 1111
36 33 396 3961
36 34 542 5416
36 35 407 4074
36 37 520 5202
36 38 197 1974
36 39 631 6311
36 40 486 4862
37 1 157 1566
37 2 236 2359
37 3 620 6201
37 4 454 4540
37 5 610 6097
37 6 542 5424
37 7 1054 10542
37 8 442 4423
37 9 819 8188
37 10 461 4611
37 11 861 8606
37 12 577 5767
37 13 1267 12669
37 14 748 7480
37 15 706 7065
37 16 1093 10931
37 17 894 8942
37 18 553 5530
37 19 1065 10649
37 20 1073 10735
37 21 418 4179
37 22 843 8430
37 23 932 9318
37 24 766 7664
37 25 181 1813
37 26 366 3657
37 27 189 1894
37 28 380 3801
37 29 944 9438
37 30 718 7183
37 31 797 7967
37 32 583 5832
37 33 818 8184
37 34 1025 10246
37 35 864 8643
37 36 520 5202
37 38 688 6880
37 39 885 8847
37 40 920 9198
38 1 595 5951
38 2 481 4814
38 3 151 1505
38 4 294 2938
38 5 340 3403
38 6 317 3167
38 7 386 3859
38 8 285 2853
38 9 415 4154
38 10 337 3371
38 11 513 5129
38 12 384 3841
38 13 628 6284
38 14 485 4847
38 15 618 6177
38 16 426 4262
38 17 220 2198
38 18 597 5968
38 19 496 4964
38 20 531 5307
38 21 501 5010
38 22 260 2603
38 23 545 5450
38 24 209 2085
38 25 650 6505
38 26 344 3443
38 27 594 5936
38 28 316 3162
38 29 428 4283
38 30 573 5735
38 31 467 4672
38 32 105 1049
38 33 446 4460
38 34 346 3463
38 35 421 4208
38 36 197 1974
38 37 688 6880
38 39 505 5046
38 40 509 5087
39 1 879 8789
39 2 787 7870
39 3 395 3951
39 4 467 4670
39 5 282 2824
39 6 356 3559
39 7 726 7256
39 8 491 4908
39 9 918 9183
39 10 768 7682
39 11 1017 10166
39 12 862 8618
39 13 968 9683
39 14 987 9867
39 15 1105 11050
39 16 757 7568
39 17 447 4467
39 18 1051 10505
39 19 935 9350
39 20 980 9805
39 21 917 9174
39 22 737 7371
39 23 1044 10439
39 24 301 3012
39 25 949 9485
39 26 699 6986
39 27 897 8971
39 28 571 5707
39 29 171 1705
39 30 1067 10667
39 31 972 9718
39 32 528 5278
39 33 950 9500
39 34 499 4985
39 35 918 9184
39 36 631 6311
39 37 885 8847
39 38 505 5046
39 40 1006 10059
40 1 770 7696
40 2 688 6881
40 3 650 6498
40 4 728 7284
40 5 839 8387
40 6 798 7979
40 7 445 4450
40 8 706 7064
40 9 109 1085
40 10 467 4665
40 11 80 804
40 12 343 3432
40 13 485 4848
40 14 193 1932
40 15 346 3463
40 16 456 4563
40 17 601 6007
40 18 465 4652
40 19 243 2432
40 20 214 2137
40 21 522 5219
40 22 276 2756
40 23 40 402
40 24 705 7047
40 25 784 7836
40 26 587 5868
40 27 744 7445
40 28 681 6811
40 29 899 8993
40 30 293 2926
40 31 129 1293
40 32 532 5315
40 33 101 1014
40 34 650 6505
40 35 88 880
40 36 486 4862
40 37 920 9198
40 38 509 5087
40 39 1006 10059
