40
934
6
30
27
19
24
31
13
16
3
29
20
10
6
1
30
5
7
35
38
12
23
37
15
14
22
40
17
32
33
36
11
18
14
22
18
29
10
15
21
30
31
1
8
12
32
4
33
1 2 717 7172
1 3 601 6010
1 4 586 5859
1 5 892 8920
1 6 852 8518
1 7 385 3851
1 8 436 4358
1 9 781 7814
1 10 631 6308
1 11 564 5638
1 12 881 8809
1 13 120 1200
1 14 1016 10157
1 15 330 3300
1 16 304 3042
1 17 275 2753
1 18 610 6098
1 19 754 7538
1 20 536 5356
1 21 710 7095
1 22 1118 11180
1 23 953 9532
1 24 904 9040
1 25 998 9978
1 26 681 6808
1 27 349 3489
1 28 577 5775
1 29 514 5142
1 30 74 738
1 31 433 4325
1 32 330 3298
1 33 816 8161
1 34 354 3540
1 35 705 7053
1 36 475 4745
1 37 981 9807
1 38 278 2784
1 39 123 1226
1 40 761 7612
2 1 717 7172
2 3 121 1213
2 4 445 4453
2 5 175 1755
2 6 193 1928
2 7 333 3333
2 8 758 7583
2 9 787 7870
2 10 623 6232
2 11 764 7641
2 12 645 6447
2 13 689 6894
2 14 394 3940
2 15 457 4571
2 16 523 5234
2 17 548 5477
2 18 108 1078
2 19 82 816
2 20 383 3832
2 21 276 2761
2 22 563 5632
2 23 487 4873
2 24 483 4833
2 25 363 3628
2 26 240 2397
2 27 645 6449
2 28 312 3125
2 29 228 2279
2 30 677 6772
2 31 315 3145
2 32 387 3874
2 33 498 4975
2 34 529 5287
2 35 13 130
2 36 738 7378
2 37 314 3141
2 38 560 5598
2 39 718 7175
2 40 394 3939
3 1 601 6010
3 2 121 1213
3 4 419 4194
3 5 296 2957
3 6 266 2659
3 7 222 2221
3 8 686 6857
3 9 770 7702
3 10 595 5946
3 11 711 7110
3 12 668 6676
3 13 582 5815
3 14 498 4983
3 15 337 3365
3 16 403 4033
3 17 427 4270
3 18 42 416
3 19 156 1559
3 20 344 3441
3 21 244 2441
3 22 656 6564
3 23 555 5550
3 24 539 5388
3 25 470 4696
3 26 200 1999
3 27 564 5645
3 28 227 2265
3 29 152 1516
3 30 565 5650
3 31 225 2251
3 32 273 2729
3 33 527 5273
3 34 448 4484
3 35 111 1114
3 36 672 6723
3 37 428 4277
3 38 467 4673
3 39 610 6098
3 40 424 4242
4 1 586 5859
4 2 445 4453
4 3 419 4194
4 5 554 5537
4 6 638 6378
4 7 350 3502
4 8 375 3749
4 9 351 3509
4 10 178 1782
4 11 335 3349
4 12 311 3111
4 13 490 4905
4 14 513 5135
4 15 550 5500
4 16 604 6044
4 17 607 6073
4 18 385 3851
4 19 525 5255
4 20 83 827
4 21 663 6625
4 22 562 5618
4 23 383 3834
4 24 328 3277
4 25 510 5101
4 26 618 6181
4 27 310 3103
4 28 611 6114
4 29 280 2798
4 30 516 5155
4 31 263 2632
4 32 381 3812
4 33 231 2307
4 34 238 2376
4 35 434 4342
4 36 336 3362
4 37 527 5270
4 38 312 3120
4 39 510 5101
4 40 196 1963
5 1 892 8920
5 2 175 1755
5 3 296 2957
5 4 554 5537
5 6 175 1752
5 7 507 5073
5 8 900 9002
5 9 868 8682
5 10 724 7243
5 11 887 8868
5 12 680 6799
5 13 860 8600
5 14 296 2959
5 15 628 6283
5 16 693 6935
5 17 719 7190
5 18 282 2822
5 19 169 1688
5 20 509 5092
5 21 371 3707
5 22 479 4793
5 23 462 4625
5 24 481 4808
5 25 261 2611
5 26 350 3498
5 27 796 7955
5 28 452 4523
5 29 391 3915
5 30 850 8502
5 31 480 4796
5 32 562 5622
5 33 534 5337
5 34 682 6816
5 35 187 1869
5 36 873 8732
5 37 194 1942
5 38 721 7211
5 39 888 8879
5 40 441 4412
6 1 852 8518
6 2 193 1928
6 3 266 2659
6 4 638 6378
6 5 175 1752
6 7 485 4851
6 8 945 9445
6 9 977 9767
6 10 816 8155
6 11 956 9560
6 12 818 8182
6 13 844 8436
6 14 471 4710
6 15 550 5497
6 16 608 6082
6 17 637 6373
6 18 278 2783
6 19 116 1160
6 20 576 5757
6 21 218 2178
6 22 654 6542
6 23 625 6248
6 24 635 6350
6 25 436 4361
6 26 212 2116
6 27 827 8269
6 28 330 3295
6 29 408 4079
6 30 823 8231
6 31 489 4890
6 32 532 5317
6 33 670 6698
6 34 710 7103
6 35 204 2045
6 36 927 9267
6 37 369 3693
6 38 733 7330
6 39 872 8719
6 40 569 5693
7 1 385 3851
7 2 333 3333
7 3 222 2221
7 4 350 3502
7 5 507 5073
7 6 485 4851
7 8 501 5009
7 9 677 6769
7 10 493 4935
7 11 557 5570
7 12 654 6545
7 13 359 3595
7 14 649 6492
7 15 205 2046
7 16 266 2659
7 17 277 2765
7 18 226 2255
7 19 378 3779
7 20 269 2691
7 21 398 3979
7 22 776 7758
7 23 633 6334
7 24 597 5970
7 25 627 6273
7 26 358 3577
7 27 372 3724
7 28 300 2999
7 29 139 1390
7 30 344 3441
7 31 89 892
7 32 57 571
7 33 542 5415
7 34 264 2644
7 35 321 3211
7 36 500 4995
7 37 603 6026
7 38 261 2608
7 39 388 3878
7 40 456 4560
8 1 436 4358
8 2 758 7583
8 3 686 6857
8 4 375 3749
8 5 900 9002
8 6 945 9445
8 7 501 5009
8 9 377 3772
8 10 289 2888
8 11 138 1379
8 12 560 5603
8 13 317 3168
8 14 888 8882
8 15 619 6188
8 16 639 6390
8 17 623 6233
8 18 667 6667
8 19 829 8287
8 20 394 3941
8 21 897 8971
8 22 920 9204
8 23 738 7380
8 24 678 6776
8 25 885 8850
8 26 855 8554
8 27 130 1297
8 28 799 7987
8 29 537 5371
8 30 369 3693
8 31 462 4619
8 32 485 4849
8 33 564 5642
8 34 239 2392
8 35 746 7455
8 36 54 540
8 37 900 8996
8 38 250 2496
8 39 315 3145
8 40 565 5655
9 1 781 7814
9 2 787 7870
9 3 770 7702
9 4 351 3509
9 5 868 8682
9 6 977 9767
9 7 677 6769
9 8 377 3772
9 10 183 1835
9 11 241 2409
9 12 265 2647
9 13 663 6630
9 14 733 7327
9 15 859 8593
9 16 902 9021
9 17 897 8968
9 18 735 7352
9 19 868 8684
9 20 429 4295
9 21 1013 10134
9 22 691 6909
9 23 524 5237
9 24 466 4664
9 25 744 7443
9 26 969 9690
9 27 433 4325
9 28 957 9575
9 29 629 6291
9 30 708 7085
9 31 598 5981
9 32 693 6928
9 33 361 3613
9 34 459 4592
9 35 777 7769
9 36 325 3252
9 37 786 7863
9 38 522 5225
9 39 669 6693
9 40 432 4316
10 1 631 6308
10 2 623 6232
10 3 595 5946
10 4 178 1782
10 5 724 7243
10 6 816 8155
10 7 493 4935
10 8 289 2888
10 9 183 1835
10 11 193 1934
10 12 273 2731
10 13 517 5175
10 14 640 6404
10 15 678 6782
10 16 723 7233
10 17 720 7198
10 18 562 5617
10 19 704 7036
10 20 251 2508
10 21 836 8360
10 22 644 6444
10 23 463 4630
10 24 402 4017
10 25 644 6443
10 26 792 7916
10 27 292 2920
10 28 775 7754
10 29 450 4497
10 30 557 5570
10 31 415 4149
10 32 511 5106
10 33 286 2859
10 34 288 2883
10 35 612 6122
10 36 237 2368
10 37 674 6736
10 38 358 3583
10 39 529 5290
10 40 315 3151
11 1 564 5638
11 2 764 7641
11 3 711 7110
11 4 335 3349
11 5 887 8868
11 6 956 9560
11 7 557 5570
11 8 138 1379
11 9 241 2409
11 10 193 1934
11 12 448 4479
11 13 444 4438
11 14 830 8302
11 15 706 7057
11 16 736 7356
11 17 724 7239
11 18 685 6851
11 19 841 8406
11 20 382 3817
11 21 940 9397
11 22 838 8376
11 23 656 6564
11 24 595 5950
11 25 832 8321
11 26 896 8962
11 27 224 2241
11 28 856 8561
11 29 559 5594
11 30 494 4939
11 31 499 4989
11 32 554 5542
11 33 479 4793
11 34 297 2974
11 35 752 7520
11 36 90 899
11 37 857 8567
11 38 338 3377
11 39 445 4452
11 40 503 5034
12 1 881 8809
12 2 645 6447
12 3 668 6676
12 4 311 3111
12 5 680 6799
12 6 818 8182
12 7 654 6545
12 8 560 5603
12 9 265 2647
12 10 273 2731
12 11 448 4479
12 13 775 7746
12 14 490 4903
12 15 858 8576
12 16 914 9141
12 17 918 9179
12 18 627 6271
12 19 724 7241
12 20 387 3869
12 21 906 9063
12 22 428 4277
12 23 270 2699
12 24 220 2195
12 25 508 5079
12 26 864 8638
12 27 559 5588
12 28 885 8848
12 29 558 5579
12 30 808 8080
12 31 565 5655
12 32 690 6902
12 33 148 1483
12 34 527 5271
12 35 638 6377
12 36 507 5072
12 37 560 5602
12 38 603 6026
12 39 790 7895
12 40 251 2508
13 1 120 1200
13 2 689 6894
13 3 582 5815
13 4 490 4905
13 5 860 8600
13 6 844 8436
13 7 359 3595
13 8 317 3168
13 9 663 6630
13 10 517 5175
13 11 444 4438
13 12 775 7746
13 14 951 9512
13 15 372 3717
13 16 367 3667
13 17 343 3431
13 18 582 5821
13 19 737 7374
13 20 451 4509
13 21 728 7282
13 22 1039 10388
13 23 868 8678
13 24 815 8154
13 25 937 9365
13 26 694 6942
13 27 231 2307
13 28 604 6039
13 29 470 4702
13 30 54 541
13 31 383 3829
13 32 312 3122
13 33 721 7208
13 34 253 2532
13 35 677 6768
13 36 355 3546
13 37 927 9270
13 38 179 1786
13 39 28 283
13 40 676 6755
14 1 1016 10157
14 2 394 3940
14 3 498 4983
14 4 513 5135
14 5 296 2959
14 6 471 4710
14 7 649 6492
14 8 888 8882
14 9 733 7327
14 10 640 6404
14 11 830 8302
14 12 490 4903
14 13 951 9512
14 15 823 8228
14 16 891 8906
14 17 910 9100
14 18 465 4646
14 19 436 4364
14 20 514 5138
14 21 652 6520
14 22 183 1835
14 23 224 2240
14 24 271 2711
14 25 35 349
14 26 623 6233
14 27 816 8162
14 28 706 7064
14 29 510 5104
14 30 958 9581
14 31 585 5846
14 32 706 7056
14 33 372 3717
14 34 720 7204
14 35 398 3978
14 36 847 8472
14 37 104 1042
14 38 782 7823
14 39 976 9762
14 40 327 3269
15 1 330 3300
15 2 457 4571
15 3 337 3365
15 4 550 5500
15 5 628 6283
15 6 550 5497
15 7 205 2046
15 8 619 6188
15 9 859 8593
15 10 678 6782
15 11 706 7057
15 12 858 8576
15 13 372 3717
15 14 823 8228
15 16 68 678
15 17 91 907
15 18 362 3623
15 19 469 4690
15 20 471 4709
15 21 384 3836
15 22 964 9642
15 23 832 8316
15 24 798 7984
15 25 797 7970
15 26 359 3592
15 27 492 4918
15 28 249 2492
15 29 329 3294
15 30 330 3300
15 31 294 2936
15 32 170 1695
15 33 746 7461
15 34 411 4108
15 35 448 4478
15 36 633 6329
15 37 761 7611
15 38 371 3713
15 39 396 3963
15 40 659 6591
16 1 304 3042
16 2 523 5234
16 3 403 4033
16 4 604 6044
16 5 693 6935
16 6 608 6082
16 7 266 2659
16 8 639 6390
16 9 902 9021
16 10 723 7233
16 11 736 7356
16 12 914 9141
16 13 367 3667
16 14 891 8906
16 15 68 678
16 17 31 314
16 18 430 4299
16 19 532 5322
16 20 527 5273
16 21 431 4305
16 22 1031 10313
16 23 897 8968
16 24 862 8624
16 25 865 8648
16 26 411 4107
16 27 516 5160
16 28 295 2949
16 29 395 3952
16 30 319 3191
16 31 354 3538
16 32 224 2240
16 33 807 8066
16 34 447 4466
16 35 514 5145
16 36 658 6583
16 37 829 8287
16 38 398 3979
16 39 388 3885
16 40 722 7219
17 1 275 2753
17 2 548 5477
17 3 427 4270
17 4 607 6073
17 5 719 7190
17 6 637 6373
17 7 277 2765
17 8 623 6233
17 9 897 8968
17 10 720 7198
17 11 724 7239
17 12 918 9179
17 13 343 3431
17 14 910 9100
17 15 91 907
17 16 31 314
17 18 452 4519
17 19 559 5592
17 20 532 5319
17 21 462 4616
17 22 1048 10476
17 23 910 9096
17 24 874 8735
17 25 885 8849
17 26 441 4412
17 27 502 5024
17 28 326 3259
17 29 410 4097
17 30 294 2940
17 31 363 3625
17 32 230 2302
17 33 814 8142
17 34 439 4390
17 35 538 5384
17 36 645 6447
17 37 850 8505
17 38 386 3863
17 39 364 3638
17 40 732 7319
18 1 610 6098
18 2 108 1078
18 3 42 416
18 4 385 3851
18 5 282 2822
18 6 278 2783
18 7 226 2255
18 8 667 6667
18 9 735 7352
18 10 562 5617
18 11 685 6851
18 12 627 6271
18 13 582 5821
18 14 465 4646
18 15 362 3623
18 16 430 4299
18 17 452 4519
18 19 163 1632
18 20 312 3123
18 21 282 2819
18 22 619 6190
18 23 514 5142
18 24 497 4973
18 25 437 4370
18 26 238 2382
18 27 549 5486
18 28 268 2679
18 29 130 1297
18 30 569 5694
18 31 212 2119
18 32 280 2800
18 33 486 4861
18 34 432 4320
18 35 96 956
18 36 651 6505
18 37 399 3989
18 38 457 4573
18 39 610 6102
18 40 383 3829
19 1 754 7538
19 2 82 816
19 3 156 1559
19 4 525 5255
19 5 169 1688
19 6 116 1160
19 7 378 3779
19 8 829 8287
19 9 868 8684
19 10 704 7036
19 11 841 8406
19 12 724 7241
19 13 737 7374
19 14 436 4364
19 15 469 4690
19 16 532 5322
19 17 559 5592
19 18 163 1632
19 20 461 4611
19 21 216 2161
19 22 614 6137
19 23 555 5548
19 24 556 5558
19 25 403 4030
19 26 187 1874
19 27 712 7117
19 28 284 2838
19 29 292 2925
19 30 720 7202
19 31 375 3749
19 32 428 4278
19 33 576 5764
19 34 595 5951
19 35 92 916
19 36 811 8106
19 37 345 3449
19 38 620 6199
19 39 766 7657
19 40 473 4734
20 1 536 5356
20 2 383 3832
20 3 344 3441
20 4 83 827
20 5 509 5092
20 6 576 5757
20 7 269 2691
20 8 394 3941
20 9 429 4295
20 10 251 2508
20 11 382 3817
20 12 387 3869
20 13 451 4509
20 14 514 5138
20 15 471 4709
20 16 527 5273
20 17 532 5319
20 18 312 3123
20 19 461 4611
20 21 585 5853
20 22 588 5881
20 23 418 4182
20 24 368 3685
20 25 505 5049
20 26 541 5409
20 27 304 3045
20 28 530 5297
20 29 200 1997
20 30 469 4686
20 31 181 1812
20 32 303 3033
20 33 288 2878
20 34 207 2075
20 35 371 3713
20 36 364 3643
20 37 511 5108
20 38 274 2744
20 39 473 4734
20 40 226 2258
21 1 710 7095
21 2 276 2761
21 3 244 2441
21 4 663 6625
21 5 371 3707
21 6 218 2178
21 7 398 3979
21 8 897 8971
21 9 1013 10134
21 10 836 8360
21 11 940 9397
21 12 906 9063
21 13 728 7282
21 14 652 6520
21 15 384 3836
21 16 431 4305
21 17 462 4616
21 18 282 2819
21 19 216 2161
21 20 585 5853
21 22 830 8297
21 23 763 7634
21 24 758 7582
21 25 618 6183
21 26 44 444
21 27 770 7697
21 28 136 1357
21 29 387 3870
21 30 697 6966
21 31 441 4411
21 32 427 4265
21 33 762 7624
21 34 658 6584
21 35 279 2789
21 36 892 8915
21 37 558 5581
21 38 658 6584
21 39 756 7556
21 40 658 6583
22 1 1118 11180
22 2 563 5632
22 3 656 6564
22 4 562 5618
22 5 479 4793
22 6 654 6542
22 7 776 7758
22 8 920 9204
22 9 691 6909
22 10 644 6444
22 11 838 8376
22 12 428 4277
22 13 1039 10388
22 14 183 1835
22 15 964 9642
22 16 1031 10313
22 17 1048 10476
22 18 619 6190
22 19 614 6137
22 20 588 5881
22 21 830 8297
22 23 182 1824
22 24 243 2433
22 25 218 2183
22 26 799 7987
22 27 872 8718
22 28 874 8741
22 29 638 6385
22 30 1054 10541
22 31 700 7001
22 32 830 8298
22 33 359 3586
22 34 793 7925
22 35 565 5650
22 36 873 8732
22 37 287 2871
22 38 862 8622
22 39 1061 10614
22 40 366 3665
23 1 953 9532
23 2 487 4873
23 3 555 5550
23 4 383 3834
23 5 462 4625
23 6 625 6248
23 7 633 6334
23 8 738 7380
23 9 524 5237
23 10 463 4630
23 11 656 6564
23 12 270 2699
23 13 868 8678
23 14 224 2240
23 15 832 8316
23 16 897 8968
23 17 910 9096
23 18 514 5142
23 19 555 5548
23 20 418 4182
23 21 763 7634
23 22 182 1824
23 24 61 613
23 25 246 2460
23 26 726 7262
23 27 692 6922
23 28 781 7811
23 29 502 5024
23 30 887 8868
23 31 551 5509
23 32 684 6838
23 33 177 1771
23 34 618 6180
23 35 485 4850
23 36 691 6907
23 37 307 3068
23 38 690 6898
23 39 889 8893
23 40 192 1925
24 1 904 9040
24 2 483 4833
24 3 539 5388
24 4 328 3277
24 5 481 4808
24 6 635 6350
24 7 597 5970
24 8 678 6776
24 9 466 4664
24 10 402 4017
24 11 595 5950
24 12 220 2195
24 13 815 8154
24 14 271 2711
24 15 798 7984
24 16 862 8624
24 17 874 8735
24 18 497 4973
24 19 556 5558
24 20 368 3685
24 21 758 7582
24 22 243 2433
24 23 61 613
24 25 288 2884
24 26 719 7191
24 27 635 6346
24 28 765 7652
24 29 471 4709
24 30 836 8363
24 31 512 5120
24 32 645 6453
24 33 116 1158
24 34 564 5640
24 35 479 4795
24 36 630 6299
24 37 343 3429
24 38 637 6369
24 39 836 8362
24 40 144 1443
25 1 998 9978
25 2 363 3628
25 3 470 4696
25 4 510 5101
25 5 261 2611
25 6 436 4361
25 7 627 6273
25 8 885 8850
25 9 744 7443
25 10 644 6443
25 11 832 8321
25 12 508 5079
25 13 937 9365
25 14 35 349
25 15 797 7970
25 16 865 8648
25 17 885 8849
25 18 437 4370
25 19 403 4030
25 20 505 5049
25 21 618 6183
25 22 218 2183
25 23 246 2460
25 24 288 2884
25 26 590 5901
25 27 809 8087
25 28 675 6750
25 29 489 4891
25 30 942 9416
25 31 566 5657
25 32 684 6841
25 33 383 3831
25 34 710 7101
25 35 367 3672
25 36 846 8455
25 37 70 700
25 38 770 7699
25 39 962 9620
25 40 329 3293
26 1 681 6808
26 2 240 2397
26 3 200 1999
26 4 618 6181
26 5 350 3498
26 6 212 2116
26 7 358 3577
26 8 855 8554
26 9 969 9690
26 10 792 7916
26 11 896 8962
26 12 864 8638
26 13 694 6942
26 14 623 6233
26 15 359 3592
26 16 411 4107
26 17 441 4412
26 18 238 2382
26 19 187 1874
26 20 541 5409
26 21 44 444
26 22 799 7987
26 23 726 7262
26 24 719 7191
26 25 590 5901
26 27 728 7285
26 28 120 1199
26 29 343 3426
26 30 664 6644
26 31 398 3979
26 32 389 3889
26 33 721 7205
26 34 616 6164
26 35 241 2412
26 36 849 8490
26 37 532 5322
26 38 618 6185
26 39 722 7218
26 40 616 6165
27 1 349 3489
27 2 645 6449
27 3 564 5645
27 4 310 3103
27 5 796 7955
27 6 827 8269
27 7 372 3724
27 8 130 1297
27 9 433 4325
27 10 292 2920
27 11 224 2241
27 12 559 5588
27 13 231 2307
27 14 816 8162
27 15 492 4918
27 16 516 5160
27 17 502 5024
27 18 549 5486
27 19 712 7117
27 20 304 3045
27 21 770 7697
27 22 872 8718
27 23 692 6922
27 24 635 6346
27 25 809 8087
27 26 728 7285
27 28 669 6693
27 29 419 4192
27 30 276 2763
27 31 339 3395
27 32 355 3552
27 33 528 5284
27 34 117 1166
27 35 632 6319
27 36 142 1424
27 37 815 8150
27 38 121 1209
27 39 239 2389
27 40 507 5065
28 1 577 5775
28 2 312 3125
28 3 227 2265
28 4 611 6114
28 5 452 4523
28 6 330 3295
28 7 300 2999
28 8 799 7987
28 9 957 9575
28 10 775 7754
28 11 856 8561
28 12 885 8848
28 13 604 6039
28 14 706 7064
28 15 249 2492
28 16 295 2949
28 17 326 3259
28 18 268 2679
28 19 284 2838
28 20 530 5297
28 21 136 1357
28 22 874 8741
28 23 781 7811
28 24 765 7652
28 25 675 6750
28 26 120 1199
28 27 669 6693
28 29 333 3327
28 30 569 5689
28 31 363 3628
28 32 316 3158
28 33 749 7488
28 34 564 5642
28 35 309 3094
28 36 799 7993
28 37 623 6230
28 38 553 5527
28 39 631 6306
28 40 647 6472
29 1 514 5142
29 2 228 2279
29 3 152 1516
29 4 280 2798
29 5 391 3915
29 6 408 4079
29 7 139 1390
29 8 537 5371
29 9 629 6291
29 10 450 4497
29 11 559 5594
29 12 558 5579
29 13 470 4702
29 14 510 5104
29 15 329 3294
29 16 395 3952
29 17 410 4097
29 18 130 1297
29 19 292 2925
29 20 200 1997
29 21 387 3870
29 22 638 6385
29 23 502 5024
29 24 471 4709
29 25 489 4891
29 26 343 3426
29 27 419 4192
29 28 333 3327
29 30 465 4648
29 31 88 881
29 32 195 1952
29 33 430 4303
29 34 303 3026
29 35 215 2149
29 36 522 5217
29 37 467 4671
29 38 332 3320
29 39 498 4978
29 40 336 3356
30 1 74 738
30 2 677 6772
30 3 565 5650
30 4 516 5155
30 5 850 8502
30 6 823 8231
30 7 344 3441
30 8 369 3693
30 9 708 7085
30 10 557 5570
30 11 494 4939
30 12 808 8080
30 13 54 541
30 14 958 9581
30 15 330 3300
30 16 319 3191
30 17 294 2940
30 18 569 5694
30 19 720 7202
30 20 469 4686
30 21 697 6966
30 22 1054 10541
30 23 887 8868
30 24 836 8363
30 25 942 9416
30 26 664 6644
30 27 276 2763
30 28 569 5689
30 29 465 4648
30 31 380 3798
30 32 292 2924
30 33 746 7461
30 34 282 2816
30 35 665 6648
30 36 405 4053
30 37 928 9281
30 38 206 2058
30 39 70 700
30 40 694 6944
31 1 433 4325
31 2 315 3145
31 3 225 2251
31 4 263 2632
31 5 480 4796
31 6 489 4890
31 7 89 892
31 8 462 4619
31 9 598 5981
31 10 415 4149
31 11 499 4989
31 12 565 5655
31 13 383 3829
31 14 585 5846
31 15 294 2936
31 16 354 3538
31 17 363 3625
31 18 212 2119
31 19 375 3749
31 20 181 1812
31 21 441 4411
31 22 700 7001
31 23 551 5509
31 24 512 5120
31 25 566 5657
31 26 398 3979
31 27 339 3395
31 28 363 3628
31 29 88 881
31 30 380 3798
31 32 133 1333
31 33 453 4529
31 34 224 2236
31 35 302 3015
31 36 452 4519
31 37 549 5488
31 38 246 2456
31 39 410 4103
31 40 370 3696
32 1 330 3298
32 2 387 3874
32 3 273 2729
32 4 381 3812
32 5 562 5622
32 6 532 5317
32 7 57 571
32 8 485 4849
32 9 693 6928
32 10 511 5106
32 11 554 5542
32 12 690 6902
32 13 312 3122
32 14 706 7056
32 15 170 1695
32 16 224 2240
32 17 230 2302
32 18 280 2800
32 19 428 4278
32 20 303 3033
32 21 427 4265
32 22 830 8298
32 23 684 6838
32 24 645 6453
32 25 684 6841
32 26 389 3889
32 27 355 3552
32 28 316 3158
32 29 195 1952
32 30 292 2924
32 31 133 1333
32 33 584 5840
32 34 257 2569
32 35 375 3755
32 36 490 4896
32 37 660 6597
32 38 237 2372
32 39 340 3405
32 40 503 5028
33 1 816 8161
33 2 498 4975
33 3 527 5273
33 4 231 2307
33 5 534 5337
33 6 670 6698
33 7 542 5415
33 8 564 5642
33 9 361 3613
33 10 286 2859
33 11 479 4793
33 12 148 1483
33 13 721 7208
33 14 372 3717
33 15 746 7461
33 16 807 8066
33 17 814 8142
33 18 486 4861
33 19 576 5764
33 20 288 2878
33 21 762 7624
33 22 359 3586
33 23 177 1771
33 24 116 1158
33 25 383 3831
33 26 721 7205
33 27 528 5284
33 28 749 7488
33 29 430 4303
33 30 746 7461
33 31 453 4529
33 32 584 5840
33 34 468 4677
33 35 491 4909
33 36 516 5157
33 37 427 4274
33 38 543 5425
33 39 740 7399
33 40 104 1042
34 1 354 3540
34 2 529 5287
34 3 448 4484
34 4 238 2376
34 5 682 6816
34 6 710 7103
34 7 264 2644
34 8 239 2392
34 9 459 4592
34 10 288 2883
34 11 297 2974
34 12 527 5271
34 13 253 2532
34 14 720 7204
34 15 411 4108
34 16 447 4466
34 17 439 4390
34 18 432 4320
34 19 595 5951
34 20 207 2075
34 21 658 6584
34 22 793 7925
34 23 618 6180
34 24 564 5640
34 25 710 7101
34 26 616 6164
34 27 117 1166
34 28 564 5642
34 29 303 3026
34 30 282 2816
34 31 224 2236
34 32 257 2569
34 33 468 4677
34 35 516 5157
34 36 235 2351
34 37 711 7111
34 38 76 758
34 39 273 2725
34 40 427 4266
35 1 705 7053
35 2 13 130
35 3 111 1114
35 4 434 4342
35 5 187 1869
35 6 204 2045
35 7 321 3211
35 8 746 7455
35 9 777 7769
35 10 612 6122
35 11 752 7520
35 12 638 6377
35 13 677 6768
35 14 398 3978
35 15 448 4478
35 16 514 5145
35 17 538 5384
35 18 96 956
35 19 92 916
35 20 371 3713
35 21 279 2789
35 22 565 5650
35 23 485 4850
35 24 479 4795
35 25 367 3672
35 26 241 2412
35 27 632 6319
35 28 309 3094
35 29 215 2149
35 30 665 6648
35 31 302 3015
35 32 375 3755
35 33 491 4909
35 34 516 5157
35 36 725 7252
35 37 320 3202
35 38 547 5468
35 39 705 7049
35 40 387 3870
36 1 475 4745
36 2 738 7378
36 3 672 6723
36 4 336 3362
36 5 873 8732
36 6 927 9267
36 7 500 4995
36 8 54 540
36 9 325 3252
36 10 237 2368
36 11 90 899
36 12 507 5072
36 13 355 3546
36 14 847 8472
36 15 633 6329
36 16 658 6583
36 17 645 6447
36 18 651 6505
36 19 811 8106
36 20 364 3643
36 21 892 8915
36 22 873 8732
36 23 691 6907
36 24 630 6299
36 25 846 8455
36 26 849 8490
36 27 142 1424
36 28 799 7993
36 29 522 5217
36 30 405 4053
36 31 452 4519
36 32 490 4896
36 33 516 5157
36 34 235 2351
36 35 725 7252
36 37 863 8631
36 38 262 2616
36 39 355 3554
36 40 522 5224
37 1 981 9807
37 2 314 3141
37 3 428 4277
37 4 527 5270
37 5 194 1942
37 6 369 3693
37 7 603 6026
37 8 900 8996
37 9 786 7863
37 10 674 6736
37 11 857 8567
37 12 560 5602
37 13 927 9270
37 14 104 1042
37 15 761 7611
37 16 829 8287
37 17 850 8505
37 18 399 3989
37 19 345 3449
37 20 511 5108
37 21 558 5581
37 22 287 2871
37 23 307 3068
37 24 343 3429
37 25 70 700
37 26 532 5322
37 27 815 8150
37 28 623 6230
37 29 467 4671
37 30 928 9281
37 31 549 5488
37 32 660 6597
37 33 427 4274
37 34 711 7111
37 35 320 3202
37 36 863 8631
37 38 766 7662
37 39 953 9533
37 40 360 3603
38 1 278 2784
38 2 560 5598
38 3 467 4673
38 4 312 3120
38 5 721 7211
38 6 733 7330
38 7 261 2608
38 8 250 2496
38 9 522 5225
38 10 358 3583
38 11 338 3377
38 12 603 6026
38 13 179 1786
38 14 782 7823
38 15 371 3713
38 16 398 3979
38 17 386 3863
38 18 457 4573
38 19 620 6199
38 20 274 2744
38 21 658 6584
38 22 862 8622
38 23 690 6898
38 24 637 6369
38 25 770 7699
38 26 618 6185
38 27 121 1209
38 28 553 5527
38 29 332 3320
38 30 206 2058
38 31 246 2456
38 32 237 2372
38 33 543 5425
38 34 76 758
38 35 547 5468
38 36 262 2616
38 37 766 7662
38 39 200 1995
38 40 498 4977
39 1 123 1226
39 2 718 7175
39 3 610 6098
39 4 510 5101
39 5 888 8879
39 6 872 8719
39 7 388 3878
39 8 315 3145
39 9 669 6693
39 10 529 5290
39 11 445 4452
39 12 790 7895
39 13 28 283
39 14 976 9762
39 15 396 3963
39 16 388 3885
39 17 364 3638
39 18 610 6102
39 19 766 7657
39 20 473 4734
39 21 756 7556
39 22 1061 10614
39 23 889 8893
39 24 836 8362
39 25 962 9620
39 26 722 7218
39 27 239 2389
39 28 631 6306
39 29 498 4978
39 30 70 700
39 31 410 4103
39 32 340 3405
39 33 740 7399
39 34 273 2725
39 35 705 7049
39 36 355 3554
39 37 953 9533
39 38 200 1995
39 40 697 6972
40 1 761 7612
40 2 394 3939
40 3 424 4242
40 4 196 1963
40 5 441 4412
40 6 569 5693
40 7 456 4560
40 8 565 5655
40 9 432 4316
40 10 315 3151
40 11 503 5034
40 12 251 2508
40 13 676 6755
40 14 327 3269
40 15 659 6591
40 16 722 7219
40 17 732 7319
40 18 383 3829
40 19 473 4734
40 20 226 2258
40 21 658 6583
40 22 366 3665
40 23 192 1925
40 24 144 1443
40 25 329 3293
40 26 616 6165
40 27 507 5065
40 28 647 6472
40 29 336 3356
40 30 694 6944
40 31 370 3696
40 32 503 5028
40 33 104 1042
40 34 427 4266
40 35 387 3870
40 36 522 5224
40 37 360 3603
40 38 498 4977
40 39 697 6972
