40
93
299
28
21
27
15
4
19
5
20
3
32
11
8
34
29
28
9
38
10
16
35
40
18
23
7
24
14
25
12
1
11
2
40
20
9
18
37
15
3
12
27
7
1 2 798 7983
1 3 136 1361
1 4 712 7124
1 5 548 5484
1 6 647 6469
1 7 476 4758
1 8 749 7488
1 9 315 3154
1 10 713 7128
1 11 214 2137
1 12 701 7007
1 13 833 8330
1 14 657 6569
1 15 138 1380
1 16 430 4296
1 17 275 2750
1 18 332 3319
1 19 423 4233
1 20 345 3451
1 21 383 3826
1 22 777 7766
1 23 402 4018
1 24 74 744
1 25 354 3541
1 26 721 7210
1 27 410 4101
1 28 504 5037
1 29 814 8143
1 30 517 5174
1 31 310 3099
1 32 659 6589
1 33 20 201
1 34 151 1512
1 35 307 3068
1 36 269 2690
1 37 801 8015
1 38 802 8016
1 39 318 3178
1 40 808 8076
2 1 798 7983
2 3 934 9343
2 4 228 2280
2 5 250 2505
2 6 628 6279
2 7 490 4904
2 8 171 1714
2 9 667 6673
2 10 396 3960
2 11 760 7596
2 12 611 6106
2 13 266 2657
2 14 533 5328
2 15 808 8083
2 16 628 6283
2 17 527 5269
2 18 496 4958
2 19 973 9729
2 20 773 7726
2 21 538 5378
2 22 287 2866
2 23 403 4032
2 24 733 7334
2 25 553 5532
2 26 357 3570
2 27 1017 10168
2 28 542 5421
2 29 279 2793
2 30 361 3609
2 31 503 5029
2 32 280 2796
2 33 791 7913
2 34 655 6553
2 35 565 5648
2 36 570 5697
2 37 257 2567
2 38 282 2823
2 39 493 4927
2 40 396 3956
3 1 136 1361
3 2 934 9343
3 4 844 8438
3 5 684 6844
3 6 741 7408
3 7 592 5921
3 8 882 8824
3 9 410 4101
3 10 833 8333
3 11 286 2861
3 12 798 7983
3 13 963 9627
3 14 765 7646
3 15 194 1944
3 16 525 5246
3 17 410 4103
3 18 463 4630
3 19 418 4180
3 20 405 4051
3 21 500 4995
3 22 905 9053
3 23 537 5371
3 24 205 2046
3 25 471 4713
3 26 845 8453
3 27 385 3854
3 28 612 6121
3 29 943 9431
3 30 646 6464
3 31 443 4430
3 32 789 7889
3 33 145 1446
3 34 284 2839
3 35 428 4280
3 36 395 3953
3 37 931 9313
3 38 930 9301
3 39 451 4515
3 40 930 9298
4 1 712 7124
4 2 228 2280
4 3 844 8438
4 5 252 2522
4 6 403 4032
4 7 304 3035
4 8 359 3588
4 9 677 6773
4 10 169 1688
4 11 618 6182
4 12 383 3829
4 13 125 1251
4 14 662 6620
4 15 685 6852
4 16 439 4395
4 17 473 4734
4 18 480 4796
4 19 796 7964
4 20 600 5995
4 21 565 5647
4 22 476 4765
4 23 379 3795
4 24 640 6398
4 25 569 5692
4 26 521 5214
4 27 1012 10117
4 28 619 6186
4 29 114 1138
4 30 200 2001
4 31 403 4030
4 32 419 4193
4 33 711 7110
4 34 561 5613
4 35 560 5599
4 36 450 4502
4 37 94 944
4 38 105 1052
4 39 396 3958
4 40 584 5836
5 1 548 5484
5 2 250 2505
5 3 684 6844
5 4 252 2522
5 6 529 5287
5 7 327 3274
5 8 233 2330
5 9 439 4388
5 10 375 3747
5 11 529 5288
5 12 537 5368
5 13 370 3698
5 14 425 4248
5 15 567 5673
5 16 449 4494
5 17 276 2764
5 18 252 2517
5 19 763 7626
5 20 566 5657
5 21 318 3178
5 22 317 3167
5 23 154 1543
5 24 485 4850
5 25 326 3263
5 26 323 3225
5 27 784 7839
5 28 367 3668
5 29 364 3641
5 30 204 2042
5 31 263 2628
5 32 216 2155
5 33 541 5410
5 34 408 4080
5 35 327 3268
5 36 335 3349
5 37 342 3422
5 38 357 3568
5 39 252 2520
5 40 404 4045
6 1 647 6469
6 2 628 6279
6 3 741 7408
6 4 403 4032
6 5 529 5287
6 7 226 2259
6 8 728 7278
6 9 789 7888
6 10 250 2502
6 11 455 4553
6 12 62 622
6 13 441 4408
6 14 936 9357
6 15 547 5467
6 16 218 2176
6 17 551 5511
6 18 612 6122
6 19 502 5025
6 20 356 3558
6 21 729 7290
6 22 834 8341
6 23 549 5488
6 24 579 5787
6 25 717 7172
6 26 851 8510
6 27 1043 10426
6 28 835 8352
6 29 414 4142
6 30 325 3251
6 31 438 4376
6 32 744 7435
6 33 657 6570
6 34 527 5266
6 35 680 6805
6 36 415 4154
6 37 423 4227
6 38 402 4019
6 39 441 4406
6 40 930 9304
7 1 476 4758
7 2 490 4904
7 3 592 5921
7 4 304 3035
7 5 327 3274
7 6 226 2259
7 8 549 5494
7 9 569 5687
7 10 243 2428
7 11 331 3312
7 12 258 2584
7 13 399 3993
7 14 715 7151
7 15 411 4110
7 16 139 1385
7 17 330 3296
7 18 387 3869
7 19 493 4931
7 20 296 2962
7 21 503 5034
7 22 643 6435
7 23 324 3240
7 24 402 4021
7 25 492 4922
7 26 647 6468
7 27 846 8459
7 28 610 6098
7 29 375 3754
7 30 133 1326
7 31 217 2173
7 32 541 5414
7 33 481 4811
7 34 335 3350
7 35 457 4572
7 36 214 2136
7 37 370 3704
7 38 361 3615
7 39 219 2187
7 40 731 7311
8 1 749 7488
8 2 171 1714
8 3 882 8824
8 4 359 3588
8 5 233 2330
8 6 728 7278
8 7 549 5494
8 9 558 5582
8 10 524 5235
8 11 757 7573
8 12 723 7228
8 13 427 4275
8 14 367 3672
8 15 788 7878
8 16 678 6782
8 17 475 4753
8 18 421 4209
8 19 995 9952
8 20 799 7987
8 21 428 4275
8 22 119 1193
8 23 350 3500
8 24 694 6935
8 25 449 4488
8 26 186 1859
8 27 904 9038
8 28 400 4003
8 29 437 4368
8 30 418 4181
8 31 490 4896
8 32 125 1247
8 33 738 7380
8 34 621 6214
8 35 474 4737
8 36 564 5636
8 37 413 4129
8 38 437 4369
8 39 479 4787
8 40 229 2286
9 1 315 3154
9 2 667 6673
9 3 410 4101
9 4 677 6773
9 5 439 4388
9 6 789 7888
9 7 569 5687
9 8 558 5582
9 10 750 7505
9 11 475 4749
9 12 827 8268
9 13 801 8010
9 14 357 3569
9 15 435 4346
9 16 599 5995
9 17 239 2391
9 18 200 1996
9 19 723 7226
9 20 593 5933
9 21 131 1311
9 22 543 5432
9 23 298 2980
9 24 315 3146
9 25 114 1142
9 26 467 4669
9 27 350 3496
9 28 208 2076
9 29 791 7911
9 30 531 5314
9 31 352 3518
9 32 441 4414
9 33 296 2960
9 34 304 3042
9 35 119 1189
9 36 381 3809
9 37 771 7713
9 38 782 7816
9 39 350 3500
9 40 542 5424
10 1 713 7128
10 2 396 3960
10 3 833 8333
10 4 169 1688
10 5 375 3747
10 6 250 2502
10 7 243 2428
10 8 524 5235
10 9 750 7505
10 11 573 5728
10 12 219 2193
10 13 192 1916
10 14 799 7991
10 15 654 6538
10 16 352 3521
10 17 521 5209
10 18 552 5522
10 19 703 7035
10 20 520 5198
10 21 656 6556
10 22 639 6392
10 23 461 4612
10 24 638 6385
10 25 653 6534
10 26 676 6760
10 27 1061 10607
10 28 733 7329
10 29 165 1649
10 30 219 2193
10 31 423 4233
10 32 570 5703
10 33 716 7162
10 34 566 5662
10 35 632 6319
10 36 445 4446
10 37 172 1725
10 38 152 1522
10 39 420 4200
10 40 744 7442
11 1 214 2137
11 2 760 7596
11 3 286 2861
11 4 618 6182
11 5 529 5288
11 6 455 4553
11 7 331 3312
11 8 757 7573
11 9 475 4749
11 10 573 5728
11 12 514 5137
11 13 726 7259
11 14 767 7675
11 15 92 917
11 16 241 2411
11 17 316 3157
11 18 397 3971
11 19 259 2586
11 20 131 1315
11 21 492 4922
11 22 816 8155
11 23 419 4186
11 24 168 1684
11 25 467 4669
11 26 782 7816
11 27 624 6237
11 28 622 6220
11 29 703 7032
11 30 420 4195
11 31 268 2677
11 32 697 6968
11 33 230 2298
11 34 177 1768
11 35 416 4157
11 36 194 1940
11 37 696 6957
11 38 689 6895
11 39 279 2786
11 40 872 8720
12 1 701 7007
12 2 611 6106
12 3 798 7983
12 4 383 3829
12 5 537 5368
12 6 62 622
12 7 258 2584
12 8 723 7228
12 9 827 8268
12 10 219 2193
12 11 514 5137
12 13 404 4041
12 14 953 9528
12 15 605 6047
12 16 274 2738
12 17 588 5879
12 18 644 6440
12 19 564 5639
12 20 417 4173
12 21 759 7594
12 22 833 8331
12 23 574 5735
12 24 631 6312
12 25 749 7495
12 26 857 8566
12 27 1092 10918
12 28 860 8601
12 29 378 3780
12 30 338 3376
12 31 475 4751
12 32 749 7490
12 33 710 7100
12 34 575 5754
12 35 715 7155
12 36 460 4604
12 37 389 3893
12 38 367 3667
12 39 477 4769
12 40 933 9329
13 1 833 8330
13 2 266 2657
13 3 963 9627
13 4 125 1251
13 5 370 3698
13 6 441 4408
13 7 399 3993
13 8 427 4275
13 9 801 8010
13 10 192 1916
13 11 726 7259
13 12 404 4041
13 14 762 7619
13 15 798 7979
13 16 527 5268
13 17 598 5983
13 18 604 6041
13 19 884 8839
13 20 693 6927
13 21 686 6860
13 22 546 5464
13 23 504 5036
13 24 760 7597
13 25 692 6918
13 26 605 6054
13 27 1137 11367
13 28 732 7323
13 29 27 267
13 30 316 3162
13 31 525 5248
13 32 511 5108
13 33 832 8324
13 34 682 6818
13 35 684 6841
13 36 568 5676
13 37 32 315
13 38 40 400
13 39 518 5181
13 40 656 6559
14 1 657 6569
14 2 533 5328
14 3 765 7646
14 4 662 6620
14 5 425 4248
14 6 936 9357
14 7 715 7151
14 8 367 3672
14 9 357 3569
14 10 799 7991
14 11 767 7675
14 12 953 9528
14 13 762 7619
14 15 754 7543
14 16 804 8038
14 17 456 4560
14 18 373 3734
14 19 1026 10260
14 20 860 8604
14 21 279 2786
14 22 283 2825
14 23 395 3951
14 24 635 6346
14 25 306 3062
14 26 191 1907
14 27 637 6368
14 28 153 1532
14 29 764 7640
14 30 615 6153
14 31 544 5443
14 32 255 2546
14 33 639 6391
14 34 593 5926
14 35 357 3570
14 36 609 6087
14 37 740 7401
14 38 760 7600
14 39 536 5359
14 40 224 2237
15 1 138 1380
15 2 808 8083
15 3 194 1944
15 4 685 6852
15 5 567 5673
15 6 547 5467
15 7 411 4110
15 8 788 7878
15 9 435 4346
15 10 654 6538
15 11 92 917
15 12 605 6047
15 13 798 7979
15 14 754 7543
15 16 331 3314
15 17 322 3217
15 18 397 3970
15 19 290 2896
15 20 216 2159
15 21 476 4757
15 22 834 8342
15 23 440 4396
15 24 121 1213
15 25 448 4483
15 26 791 7909
15 27 542 5421
15 28 604 6038
15 29 776 7764
15 30 485 4851
15 31 306 3058
15 32 715 7147
15 33 157 1569
15 34 171 1705
15 35 397 3973
15 36 240 2401
15 37 767 7672
15 38 763 7629
15 39 316 3162
15 40 880 8803
16 1 430 4296
16 2 628 6283
16 3 525 5246
16 4 439 4395
16 5 449 4494
16 6 218 2176
16 7 139 1385
16 8 678 6782
16 9 599 5995
16 10 352 3521
16 11 241 2411
16 12 274 2738
16 13 527 5268
16 14 804 8038
16 15 331 3314
16 17 372 3720
16 18 446 4458
16 19 358 3578
16 20 168 1677
16 21 562 5625
16 22 765 7655
16 23 409 4095
16 24 363 3627
16 25 545 5454
16 26 759 7591
16 27 829 8293
16 28 682 6820
16 29 502 5016
16 30 268 2683
16 31 264 2642
16 32 657 6572
16 33 440 4402
16 34 317 3165
16 35 502 5018
16 36 219 2186
16 37 500 4996
16 38 488 4877
16 39 271 2710
16 40 846 8464
17 1 275 2750
17 2 527 5269
17 3 410 4103
17 4 473 4734
17 5 276 2764
17 6 551 5511
17 7 330 3296
17 8 475 4753
17 9 239 2391
17 10 521 5209
17 11 316 3157
17 12 588 5879
17 13 598 5983
17 14 456 4560
17 15 322 3217
17 16 372 3720
17 18 83 826
17 19 574 5735
17 20 405 4048
17 21 193 1925
17 22 513 5131
17 23 127 1268
17 24 219 2186
17 25 174 1736
17 26 470 4699
17 27 543 5425
17 28 318 3183
17 29 584 5841
17 30 303 3026
17 31 113 1134
17 32 394 3938
17 33 266 2660
17 34 151 1512
17 35 131 1306
17 36 158 1581
17 37 567 5671
17 38 573 5729
17 39 111 1110
17 40 560 5597
18 1 332 3319
18 2 496 4958
18 3 463 4630
18 4 480 4796
18 5 252 2517
18 6 612 6122
18 7 387 3869
18 8 421 4209
18 9 200 1996
18 10 552 5522
18 11 397 3971
18 12 644 6440
18 13 604 6041
18 14 373 3734
18 15 397 3970
18 16 446 4458
18 17 83 826
18 19 655 6554
18 20 487 4871
18 21 118 1176
18 22 445 4450
18 23 101 1009
18 24 286 2861
18 25 105 1055
18 26 395 3946
18 27 535 5347
18 28 238 2379
18 29 593 5931
18 30 334 3339
18 31 182 1818
18 32 327 3270
18 33 319 3194
18 34 228 2276
18 35 81 808
18 36 238 2378
18 37 574 5739
18 38 583 5832
18 39 176 1758
18 40 484 4836
19 1 423 4233
19 2 973 9729
19 3 418 4180
19 4 796 7964
19 5 763 7626
19 6 502 5025
19 7 493 4931
19 8 995 9952
19 9 723 7226
19 10 703 7035
19 11 259 2586
19 12 564 5639
19 13 884 8839
19 14 1026 10260
19 15 290 2896
19 16 358 3578
19 17 574 5735
19 18 655 6554
19 20 200 2003
19 21 750 7501
19 22 1063 10634
19 23 670 6697
19 24 408 4080
19 25 724 7243
19 26 1035 10354
19 27 802 8020
19 28 880 8799
19 29 858 8583
19 30 614 6139
19 31 513 5125
19 32 946 9461
19 33 443 4431
19 34 434 4342
19 35 673 6730
19 36 438 4380
19 37 857 8571
19 38 844 8444
19 39 523 5232
19 40 1126 11258
20 1 345 3451
20 2 773 7726
20 3 405 4051
20 4 600 5995
20 5 566 5657
20 6 356 3558
20 7 296 2962
20 8 799 7987
20 9 593 5933
20 10 520 5198
20 11 131 1315
20 12 417 4173
20 13 693 6927
20 14 860 8604
20 15 216 2159
20 16 168 1677
20 17 405 4048
20 18 487 4871
20 19 200 2003
20 21 593 5933
20 22 872 8720
20 23 485 4849
20 24 297 2975
20 25 570 5704
20 26 850 8503
20 27 755 7548
20 28 722 7218
20 29 668 6679
20 30 414 4138
20 31 326 3257
20 32 757 7566
20 33 361 3612
20 34 289 2892
20 35 521 5205
20 36 254 2541
20 37 665 6648
20 38 654 6539
20 39 336 3358
20 40 940 9403
21 1 383 3826
21 2 538 5378
21 3 500 4995
21 4 565 5647
21 5 318 3178
21 6 729 7290
21 7 503 5034
21 8 428 4275
21 9 131 1311
21 10 656 6556
21 11 492 4922
21 12 759 7594
21 13 686 6860
21 14 279 2786
21 15 476 4757
21 16 562 5625
21 17 193 1925
21 18 118 1176
21 19 750 7501
21 20 593 5933
21 22 419 4191
21 23 194 1944
21 24 356 3561
21 25 28 285
21 26 349 3493
21 27 480 4800
21 28 130 1298
21 29 678 6783
21 30 441 4407
21 31 299 2989
21 32 313 3126
21 33 366 3659
21 34 316 3159
21 35 78 783
21 36 351 3506
21 37 657 6573
21 38 670 6698
21 39 293 2933
21 40 431 4311
22 1 777 7766
22 2 287 2866
22 3 905 9053
22 4 476 4765
22 5 317 3167
22 6 834 8341
22 7 643 6435
22 8 119 1193
22 9 543 5432
22 10 639 6392
22 11 816 8155
22 12 833 8331
22 13 546 5464
22 14 283 2825
22 15 834 8342
22 16 765 7655
22 17 513 5131
22 18 445 4450
22 19 1063 10634
22 20 872 8720
22 21 419 4191
22 23 397 3972
22 24 730 7297
22 25 445 4447
22 26 92 923
22 27 875 8751
22 28 357 3566
22 29 556 5560
22 30 516 5160
22 31 551 5510
22 32 119 1195
22 33 763 7633
22 34 664 6641
22 35 480 4803
22 36 626 6257
22 37 532 5322
22 38 556 5562
22 39 540 5402
22 40 110 1095
23 1 402 4018
23 2 403 4032
23 3 537 5371
23 4 379 3795
23 5 154 1543
23 6 549 5488
23 7 324 3240
23 8 350 3500
23 9 298 2980
23 10 461 4612
23 11 419 4186
23 12 574 5735
23 13 504 5036
23 14 395 3951
23 15 440 4396
23 16 409 4095
23 17 127 1268
23 18 101 1009
23 19 670 6697
23 20 485 4849
23 21 194 1944
23 22 397 3972
23 24 344 3438
23 25 193 1932
23 26 366 3661
23 27 635 6355
23 28 287 2867
23 29 493 4931
23 30 247 2470
23 31 159 1592
23 32 278 2782
23 33 393 3926
23 34 272 2716
23 35 181 1805
23 36 232 2322
23 37 474 4736
23 38 484 4836
23 39 149 1492
23 40 456 4563
24 1 74 744
24 2 733 7334
24 3 205 2046
24 4 640 6398
24 5 485 4850
24 6 579 5787
24 7 402 4021
24 8 694 6935
24 9 315 3146
24 10 638 6385
24 11 168 1684
24 12 631 6312
24 13 760 7597
24 14 635 6346
24 15 121 1213
24 16 363 3627
24 17 219 2186
24 18 286 2861
24 19 408 4080
24 20 297 2975
24 21 356 3561
24 22 730 7297
24 23 344 3438
24 25 328 3284
24 26 680 6805
24 27 468 4683
24 28 483 4833
24 29 741 7407
24 30 444 4438
24 31 238 2384
24 32 611 6108
24 33 79 794
24 34 79 794
24 35 278 2779
24 36 195 1947
24 37 728 7282
24 38 728 7280
24 39 247 2469
24 40 769 7689
25 1 354 3541
25 2 553 5532
25 3 471 4713
25 4 569 5692
25 5 326 3263
25 6 717 7172
25 7 492 4922
25 8 449 4488
25 9 114 1142
25 10 653 6534
25 11 467 4669
25 12 749 7495
25 13 692 6918
25 14 306 3062
25 15 448 4483
25 16 545 5454
25 17 174 1736
25 18 105 1055
25 19 724 7243
25 20 570 5704
25 21 28 285
25 22 445 4447
25 23 193 1932
25 24 328 3284
25 26 376 3765
25 27 464 4636
25 28 156 1559
25 29 683 6830
25 30 436 4365
25 31 283 2833
25 32 336 3362
25 33 337 3374
25 34 290 2902
25 35 51 514
25 36 331 3310
25 37 663 6626
25 38 674 6740
25 39 279 2785
25 40 459 4590
26 1 721 7210
26 2 357 3570
26 3 845 8453
26 4 521 5214
26 5 323 3225
26 6 851 8510
26 7 647 6468
26 8 186 1859
26 9 467 4669
26 10 676 6760
26 11 782 7816
26 12 857 8566
26 13 605 6054
26 14 191 1907
26 15 791 7909
26 16 759 7591
26 17 470 4699
26 18 395 3946
26 19 1035 10354
26 20 850 8503
26 21 349 3493
26 22 92 923
26 23 366 3661
26 24 680 6805
26 25 376 3765
26 27 790 7905
26 28 271 2714
26 29 612 6118
26 30 527 5267
26 31 525 5249
26 32 108 1077
26 33 706 7063
26 34 621 6205
26 35 417 4173
26 36 598 5983
26 37 588 5877
26 38 610 6102
26 39 515 5146
26 40 90 904
27 1 410 4101
27 2 1017 10168
27 3 385 3854
27 4 1012 10117
27 5 784 7839
27 6 1043 10426
27 7 846 8459
27 8 904 9038
27 9 350 3496
27 10 1061 10607
27 11 624 6237
27 12 1092 10918
27 13 1137 11367
27 14 637 6368
27 15 542 5421
27 16 829 8293
27 17 543 5425
27 18 535 5347
27 19 802 8020
27 20 755 7548
27 21 480 4800
27 22 875 8751
27 23 635 6355
27 24 468 4683
27 25 464 4636
27 26 790 7905
27 28 519 5192
27 29 1124 11241
27 30 844 8442
27 31 638 6382
27 32 783 7833
27 33 395 3952
27 34 516 5164
27 35 457 4571
27 36 633 6334
27 37 1106 11060
27 38 1114 11135
27 39 641 6409
27 40 853 8527
28 1 504 5037
28 2 542 5421
28 3 612 6121
28 4 619 6186
28 5 367 3668
28 6 835 8352
28 7 610 6098
28 8 400 4003
28 9 208 2076
28 10 733 7329
28 11 622 6220
28 12 860 8601
28 13 732 7323
28 14 153 1532
28 15 604 6038
28 16 682 6820
28 17 318 3183
28 18 238 2379
28 19 880 8799
28 20 722 7218
28 21 130 1298
28 22 357 3566
28 23 287 2867
28 24 483 4833
28 25 156 1559
28 26 271 2714
28 27 519 5192
28 29 729 7290
28 30 529 5288
28 31 418 4180
28 32 276 2757
28 33 486 4859
28 34 446 4457
28 35 207 2072
28 36 476 4755
28 37 706 7063
28 38 722 7225
28 39 411 4110
28 40 339 3390
29 1 814 8143
29 2 279 2793
29 3 943 9431
29 4 114 1138
29 5 364 3641
29 6 414 4142
29 7 375 3754
29 8 437 4368
29 9 791 7911
29 10 165 1649
29 11 703 7032
29 12 378 3780
29 13 27 267
29 14 764 7640
29 15 776 7764
29 16 502 5016
29 17 584 5841
29 18 593 5931
29 19 858 8583
29 20 668 6679
29 21 678 6783
29 22 556 5560
29 23 493 4931
29 24 741 7407
29 25 683 6830
29 26 612 6118
29 27 1124 11241
29 28 729 7290
29 30 297 2970
29 31 507 5073
29 32 515 5149
29 33 814 8142
29 34 663 6634
29 35 674 6735
29 36 548 5478
29 37 24 241
29 38 14 139
29 39 501 5009
29 40 665 6653
30 1 517 5174
30 2 361 3609
30 3 646 6464
30 4 200 2001
30 5 204 2042
30 6 325 3251
30 7 133 1326
30 8 418 4181
30 9 531 5314
30 10 219 2193
30 11 420 4195
30 12 338 3376
30 13 316 3162
30 14 615 6153
30 15 485 4851
30 16 268 2683
30 17 303 3026
30 18 334 3339
30 19 614 6139
30 20 414 4138
30 21 441 4407
30 22 516 5160
30 23 247 2470
30 24 444 4438
30 25 436 4365
30 26 527 5267
30 27 844 8442
30 28 529 5288
30 29 297 2970
30 31 212 2123
30 32 420 4196
30 33 518 5176
30 34 366 3665
30 35 413 4130
30 36 251 2514
30 37 285 2849
30 38 284 2842
30 39 207 2071
30 40 608 6080
31 1 310 3099
31 2 503 5029
31 3 443 4430
31 4 403 4030
31 5 263 2628
31 6 438 4376
31 7 217 2173
31 8 490 4896
31 9 352 3518
31 10 423 4233
31 11 268 2677
31 12 475 4751
31 13 525 5248
31 14 544 5443
31 15 306 3058
31 16 264 2642
31 17 113 1134
31 18 182 1818
31 19 513 5125
31 20 326 3257
31 21 299 2989
31 22 551 5510
31 23 159 1592
31 24 238 2384
31 25 283 2833
31 26 525 5249
31 27 638 6382
31 28 418 4180
31 29 507 5073
31 30 212 2123
31 32 434 4336
31 33 308 3081
31 34 159 1592
31 35 243 2434
31 36 75 748
31 37 493 4933
31 38 495 4950
31 39 11 109
31 40 615 6151
32 1 659 6589
32 2 280 2796
32 3 789 7889
32 4 419 4193
32 5 216 2155
32 6 744 7435
32 7 541 5414
32 8 125 1247
32 9 441 4414
32 10 570 5703
32 11 697 6968
32 12 749 7490
32 13 511 5108
32 14 255 2546
32 15 715 7147
32 16 657 6572
32 17 394 3938
32 18 327 3270
32 19 946 9461
32 20 757 7566
32 21 313 3126
32 22 119 1195
32 23 278 2782
32 24 611 6108
32 25 336 3362
32 26 108 1077
32 27 783 7833
32 28 276 2757
32 29 515 5149
32 30 420 4196
32 31 434 4336
32 33 646 6461
32 34 545 5446
32 35 367 3675
32 36 508 5081
32 37 491 4909
32 38 512 5122
32 39 423 4229
32 40 190 1898
33 1 20 201
33 2 791 7913
33 3 145 1446
33 4 711 7110
33 5 541 5410
33 6 657 6570
33 7 481 4811
33 8 738 7380
33 9 296 2960
33 10 716 7162
33 11 230 2298
33 12 710 7100
33 13 832 8324
33 14 639 6391
33 15 157 1569
33 16 440 4402
33 17 266 2660
33 18 319 3194
33 19 443 4431
33 20 361 3612
33 21 366 3659
33 22 763 7633
33 23 393 3926
33 24 79 794
33 25 337 3374
33 26 706 7063
33 27 395 3952
33 28 486 4859
33 29 814 8142
33 30 518 5176
33 31 308 3081
33 32 646 6461
33 34 151 1512
33 35 291 2908
33 36 272 2717
33 37 801 8009
33 38 802 8017
33 39 316 3155
33 40 792 7924
34 1 151 1512
34 2 655 6553
34 3 284 2839
34 4 561 5613
34 5 408 4080
34 6 527 5266
34 7 335 3350
34 8 621 6214
34 9 304 3042
34 10 566 5662
34 11 177 1768
34 12 575 5754
34 13 682 6818
34 14 593 5926
34 15 171 1705
34 16 317 3165
34 17 151 1512
34 18 228 2276
34 19 434 4342
34 20 289 2892
34 21 316 3159
34 22 664 6641
34 23 272 2716
34 24 79 794
34 25 290 2902
34 26 621 6205
34 27 516 5164
34 28 446 4457
34 29 663 6634
34 30 366 3665
34 31 159 1592
34 32 545 5446
34 33 151 1512
34 35 239 2389
34 36 122 1221
34 37 650 6504
34 38 651 6507
34 39 168 1676
34 40 710 7102
35 1 307 3068
35 2 565 5648
35 3 428 4280
35 4 560 5599
35 5 327 3268
35 6 680 6805
35 7 457 4572
35 8 474 4737
35 9 119 1189
35 10 632 6319
35 11 416 4157
35 12 715 7155
35 13 684 6841
35 14 357 3570
35 15 397 3973
35 16 502 5018
35 17 131 1306
35 18 81 808
35 19 673 6730
35 20 521 5205
35 21 78 783
35 22 480 4803
35 23 181 1805
35 24 278 2779
35 25 51 514
35 26 417 4173
35 27 457 4571
35 28 207 2072
35 29 674 6735
35 30 413 4130
35 31 243 2434
35 32 367 3675
35 33 291 2908
35 34 239 2389
35 36 285 2852
35 37 654 6541
35 38 664 6638
35 39 240 2399
35 40 502 5021
36 1 269 2690
36 2 570 5697
36 3 395 3953
36 4 450 4502
36 5 335 3349
36 6 415 4154
36 7 214 2136
36 8 564 5636
36 9 381 3809
36 10 445 4446
36 11 194 1940
36 12 460 4604
36 13 568 5676
36 14 609 6087
36 15 240 2401
36 16 219 2186
36 17 158 1581
36 18 238 2378
36 19 438 4380
36 20 254 2541
36 21 351 3506
36 22 626 6257
36 23 232 2322
36 24 195 1947
36 25 331 3310
36 26 598 5983
36 27 633 6334
36 28 476 4755
36 29 548 5478
36 30 251 2514
36 31 75 748
36 32 508 5081
36 33 272 2717
36 34 122 1221
36 35 285 2852
36 37 536 5362
36 38 535 5348
36 39 86 856
36 40 689 6886
37 1 801 8015
37 2 257 2567
37 3 931 9313
37 4 94 944
37 5 342 3422
37 6 423 4227
37 7 370 3704
37 8 413 4129
37 9 771 7713
37 10 172 1725
37 11 696 6957
37 12 389 3893
37 13 32 315
37 14 740 7401
37 15 767 7672
37 16 500 4996
37 17 567 5671
37 18 574 5739
37 19 857 8571
37 20 665 6648
37 21 657 6573
37 22 532 5322
37 23 474 4736
37 24 728 7282
37 25 663 6626
37 26 588 5877
37 27 1106 11060
37 28 706 7063
37 29 24 241
37 30 285 2849
37 31 493 4933
37 32 491 4909
37 33 801 8009
37 34 650 6504
37 35 654 6541
37 36 536 5362
37 38 26 260
37 39 487 4865
37 40 641 6414
38 1 802 8016
38 2 282 2823
38 3 930 9301
38 4 105 1052
38 5 357 3568
38 6 402 4019
38 7 361 3615
38 8 437 4369
38 9 782 7816
38 10 152 1522
38 11 689 6895
38 12 367 3667
38 13 40 400
38 14 760 7600
38 15 763 7629
38 16 488 4877
38 17 573 5729
38 18 583 5832
38 19 844 8444
38 20 654 6539
38 21 670 6698
38 22 556 5562
38 23 484 4836
38 24 728 7280
38 25 674 6740
38 26 610 6102
38 27 1114 11135
38 28 722 7225
38 29 14 139
38 30 284 2842
38 31 495 4950
38 32 512 5122
38 33 802 8017
38 34 651 6507
38 35 664 6638
38 36 535 5348
38 37 26 260
38 39 489 4887
38 40 665 6653
39 1 318 3178
39 2 493 4927
39 3 451 4515
39 4 396 3958
39 5 252 2520
39 6 441 4406
39 7 219 2187
39 8 479 4787
39 9 350 3500
39 10 420 4200
39 11 279 2786
39 12 477 4769
39 13 518 5181
39 14 536 5359
39 15 316 3162
39 16 271 2710
39 17 111 1110
39 18 176 1758
39 19 523 5232
39 20 336 3358
39 21 293 2933
39 22 540 5402
39 23 149 1492
39 24 247 2469
39 25 279 2785
39 26 515 5146
39 27 641 6409
39 28 411 4110
39 29 501 5009
39 30 207 2071
39 31 11 109
39 32 423 4229
39 33 316 3155
39 34 168 1676
39 35 240 2399
39 36 86 856
39 37 487 4865
39 38 489 4887
39 40 605 6047
40 1 808 8076
40 2 396 3956
40 3 930 9298
40 4 584 5836
40 5 404 4045
40 6 930 9304
40 7 731 7311
40 8 229 2286
40 9 542 5424
40 10 744 7442
40 11 872 8720
40 12 933 9329
40 13 656 6559
40 14 224 2237
40 15 880 8803
40 16 846 8464
40 17 560 5597
40 18 484 4836
40 19 1126 11258
40 20 940 9403
40 21 431 4311
40 22 110 1095
40 23 456 4563
40 24 769 7689
40 25 459 4590
40 26 90 904
40 27 853 8527
40 28 339 3390
40 29 665 6653
40 30 608 6080
40 31 615 6151
40 32 190 1898
40 33 792 7924
40 34 710 7102
40 35 502 5021
40 36 689 6886
40 37 641 6414
40 38 665 6653
40 39 605 6047
