40
426
335
11
32
29
26
19
16
6
39
10
14
13
20
12
23
13
38
27
17
29
20
6
16
11
26
19
1 2 605 6048
1 3 122 1224
1 4 359 3586
1 5 586 5862
1 6 482 4819
1 7 234 2341
1 8 448 4478
1 9 769 7686
1 10 653 6534
1 11 575 5749
1 12 289 2893
1 13 205 2052
1 14 236 2359
1 15 568 5685
1 16 665 6651
1 17 29 290
1 18 692 6925
1 19 744 7437
1 20 71 708
1 21 139 1393
1 22 399 3986
1 23 248 2478
1 24 643 6434
1 25 250 2504
1 26 376 3763
1 27 306 3063
1 28 261 2611
1 29 412 4118
1 30 281 2811
1 31 104 1037
1 32 532 5321
1 33 757 7565
1 34 343 3434
1 35 541 5410
1 36 535 5347
1 37 485 4846
1 38 455 4547
1 39 828 8279
1 40 463 4629
2 1 605 6048
2 3 669 6686
2 4 286 2860
2 5 659 6590
2 6 1055 10553
2 7 821 8214
2 8 916 9159
2 9 564 5636
2 10 589 5893
2 11 868 8682
2 12 454 4535
2 13 401 4012
2 14 578 5783
2 15 340 3398
2 16 545 5449
2 17 597 5970
2 18 617 6169
2 19 320 3197
2 20 534 5340
2 21 571 5711
2 22 478 4777
2 23 388 3875
2 24 108 1076
2 25 685 6849
2 26 945 9446
2 27 504 5043
2 28 841 8408
2 29 943 9433
2 30 884 8843
2 31 611 6113
2 32 653 6535
2 33 688 6877
2 34 368 3685
2 35 774 7741
2 36 227 2269
2 37 927 9266
2 38 979 9791
2 39 357 3569
2 40 532 5324
3 1 122 1224
3 2 669 6686
3 4 453 4530
3 5 708 7085
3 6 500 4997
3 7 263 2632
3 8 525 5249
3 9 886 8865
3 10 775 7749
3 11 682 6824
3 12 274 2745
3 13 290 2900
3 14 171 1713
3 15 677 6774
3 16 785 7849
3 17 103 1033
3 18 814 8141
3 19 843 8429
3 20 167 1666
3 21 261 2614
3 22 519 5192
3 23 284 2842
3 24 722 7220
3 25 358 3582
3 26 407 4069
3 27 428 4280
3 28 295 2952
3 29 465 4645
3 30 267 2665
3 31 221 2207
3 32 654 6539
3 33 879 8787
3 34 351 3512
3 35 656 6565
3 36 632 6316
3 37 567 5673
3 38 508 5076
3 39 924 9242
3 40 413 4125
4 1 359 3586
4 2 286 2860
4 3 453 4530
4 5 444 4443
4 6 776 7757
4 7 551 5513
4 8 630 6302
4 9 485 4852
4 10 430 4299
4 11 604 6038
4 12 348 3476
4 13 164 1637
4 14 430 4301
4 15 243 2426
4 16 411 4110
4 17 360 3604
4 18 467 4674
4 19 390 3900
4 20 292 2921
4 21 293 2930
4 22 225 2251
4 23 234 2340
4 24 294 2942
4 25 399 3991
4 26 665 6655
4 27 224 2240
4 28 567 5672
4 29 659 6588
4 30 625 6246
4 31 339 3388
4 32 420 4195
4 33 542 5425
4 34 303 3031
4 35 518 5182
4 36 179 1786
4 37 642 6423
4 38 694 6938
4 39 472 4715
4 40 512 5124
5 1 586 5862
5 2 659 6590
5 3 708 7085
5 4 444 4443
5 6 726 7259
5 7 619 6187
5 8 478 4781
5 9 301 3012
5 10 141 1408
5 11 277 2770
5 12 748 7483
5 13 520 5198
5 14 781 7807
5 15 335 3349
5 16 197 1969
5 17 609 6089
5 18 161 1607
5 19 503 5026
5 20 563 5625
5 21 447 4471
5 22 227 2266
5 23 635 6351
5 24 598 5977
5 25 392 3919
5 26 643 6429
5 27 291 2911
5 28 611 6106
5 29 578 5780
5 30 716 7155
5 31 491 4913
5 32 60 601
5 33 192 1924
5 34 730 7304
5 35 179 1786
5 36 434 4342
5 37 453 4531
5 38 588 5880
5 39 580 5800
5 40 933 9331
6 1 482 4819
6 2 1055 10553
6 3 500 4997
6 4 776 7757
6 5 726 7259
6 7 248 2481
6 8 258 2582
6 9 1011 10110
6 10 855 8547
6 11 514 5144
6 12 762 7623
6 13 663 6625
6 14 671 6710
6 15 905 9048
6 16 897 8966
6 17 503 5027
6 18 883 8833
6 19 1105 11049
6 20 546 5455
6 21 484 4843
6 22 677 6773
6 23 729 7291
6 24 1068 10683
6 25 393 3933
6 26 111 1106
6 27 597 5967
6 28 221 2213
6 29 148 1479
6 30 240 2404
6 31 445 4454
6 32 669 6687
6 33 916 9163
6 34 824 8244
6 35 570 5695
6 36 923 9228
6 37 299 2994
6 38 146 1458
6 39 1194 11939
6 40 912 9122
7 1 234 2341
7 2 821 8214
7 3 263 2632
7 4 551 5513
7 5 619 6187
7 6 248 2481
7 8 284 2844
7 9 867 8674
7 10 725 7248
7 11 497 4972
7 12 516 5157
7 13 422 4223
7 14 432 4324
7 15 716 7160
7 16 754 7543
7 17 255 2547
7 18 760 7597
7 19 910 9097
7 20 299 2992
7 21 260 2604
7 22 502 5019
7 23 482 4817
7 24 845 8453
7 25 229 2285
7 26 146 1457
7 27 409 4091
7 28 32 322
7 29 204 2039
7 30 97 968
7 31 213 2125
7 32 559 5587
7 33 809 8091
7 34 576 5764
7 35 507 5070
7 36 713 7129
7 37 332 3322
7 38 246 2463
7 39 998 9978
7 40 673 6730
8 1 448 4478
8 2 916 9159
8 3 525 5249
8 4 630 6302
8 5 478 4781
8 6 258 2582
8 7 284 2844
8 9 773 7727
8 10 613 6130
8 11 257 2572
8 12 732 7319
8 13 564 5642
8 14 680 6801
8 15 703 7033
8 16 660 6602
8 17 476 4761
8 18 638 6382
8 19 904 9037
8 20 487 4872
8 21 375 3754
8 22 476 4760
8 23 662 6622
8 24 906 9061
8 25 237 2367
8 26 208 2083
8 27 416 4165
8 28 256 2558
8 29 119 1189
8 30 356 3562
8 31 363 3635
8 32 424 4240
8 33 665 6648
8 34 770 7702
8 35 313 3135
8 36 746 7456
8 37 50 497
8 38 113 1131
8 39 991 9915
8 40 911 9106
9 1 769 7686
9 2 564 5636
9 3 886 8865
9 4 485 4852
9 5 301 3012
9 6 1011 10110
9 7 867 8674
9 8 773 7727
9 10 161 1609
9 11 576 5759
9 12 833 8327
9 13 627 6274
9 14 906 9063
9 15 251 2506
9 16 115 1146
9 17 783 7834
9 18 145 1451
9 19 287 2870
9 20 722 7217
9 21 643 6425
9 22 374 3737
9 23 718 7184
9 24 468 4676
9 25 642 6417
9 26 919 9190
9 27 470 4696
9 28 867 8665
9 29 864 8642
9 30 962 9620
9 31 695 6951
9 32 350 3497
9 33 171 1711
9 34 784 7838
9 35 480 4796
9 36 361 3606
9 37 752 7515
9 38 879 8792
9 39 336 3356
9 40 992 9922
10 1 653 6534
10 2 589 5893
10 3 775 7749
10 4 430 4299
10 5 141 1408
10 6 855 8547
10 7 725 7248
10 8 613 6130
10 9 161 1609
10 11 417 4172
10 12 766 7657
10 13 544 5441
10 14 820 8199
10 15 250 2496
10 16 60 603
10 17 672 6720
10 18 40 397
10 19 382 3823
10 20 616 6163
10 21 519 5192
10 22 257 2568
10 23 650 6496
10 24 512 5117
10 25 497 4966
10 26 766 7658
10 27 347 3472
10 28 721 7210
10 29 707 7073
10 30 821 8208
10 31 569 5693
10 32 189 1892
10 33 113 1129
10 34 732 7318
10 35 319 3194
10 36 364 3638
10 37 591 5908
10 38 721 7206
10 39 453 4528
10 40 940 9405
11 1 575 5749
11 2 868 8682
11 3 682 6824
11 4 604 6038
11 5 277 2770
11 6 514 5144
11 7 497 4972
11 8 257 2572
11 9 576 5759
11 10 417 4172
11 12 819 8193
11 13 607 6065
11 14 807 8065
11 15 583 5825
11 16 474 4739
11 17 603 6033
11 18 432 4318
11 19 768 7684
11 20 585 5850
11 21 453 4527
11 22 390 3905
11 23 723 7227
11 24 829 8287
11 25 325 3251
11 26 460 4604
11 27 385 3851
11 28 476 4763
11 29 375 3752
11 30 586 5857
11 31 472 4719
11 32 242 2423
11 33 439 4393
11 34 831 8311
11 35 102 1024
11 36 660 6598
11 37 215 2154
11 38 369 3685
11 39 850 8501
11 40 1009 10089
12 1 289 2893
12 2 454 4535
12 3 274 2745
12 4 348 3476
12 5 748 7483
12 6 762 7623
12 7 516 5157
12 8 732 7319
12 9 833 8327
12 10 766 7657
12 11 819 8193
12 13 229 2286
12 14 131 1308
12 15 588 5882
12 16 754 7542
12 17 264 2639
12 18 805 8047
12 19 703 7030
12 20 245 2454
12 21 371 3710
12 22 524 5238
12 23 116 1161
12 24 533 5335
12 25 513 5128
12 26 661 6610
12 27 464 4636
12 28 545 5453
12 29 701 7011
12 30 538 5381
12 31 370 3695
12 32 707 7073
12 33 878 8783
12 34 88 884
12 35 762 7618
12 36 502 5023
12 37 765 7650
12 38 744 7440
12 39 771 7707
12 40 190 1901
13 1 205 2052
13 2 401 4012
13 3 290 2900
13 4 164 1637
13 5 520 5198
13 6 663 6625
13 7 422 4223
13 8 564 5642
13 9 627 6274
13 10 544 5441
13 11 607 6065
13 12 229 2286
13 14 279 2791
13 15 398 3981
13 16 539 5388
13 17 202 2018
13 18 584 5836
13 19 554 5536
13 20 135 1350
13 21 190 1901
13 22 296 2962
13 23 118 1184
13 24 439 4387
13 25 329 3288
13 26 552 5525
13 27 236 2364
13 28 444 4438
13 29 565 5650
13 30 483 4832
13 31 218 2180
13 32 479 4789
13 33 656 6557
13 34 225 2247
13 35 540 5405
13 36 342 3421
13 37 588 5880
13 38 605 6046
13 39 634 6343
13 40 416 4157
14 1 236 2359
14 2 578 5783
14 3 171 1713
14 4 430 4301
14 5 781 7807
14 6 671 6710
14 7 432 4324
14 8 680 6801
14 9 906 9063
14 10 820 8199
14 11 807 8065
14 12 131 1308
14 13 279 2791
14 15 672 6720
14 16 817 8173
14 17 207 2069
14 18 860 8596
14 19 807 8074
14 20 225 2247
14 21 356 3560
14 22 566 5662
14 23 204 2039
14 24 652 6517
14 25 484 4845
14 26 577 5772
14 27 490 4895
14 28 464 4639
14 29 630 6304
14 30 436 4364
14 31 336 3356
14 32 733 7328
14 33 930 9303
14 34 219 2189
14 35 764 7638
14 36 600 5998
14 37 719 7189
14 38 674 6737
14 39 880 8803
14 40 241 2413
15 1 568 5685
15 2 340 3398
15 3 677 6774
15 4 243 2426
15 5 335 3349
15 6 905 9048
15 7 716 7160
15 8 703 7033
15 9 251 2506
15 10 250 2496
15 11 583 5825
15 12 588 5882
15 13 398 3981
15 14 672 6720
15 16 206 2064
15 17 577 5775
15 18 277 2775
15 19 201 2011
15 20 511 5109
15 21 463 4631
15 22 229 2290
15 23 476 4763
15 24 265 2650
15 25 512 5119
15 26 800 8005
15 27 310 3100
15 28 723 7233
15 29 768 7676
15 30 803 8030
15 31 516 5164
15 32 345 3450
15 33 349 3495
15 34 535 5348
15 35 481 4811
15 36 117 1165
15 37 698 6980
15 38 793 7934
15 39 290 2898
15 40 742 7425
16 1 665 6651
16 2 545 5449
16 3 785 7849
16 4 411 4110
16 5 197 1969
16 6 897 8966
16 7 754 7543
16 8 660 6602
16 9 115 1146
16 10 60 603
16 11 474 4739
16 12 754 7542
16 13 539 5388
16 14 817 8173
16 15 206 2064
16 17 682 6816
16 18 73 735
16 19 323 3232
16 20 622 6225
16 21 535 5352
16 22 267 2668
16 23 638 6384
16 24 462 4621
16 25 528 5278
16 26 804 8043
16 27 362 3617
16 28 753 7528
16 29 750 7501
16 30 849 8493
16 31 587 5871
16 32 240 2396
16 33 143 1431
16 34 714 7140
16 35 375 3745
16 36 323 3228
16 37 641 6407
16 38 766 7657
16 39 393 3925
16 40 923 9234
17 1 29 290
17 2 597 5970
17 3 103 1033
17 4 360 3604
17 5 609 6089
17 6 503 5027
17 7 255 2547
17 8 476 4761
17 9 783 7834
17 10 672 6720
17 11 603 6033
17 12 264 2639
17 13 202 2018
17 14 207 2069
17 15 577 5775
17 16 682 6816
17 18 711 7113
17 19 748 7483
17 20 68 683
17 21 163 1634
17 22 416 4161
17 23 231 2306
17 24 640 6403
17 25 279 2791
17 26 399 3986
17 27 326 3255
17 28 283 2830
17 29 438 4375
17 30 294 2940
17 31 132 1316
17 32 556 5556
17 33 776 7765
17 34 322 3217
17 35 568 5680
17 36 538 5380
17 37 513 5133
17 38 481 4806
17 39 831 8314
17 40 435 4349
18 1 692 6925
18 2 617 6169
18 3 814 8141
18 4 467 4674
18 5 161 1607
18 6 883 8833
18 7 760 7597
18 8 638 6382
18 9 145 1451
18 10 40 397
18 11 432 4318
18 12 805 8047
18 13 584 5836
18 14 860 8596
18 15 277 2775
18 16 73 735
18 17 711 7113
18 19 393 3931
18 20 656 6558
18 21 558 5578
18 22 296 2964
18 23 689 6886
18 24 535 5354
18 25 531 5312
18 26 797 7966
18 27 386 3862
18 28 755 7550
18 29 736 7356
18 30 856 8560
18 31 607 6075
18 32 215 2149
18 33 75 753
18 34 770 7698
18 35 337 3373
18 36 393 3932
18 37 614 6138
18 38 747 7473
18 39 458 4583
18 40 979 9787
19 1 744 7437
19 2 320 3197
19 3 843 8429
19 4 390 3900
19 5 503 5026
19 6 1105 11049
19 7 910 9097
19 8 904 9037
19 9 287 2870
19 10 382 3823
19 11 768 7684
19 12 703 7030
19 13 554 5536
19 14 807 8074
19 15 201 2011
19 16 323 3232
19 17 748 7483
19 18 393 3931
19 20 680 6801
19 21 652 6522
19 22 430 4301
19 23 604 6037
19 24 212 2125
19 25 712 7117
19 26 1000 9997
19 27 509 5087
19 28 919 9189
19 29 969 9686
19 30 993 9935
19 31 704 7043
19 32 526 5264
19 33 447 4469
19 34 632 6322
19 35 666 6661
19 36 211 2115
19 37 897 8969
19 38 994 9945
19 39 89 890
19 40 825 8254
20 1 71 708
20 2 534 5340
20 3 167 1666
20 4 292 2921
20 5 563 5625
20 6 546 5455
20 7 299 2992
20 8 487 4872
20 9 722 7217
20 10 616 6163
20 11 585 5850
20 12 245 2454
20 13 135 1350
20 14 225 2247
20 15 511 5109
20 16 622 6225
20 17 68 683
20 18 656 6558
20 19 680 6801
20 21 132 1323
20 22 359 3594
20 23 184 1845
20 24 574 5737
20 25 269 2692
20 26 438 4378
20 27 273 2734
20 28 324 3242
20 29 465 4648
20 30 351 3514
20 31 124 1242
20 32 512 5120
20 33 723 7231
20 34 287 2867
20 35 539 5392
20 36 470 4697
20 37 520 5197
20 38 507 5069
20 39 763 7631
20 40 430 4296
21 1 139 1393
21 2 571 5711
21 3 261 2614
21 4 293 2930
21 5 447 4471
21 6 484 4843
21 7 260 2604
21 8 375 3754
21 9 643 6425
21 10 519 5192
21 11 453 4527
21 12 371 3710
21 13 190 1901
21 14 356 3560
21 15 463 4631
21 16 535 5352
21 17 163 1634
21 18 558 5578
21 19 652 6522
21 20 132 1323
21 22 269 2690
21 23 289 2885
21 24 587 5870
21 25 144 1436
21 26 374 3737
21 27 174 1735
21 28 275 2745
21 29 377 3769
21 30 341 3413
21 31 54 536
21 32 393 3928
21 33 620 6198
21 34 398 3978
21 35 408 4082
21 36 453 4527
21 37 402 4018
21 38 416 4156
21 39 740 7396
21 40 559 5588
22 1 399 3986
22 2 478 4777
22 3 519 5192
22 4 225 2251
22 5 227 2266
22 6 677 6773
22 7 502 5019
22 8 476 4760
22 9 374 3737
22 10 257 2568
22 11 390 3905
22 12 524 5238
22 13 296 2962
22 14 566 5662
22 15 229 2290
22 16 267 2668
22 17 416 4161
22 18 296 2964
22 19 430 4301
22 20 359 3594
22 21 269 2690
22 23 409 4095
22 24 444 4436
22 25 286 2865
22 26 575 5748
22 27 96 960
22 28 505 5052
22 29 539 5388
22 30 594 5939
22 31 321 3214
22 32 195 1951
22 33 365 3648
22 34 504 5038
22 35 298 2980
22 36 276 2763
22 37 474 4740
22 38 564 5643
22 39 519 5188
22 40 707 7070
23 1 248 2478
23 2 388 3875
23 3 284 2842
23 4 234 2340
23 5 635 6351
23 6 729 7291
23 7 482 4817
23 8 662 6622
23 9 718 7184
23 10 650 6496
23 11 723 7227
23 12 116 1161
23 13 118 1184
23 14 204 2039
23 15 476 4763
23 16 638 6384
23 17 231 2306
23 18 689 6886
23 19 604 6037
23 20 184 1845
23 21 289 2885
23 22 409 4095
23 24 452 4518
23 25 432 4319
23 26 622 6219
23 27 355 3547
23 28 508 5078
23 29 648 6481
23 30 524 5242
23 31 301 3012
23 32 596 5960
23 33 762 7623
23 34 110 1098
23 35 659 6586
23 36 397 3972
23 37 690 6902
23 38 690 6897
23 39 676 6765
23 40 298 2983
24 1 643 6434
24 2 108 1076
24 3 722 7220
24 4 294 2942
24 5 598 5977
24 6 1068 10683
24 7 845 8453
24 8 906 9061
24 9 468 4676
24 10 512 5117
24 11 829 8287
24 12 533 5335
24 13 439 4387
24 14 652 6517
24 15 265 2650
24 16 462 4621
24 17 640 6403
24 18 535 5354
24 19 212 2125
24 20 574 5737
24 21 587 5870
24 22 444 4436
24 23 452 4518
24 25 684 6843
24 26 958 9584
24 27 490 4896
24 28 861 8613
24 29 947 9467
24 30 917 9166
24 31 633 6328
24 32 601 6009
24 33 603 6028
24 34 453 4531
24 35 730 7303
24 36 169 1689
24 37 911 9110
24 38 979 9795
24 39 252 2517
24 40 631 6308
25 1 250 2504
25 2 685 6849
25 3 358 3582
25 4 399 3991
25 5 392 3919
25 6 393 3933
25 7 229 2285
25 8 237 2367
25 9 642 6417
25 10 497 4966
25 11 325 3251
25 12 513 5128
25 13 329 3288
25 14 484 4845
25 15 512 5119
25 16 528 5278
25 17 279 2791
25 18 531 5312
25 19 712 7117
25 20 269 2692
25 21 144 1436
25 22 286 2865
25 23 432 4319
25 24 684 6843
25 26 289 2886
25 27 203 2034
25 28 225 2250
25 29 263 2627
25 30 325 3250
25 31 149 1489
25 32 332 3321
25 33 581 5810
25 34 541 5413
25 35 302 3021
25 36 532 5321
25 37 259 2593
25 38 295 2954
25 39 801 8006
25 40 699 6988
26 1 376 3763
26 2 945 9446
26 3 407 4069
26 4 665 6655
26 5 643 6429
26 6 111 1106
26 7 146 1457
26 8 208 2083
26 9 919 9190
26 10 766 7658
26 11 460 4604
26 12 661 6610
26 13 552 5525
26 14 577 5772
26 15 800 8005
26 16 804 8043
26 17 399 3986
26 18 797 7966
26 19 1000 9997
26 20 438 4378
26 21 374 3737
26 22 575 5748
26 23 622 6219
26 24 958 9584
26 25 289 2886
26 27 491 4910
26 28 116 1157
26 29 92 922
26 30 170 1704
26 31 335 3350
26 32 584 5840
26 33 835 8351
26 34 720 7196
26 35 499 4992
26 36 815 8145
26 37 257 2571
26 38 123 1233
26 39 1089 10887
26 40 818 8182
27 1 306 3063
27 2 504 5043
27 3 428 4280
27 4 224 2240
27 5 291 2911
27 6 597 5967
27 7 409 4091
27 8 416 4165
27 9 470 4696
27 10 347 3472
27 11 385 3851
27 12 464 4636
27 13 236 2364
27 14 490 4895
27 15 310 3100
27 16 362 3617
27 17 326 3255
27 18 386 3862
27 19 509 5087
27 20 273 2734
27 21 174 1735
27 22 96 960
27 23 355 3547
27 24 490 4896
27 25 203 2034
27 26 491 4910
27 28 414 4144
27 29 464 4641
27 30 500 4997
27 31 226 2256
27 32 245 2449
27 33 451 4510
27 34 458 4580
27 35 308 3084
27 36 331 3312
27 37 423 4232
27 38 494 4937
27 39 598 5976
27 40 652 6520
28 1 261 2611
28 2 841 8408
28 3 295 2952
28 4 567 5672
28 5 611 6106
28 6 221 2213
28 7 32 322
28 8 256 2558
28 9 867 8665
28 10 721 7210
28 11 476 4763
28 12 545 5453
28 13 444 4438
28 14 464 4639
28 15 723 7233
28 16 753 7528
28 17 283 2830
28 18 755 7550
28 19 919 9189
28 20 324 3242
28 21 275 2745
28 22 505 5052
28 23 508 5078
28 24 861 8613
28 25 225 2250
28 26 116 1157
28 27 414 4144
28 29 172 1719
28 30 110 1100
28 31 230 2298
28 32 551 5506
28 33 802 8021
28 34 604 6043
28 35 492 4915
28 36 725 7252
28 37 304 3043
28 38 214 2141
28 39 1007 10074
28 40 704 7043
29 1 412 4118
29 2 943 9433
29 3 465 4645
29 4 659 6588
29 5 578 5780
29 6 148 1479
29 7 204 2039
29 8 119 1189
29 9 864 8642
29 10 707 7073
29 11 375 3752
29 12 701 7011
29 13 565 5650
29 14 630 6304
29 15 768 7676
29 16 750 7501
29 17 438 4375
29 18 736 7356
29 19 969 9686
29 20 465 4648
29 21 377 3769
29 22 539 5388
29 23 648 6481
29 24 947 9467
29 25 263 2627
29 26 92 922
29 27 464 4641
29 28 172 1719
29 30 255 2548
29 31 349 3489
29 32 521 5208
29 33 768 7685
29 34 751 7514
29 35 423 4234
29 36 794 7944
29 37 166 1664
29 38 43 433
29 39 1057 10574
29 40 869 8687
30 1 281 2811
30 2 884 8843
30 3 267 2665
30 4 625 6246
30 5 716 7155
30 6 240 2404
30 7 97 968
30 8 356 3562
30 9 962 9620
30 10 821 8208
30 11 586 5857
30 12 538 5381
30 13 483 4832
30 14 436 4364
30 15 803 8030
30 16 849 8493
30 17 294 2940
30 18 856 8560
30 19 993 9935
30 20 351 3514
30 21 341 3413
30 22 594 5939
30 23 524 5242
30 24 917 9166
30 25 325 3250
30 26 170 1704
30 27 500 4997
30 28 110 1100
30 29 255 2548
30 31 290 2895
30 32 655 6555
30 33 906 9058
30 34 609 6086
30 35 601 6012
30 36 792 7923
30 37 406 4057
30 38 292 2918
30 39 1081 10809
30 40 676 6763
31 1 104 1037
31 2 611 6113
31 3 221 2207
31 4 339 3388
31 5 491 4913
31 6 445 4454
31 7 213 2125
31 8 363 3635
31 9 695 6951
31 10 569 5693
31 11 472 4719
31 12 370 3695
31 13 218 2180
31 14 336 3356
31 15 516 5164
31 16 587 5871
31 17 132 1316
31 18 607 6075
31 19 704 7043
31 20 124 1242
31 21 54 536
31 22 321 3214
31 23 301 3012
31 24 633 6328
31 25 149 1489
31 26 335 3350
31 27 226 2256
31 28 230 2298
31 29 349 3489
31 30 290 2895
31 32 435 4353
31 33 668 6680
31 34 408 4077
31 35 438 4376
31 36 503 5030
31 37 395 3955
31 38 390 3897
31 39 791 7915
31 40 552 5525
32 1 532 5321
32 2 653 6535
32 3 654 6539
32 4 420 4195
32 5 60 601
32 6 669 6687
32 7 559 5587
32 8 424 4240
32 9 350 3497
32 10 189 1892
32 11 242 2423
32 12 707 7073
32 13 479 4789
32 14 733 7328
32 15 345 3450
32 16 240 2396
32 17 556 5556
32 18 215 2149
32 19 526 5264
32 20 512 5120
32 21 393 3928
32 22 195 1951
32 23 596 5960
32 24 601 6009
32 25 332 3321
32 26 584 5840
32 27 245 2449
32 28 551 5506
32 29 521 5208
32 30 655 6555
32 31 435 4353
32 33 252 2521
32 34 695 6949
32 35 140 1401
32 36 434 4336
32 37 402 4018
32 38 532 5324
32 39 608 6077
32 40 894 8943
33 1 757 7565
33 2 688 6877
33 3 879 8787
33 4 542 5425
33 5 192 1924
33 6 916 9163
33 7 809 8091
33 8 665 6648
33 9 171 1711
33 10 113 1129
33 11 439 4393
33 12 878 8783
33 13 656 6557
33 14 930 9303
33 15 349 3495
33 16 143 1431
33 17 776 7765
33 18 75 753
33 19 447 4469
33 20 723 7231
33 21 620 6198
33 22 365 3648
33 23 762 7623
33 24 603 6028
33 25 581 5810
33 26 835 8351
33 27 451 4510
33 28 802 8021
33 29 768 7685
33 30 906 9058
33 31 668 6680
33 32 252 2521
33 34 845 8446
33 35 354 3541
33 36 466 4658
33 37 636 6358
33 38 776 7763
33 39 504 5040
33 40 1053 10534
34 1 343 3434
34 2 368 3685
34 3 351 3512
34 4 303 3031
34 5 730 7304
34 6 824 8244
34 7 576 5764
34 8 770 7702
34 9 784 7838
34 10 732 7318
34 11 831 8311
34 12 88 884
34 13 225 2247
34 14 219 2189
34 15 535 5348
34 16 714 7140
34 17 322 3217
34 18 770 7698
34 19 632 6322
34 20 287 2867
34 21 398 3978
34 22 504 5038
34 23 110 1098
34 24 453 4531
34 25 541 5413
34 26 720 7196
34 27 458 4580
34 28 604 6043
34 29 751 7514
34 30 609 6086
34 31 408 4077
34 32 695 6949
34 33 845 8446
34 35 765 7645
34 36 439 4395
34 37 799 7992
34 38 794 7936
34 39 696 6956
34 40 209 2094
35 1 541 5410
35 2 774 7741
35 3 656 6565
35 4 518 5182
35 5 179 1786
35 6 570 5695
35 7 507 5070
35 8 313 3135
35 9 480 4796
35 10 319 3194
35 11 102 1024
35 12 762 7618
35 13 540 5405
35 14 764 7638
35 15 481 4811
35 16 375 3745
35 17 568 5680
35 18 337 3373
35 19 666 6661
35 20 539 5392
35 21 408 4082
35 22 298 2980
35 23 659 6586
35 24 730 7303
35 25 302 3021
35 26 499 4992
35 27 308 3084
35 28 492 4915
35 29 423 4234
35 30 601 6012
35 31 438 4376
35 32 140 1401
35 33 354 3541
35 34 765 7645
35 36 562 5615
35 37 282 2819
35 38 426 4263
35 39 748 7478
35 40 952 9518
36 1 535 5347
36 2 227 2269
36 3 632 6316
36 4 179 1786
36 5 434 4342
36 6 923 9228
36 7 713 7129
36 8 746 7456
36 9 361 3606
36 10 364 3638
36 11 660 6598
36 12 502 5023
36 13 342 3421
36 14 600 5998
36 15 117 1165
36 16 323 3228
36 17 538 5380
36 18 393 3932
36 19 211 2115
36 20 470 4697
36 21 453 4527
36 22 276 2763
36 23 397 3972
36 24 169 1689
36 25 532 5321
36 26 815 8145
36 27 331 3312
36 28 725 7252
36 29 794 7944
36 30 792 7923
36 31 503 5030
36 32 434 4336
36 33 466 4658
36 34 439 4395
36 35 562 5615
36 37 748 7476
36 38 825 8249
36 39 293 2934
36 40 643 6429
37 1 485 4846
37 2 927 9266
37 3 567 5673
37 4 642 6423
37 5 453 4531
37 6 299 2994
37 7 332 3322
37 8 50 497
37 9 752 7515
37 10 591 5908
37 11 215 2154
37 12 765 7650
37 13 588 5880
37 14 719 7189
37 15 698 6980
37 16 641 6407
37 17 513 5133
37 18 614 6138
37 19 897 8969
37 20 520 5197
37 21 402 4018
37 22 474 4740
37 23 690 6902
37 24 911 9110
37 25 259 2593
37 26 257 2571
37 27 423 4232
37 28 304 3043
37 29 166 1664
37 30 406 4057
37 31 395 3955
37 32 402 4018
37 33 636 6358
37 34 799 7992
37 35 282 2819
37 36 748 7476
37 38 154 1537
37 39 984 9839
37 40 946 9463
38 1 455 4547
38 2 979 9791
38 3 508 5076
38 4 694 6938
38 5 588 5880
38 6 146 1458
38 7 246 2463
38 8 113 1131
38 9 879 8792
38 10 721 7206
38 11 369 3685
38 12 744 7440
38 13 605 6046
38 14 674 6737
38 15 793 7934
38 16 766 7657
38 17 481 4806
38 18 747 7473
38 19 994 9945
38 20 507 5069
38 21 416 4156
38 22 564 5643
38 23 690 6897
38 24 979 9795
38 25 295 2954
38 26 123 1233
38 27 494 4937
38 28 214 2141
38 29 43 433
38 30 292 2918
38 31 390 3897
38 32 532 5324
38 33 776 7763
38 34 794 7936
38 35 426 4263
38 36 825 8249
38 37 154 1537
38 39 1083 10830
38 40 912 9120
39 1 828 8279
39 2 357 3569
39 3 924 9242
39 4 472 4715
39 5 580 5800
39 6 1194 11939
39 7 998 9978
39 8 991 9915
39 9 336 3356
39 10 453 4528
39 11 850 8501
39 12 771 7707
39 13 634 6343
39 14 880 8803
39 15 290 2898
39 16 393 3925
39 17 831 8314
39 18 458 4583
39 19 89 890
39 20 763 7631
39 21 740 7396
39 22 519 5188
39 23 676 6765
39 24 252 2517
39 25 801 8006
39 26 1089 10887
39 27 598 5976
39 28 1007 10074
39 29 1057 10574
39 30 1081 10809
39 31 791 7915
39 32 608 6077
39 33 504 5040
39 34 696 6956
39 35 748 7478
39 36 293 2934
39 37 984 9839
39 38 1083 10830
39 40 881 8810
40 1 463 4629
40 2 532 5324
40 3 413 4125
40 4 512 5124
40 5 933 9331
40 6 912 9122
40 7 673 6730
40 8 911 9106
40 9 992 9922
40 10 940 9405
40 11 1009 10089
40 12 190 1901
40 13 416 4157
40 14 241 2413
40 15 742 7425
40 16 923 9234
40 17 435 4349
40 18 979 9787
40 19 825 8254
40 20 430 4296
40 21 559 5588
40 22 707 7070
40 23 298 2983
40 24 631 6308
40 25 699 6988
40 26 818 8182
40 27 652 6520
40 28 704 7043
40 29 869 8687
40 30 676 6763
40 31 552 5525
40 32 894 8943
40 33 1053 10534
40 34 209 2094
40 35 952 9518
40 36 643 6429
40 37 946 9463
40 38 912 9120
40 39 881 8810
