40
221
854
40
4
40
32
24
21
28
36
33
15
17
7
38
3
25
30
37
23
16
12
39
6
2
19
10
31
20
18
9
14
29
13
11
27
1
26
22
34
35
5
8
26
10
31
21
38
5
14
3
32
15
35
12
24
17
39
1
13
2
22
40
33
28
29
9
37
20
11
1 2 735 7347
1 3 81 807
1 4 382 3824
1 5 567 5671
1 6 748 7481
1 7 794 7939
1 8 197 1969
1 9 588 5884
1 10 309 3088
1 11 651 6511
1 12 378 3776
1 13 569 5689
1 14 796 7959
1 15 216 2156
1 16 676 6765
1 17 737 7370
1 18 850 8501
1 19 355 3551
1 20 545 5451
1 21 674 6738
1 22 787 7875
1 23 291 2910
1 24 408 4076
1 25 435 4349
1 26 590 5895
1 27 1043 10434
1 28 534 5338
1 29 729 7291
1 30 907 9069
1 31 898 8975
1 32 548 5479
1 33 263 2627
1 34 724 7239
1 35 960 9602
1 36 289 2891
1 37 318 3181
1 38 781 7806
1 39 923 9233
1 40 389 3893
2 1 735 7347
2 3 772 7721
2 4 768 7678
2 5 677 6775
2 6 456 4560
2 7 325 3250
2 8 538 5383
2 9 165 1646
2 10 437 4374
2 11 131 1311
2 12 450 4500
2 13 799 7994
2 14 211 2108
2 15 778 7779
2 16 612 6120
2 17 116 1160
2 18 271 2706
2 19 448 4479
2 20 477 4769
2 21 172 1718
2 22 514 5143
2 23 581 5813
2 24 404 4037
2 25 640 6397
2 26 278 2778
2 27 341 3414
2 28 632 6324
2 29 79 786
2 30 247 2470
2 31 489 4890
2 32 734 7341
2 33 795 7946
2 34 486 4860
2 35 424 4244
2 36 600 6001
2 37 460 4597
2 38 57 567
2 39 193 1926
2 40 493 4933
3 1 81 807
3 2 772 7721
3 4 461 4609
3 5 648 6476
3 6 819 8194
3 7 856 8565
3 8 238 2385
3 9 634 6342
3 10 363 3630
3 11 678 6784
3 12 379 3788
3 13 649 6487
3 14 813 8134
3 15 143 1435
3 16 755 7551
3 17 763 7630
3 18 864 8637
3 19 361 3613
3 20 529 5291
3 21 695 6948
3 22 861 8608
3 23 270 2698
3 24 472 4722
3 25 394 3941
3 26 601 6007
3 27 1091 10910
3 28 614 6139
3 29 759 7588
3 30 958 9580
3 31 890 8897
3 32 629 6285
3 33 190 1899
3 34 709 7086
3 35 1023 10230
3 36 368 3681
3 37 330 3304
3 38 821 8208
3 39 957 9566
3 40 379 3786
4 1 382 3824
4 2 768 7678
4 3 461 4609
4 5 240 2402
4 6 544 5444
4 7 661 6608
4 8 410 4101
4 9 604 6040
4 10 392 3918
4 11 746 7463
4 12 623 6234
4 13 192 1921
4 14 914 9140
4 15 597 5971
4 16 389 3885
4 17 825 8252
4 18 979 9791
4 19 593 5931
4 20 809 8095
4 21 793 7932
4 22 557 5572
4 23 607 6067
4 24 366 3663
4 25 768 7685
4 26 761 7606
4 27 984 9845
4 28 235 2348
4 29 801 8008
4 30 840 8396
4 31 1105 11050
4 32 191 1914
4 33 644 6441
4 34 969 9690
4 35 807 8069
4 36 188 1879
4 37 551 5508
4 38 792 7920
4 39 954 9541
4 40 663 6634
5 1 567 5671
5 2 677 6775
5 3 648 6476
5 4 240 2402
5 6 338 3381
5 7 482 4822
5 8 514 5144
5 9 530 5298
5 10 433 4333
5 11 698 6978
5 12 688 6881
5 13 132 1316
5 14 861 8608
5 15 767 7673
5 16 153 1531
5 17 762 7623
5 18 927 9270
5 19 659 6586
5 20 862 8618
5 21 754 7536
5 22 335 3355
5 23 717 7169
5 24 338 3383
5 25 875 8750
5 26 758 7579
5 27 821 8214
5 28 50 502
5 29 730 7305
5 30 682 6818
5 31 1095 10955
5 32 70 699
5 33 812 8120
5 34 994 9944
5 35 606 6059
5 36 286 2858
5 37 622 6221
5 38 685 6854
5 39 844 8439
5 40 739 7393
6 1 748 7481
6 2 456 4560
6 3 819 8194
6 4 544 5444
6 5 338 3381
6 7 163 1631
6 8 609 6086
6 9 371 3709
6 10 482 4820
6 11 534 5338
6 12 687 6869
6 13 467 4673
6 14 666 6656
6 15 900 9001
6 16 204 2036
6 17 567 5666
6 18 727 7266
6 19 665 6650
6 20 814 8143
6 21 593 5926
6 22 61 612
6 23 773 7726
6 24 356 3561
6 25 902 9025
6 26 649 6488
6 27 498 4982
6 28 318 3178
6 29 529 5290
6 30 369 3693
6 31 938 9378
6 32 408 4079
6 33 936 9364
6 34 894 8935
6 35 268 2679
6 36 477 4767
6 37 645 6448
6 38 439 4391
6 39 575 5755
6 40 744 7438
7 1 794 7939
7 2 325 3250
7 3 856 8565
7 4 661 6608
7 5 482 4822
7 6 163 1631
7 8 626 6262
7 9 293 2930
7 10 496 4963
7 11 427 4272
7 12 650 6503
7 13 614 6138
7 14 535 5347
7 15 914 9139
7 16 362 3624
7 17 441 4406
7 18 591 5910
7 19 634 6340
7 20 746 7458
7 21 482 4825
7 22 209 2087
7 23 757 7568
7 24 386 3864
7 25 865 8653
7 26 561 5609
7 27 340 3401
7 28 453 4526
7 29 403 4028
7 30 207 2066
7 31 814 8140
7 32 551 5509
7 33 944 9444
7 34 796 7961
7 35 166 1665
7 36 554 5540
7 37 624 6239
7 38 296 2958
7 39 418 4181
7 40 705 7052
8 1 197 1969
8 2 538 5383
8 3 238 2385
8 4 410 4101
8 5 514 5144
8 6 609 6086
8 7 626 6262
8 9 396 3960
8 10 130 1301
8 11 455 4552
8 12 220 2201
8 13 562 5617
8 14 604 6043
8 15 292 2918
8 16 585 5852
8 17 541 5413
8 18 661 6611
8 19 191 1911
8 20 405 4054
8 21 481 4808
8 22 657 6567
8 23 204 2040
8 24 253 2526
8 25 365 3652
8 26 406 4057
8 27 853 8527
8 28 470 4700
8 29 532 5325
8 30 720 7196
8 31 733 7326
8 32 520 5202
8 33 328 3279
8 34 575 5749
8 35 792 7921
8 36 240 2395
8 37 148 1484
8 38 585 5851
8 39 726 7264
8 40 254 2543
9 1 588 5884
9 2 165 1646
9 3 634 6342
9 4 604 6040
9 5 530 5298
9 6 371 3709
9 7 293 2930
9 8 396 3960
9 10 283 2825
9 11 173 1728
9 12 364 3641
9 13 646 6461
9 14 331 3311
9 15 661 6609
9 16 487 4871
9 17 233 2326
9 18 397 3973
9 19 352 3519
9 20 454 4540
9 21 232 2316
9 22 432 4321
9 23 482 4817
9 24 239 2392
9 25 576 5760
9 26 278 2781
9 27 457 4568
9 28 482 4824
9 29 202 2021
9 30 327 3272
9 31 581 5810
9 32 582 5817
9 33 685 6845
9 34 523 5226
9 35 441 4409
9 36 436 4357
9 37 350 3500
9 38 198 1981
9 39 355 3555
9 40 417 4171
10 1 309 3088
10 2 437 4374
10 3 363 3630
10 4 392 3918
10 5 433 4333
10 6 482 4820
10 7 496 4963
10 8 130 1301
10 9 283 2825
10 11 377 3773
10 12 255 2549
10 13 506 5063
10 14 540 5398
10 15 421 4210
10 16 479 4788
10 17 462 4623
10 18 602 6021
10 19 225 2253
10 20 433 4328
10 21 415 4154
10 22 532 5323
10 23 300 2999
10 24 127 1273
10 25 449 4488
10 26 370 3696
10 27 735 7350
10 28 385 3848
10 29 446 4461
10 30 598 5981
10 31 713 7133
10 32 454 4544
10 33 455 4553
10 34 581 5810
10 35 662 6625
10 36 204 2039
10 37 190 1897
10 38 479 4787
10 39 629 6295
10 40 306 3063
11 1 651 6511
11 2 131 1311
11 3 678 6784
11 4 746 7463
11 5 698 6978
11 6 534 5338
11 7 427 4272
11 8 455 4552
11 9 173 1728
11 10 377 3773
11 12 331 3314
11 13 809 8092
11 14 168 1680
11 15 668 6680
11 16 660 6599
11 17 86 863
11 18 234 2337
11 19 334 3341
11 20 346 3459
11 21 59 593
11 22 595 5947
11 23 465 4653
11 24 383 3830
11 25 511 5112
11 26 147 1470
11 27 469 4689
11 28 649 6492
11 29 82 824
11 30 378 3776
11 31 409 4086
11 32 746 7460
11 33 680 6805
11 34 369 3690
11 35 546 5462
11 36 565 5655
11 37 353 3532
11 38 187 1872
11 39 283 2827
11 40 370 3699
12 1 378 3776
12 2 450 4500
12 3 379 3788
12 4 623 6234
12 5 688 6881
12 6 687 6869
12 7 650 6503
12 8 220 2201
12 9 364 3641
12 10 255 2549
12 11 331 3314
12 13 758 7577
12 14 442 4420
12 15 340 3404
12 16 723 7233
12 17 408 4080
12 18 488 4879
12 19 31 305
12 20 186 1863
12 21 332 3317
12 22 744 7442
12 23 134 1342
12 24 364 3641
12 25 216 2165
12 26 226 2256
12 27 790 7905
12 28 639 6394
12 29 414 4136
12 30 679 6788
12 31 521 5207
12 32 708 7082
12 33 350 3496
12 34 355 3555
12 35 804 8044
12 36 442 4418
12 37 73 728
12 38 505 5055
12 39 613 6133
12 40 57 569
13 1 569 5689
13 2 799 7994
13 3 649 6487
13 4 192 1921
13 5 132 1316
13 6 467 4673
13 7 614 6138
13 8 562 5617
13 9 646 6461
13 10 506 5063
13 11 809 8092
13 12 758 7577
13 14 975 9749
13 15 781 7809
13 16 272 2720
13 17 878 8783
13 18 1041 10413
13 19 727 7274
13 20 939 9390
13 21 863 8630
13 22 459 4593
13 23 765 7652
13 24 434 4339
13 25 927 9269
13 26 855 8553
13 27 953 9530
13 28 169 1687
13 29 848 8481
13 30 813 8132
13 31 1198 11978
13 32 66 657
13 33 827 8275
13 34 1084 10836
13 35 734 7343
13 36 322 3222
13 37 688 6876
13 38 811 8108
13 39 971 9707
13 40 805 8046
14 1 796 7959
14 2 211 2108
14 3 813 8134
14 4 914 9140
14 5 861 8608
14 6 666 6656
14 7 535 5347
14 8 604 6043
14 9 331 3311
14 10 540 5398
14 11 168 1680
14 12 442 4420
14 13 975 9749
14 15 781 7811
14 16 812 8119
14 17 101 1007
14 18 66 663
14 19 454 4541
14 20 382 3823
14 21 125 1248
14 22 725 7245
14 23 573 5733
14 24 551 5509
14 25 576 5758
14 26 217 2169
14 27 462 4619
14 28 813 8130
14 29 137 1371
14 30 420 4203
14 31 281 2810
14 32 911 9112
14 33 785 7855
14 34 321 3207
14 35 618 6184
14 36 732 7323
14 37 483 4830
14 38 243 2426
14 39 225 2254
14 40 465 4645
15 1 216 2156
15 2 778 7779
15 3 143 1435
15 4 597 5971
15 5 767 7673
15 6 900 9001
15 7 914 9139
15 8 292 2918
15 9 661 6609
15 10 421 4210
15 11 668 6680
15 12 340 3404
15 13 781 7809
15 14 781 7811
15 16 861 8614
15 17 747 7474
15 18 823 8235
15 19 334 3340
15 20 449 4495
15 21 672 6721
15 22 947 9471
15 23 208 2079
15 24 544 5443
15 25 281 2814
15 26 564 5643
15 27 1112 11119
15 28 729 7294
15 29 750 7504
15 30 988 9879
15 31 813 8131
15 32 755 7554
15 33 47 471
15 34 624 6240
15 35 1079 10788
15 36 482 4820
15 37 318 3182
15 38 831 8311
15 39 951 9508
15 40 319 3190
16 1 676 6765
16 2 612 6120
16 3 755 7551
16 4 389 3885
16 5 153 1531
16 6 204 2036
16 7 362 3624
16 8 585 5852
16 9 487 4871
16 10 479 4788
16 11 660 6599
16 12 723 7233
16 13 272 2720
16 14 812 8119
16 15 861 8614
16 17 711 7113
16 18 877 8766
16 19 696 6962
16 20 881 8810
16 21 719 7187
16 22 188 1876
16 23 778 7777
16 24 359 3593
16 25 927 9271
16 26 747 7469
16 27 701 7010
16 28 156 1559
16 29 676 6759
16 30 568 5685
16 31 1068 10678
16 32 220 2198
16 33 903 9034
16 34 992 9918
16 35 466 4656
16 36 387 3874
16 37 666 6656
16 38 608 6081
16 39 758 7578
16 40 778 7785
17 1 737 7370
17 2 116 1160
17 3 763 7630
17 4 825 8252
17 5 762 7623
17 6 567 5666
17 7 441 4406
17 8 541 5413
17 9 233 2326
17 10 462 4623
17 11 86 863
17 12 408 4080
17 13 878 8783
17 14 101 1007
17 15 747 7474
17 16 711 7113
17 18 166 1657
17 19 414 4137
17 20 393 3932
17 21 81 806
17 22 626 6260
17 23 542 5422
17 24 460 4597
17 25 573 5730
17 26 199 1995
17 27 417 4173
17 28 715 7150
17 29 38 379
17 30 349 3490
17 31 374 3737
17 32 814 8141
17 33 758 7575
17 34 377 3768
17 35 537 5371
17 36 647 6470
17 37 436 4356
17 38 159 1588
17 39 207 2074
17 40 441 4414
18 1 850 8501
18 2 271 2706
18 3 864 8637
18 4 979 9791
18 5 927 9270
18 6 727 7266
18 7 591 5910
18 8 661 6611
18 9 397 3973
18 10 602 6021
18 11 234 2337
18 12 488 4879
18 13 1041 10413
18 14 66 663
18 15 823 8235
18 16 877 8766
18 17 166 1657
18 19 503 5027
18 20 406 4056
18 21 187 1869
18 22 785 7849
18 23 616 6160
18 24 617 6167
18 25 603 6031
18 26 263 2631
18 27 486 4857
18 28 879 8793
18 29 201 2007
18 30 462 4620
18 31 235 2355
18 32 978 9775
18 33 825 8248
18 34 314 3138
18 35 665 6646
18 36 796 7965
18 37 534 5343
18 38 296 2958
18 39 244 2442
18 40 505 5048
19 1 355 3551
19 2 448 4479
19 3 361 3613
19 4 593 5931
19 5 659 6586
19 6 665 6650
19 7 634 6340
19 8 191 1911
19 9 352 3519
19 10 225 2253
19 11 334 3341
19 12 31 305
19 13 727 7274
19 14 454 4541
19 15 334 3340
19 16 696 6962
19 17 414 4137
19 18 503 5027
19 20 216 2165
19 21 340 3397
19 22 722 7215
19 23 134 1336
19 24 337 3370
19 25 238 2375
19 26 240 2396
19 27 787 7867
19 28 610 6101
19 29 417 4166
19 30 671 6713
19 31 546 5457
19 32 678 6781
19 33 347 3472
19 34 384 3838
19 35 790 7904
19 36 411 4113
19 37 43 429
19 38 503 5026
19 39 617 6168
19 40 82 822
20 1 545 5451
20 2 477 4769
20 3 529 5291
20 4 809 8095
20 5 862 8618
20 6 814 8143
20 7 746 7458
20 8 405 4054
20 9 454 4540
20 10 433 4328
20 11 346 3459
20 12 186 1863
20 13 939 9390
20 14 382 3823
20 15 449 4495
20 16 881 8810
20 17 393 3932
20 18 406 4056
20 19 216 2165
20 21 314 3141
20 22 874 8744
20 23 259 2593
20 24 528 5277
20 25 198 1984
20 26 199 1992
20 27 809 8092
20 28 812 8122
20 29 415 4150
20 30 723 7234
20 31 364 3641
20 32 887 8870
20 33 440 4397
20 34 180 1797
20 35 883 8830
20 36 627 6266
20 37 259 2591
20 38 533 5327
20 39 595 5948
20 40 157 1565
21 1 674 6738
21 2 172 1718
21 3 695 6948
21 4 793 7932
21 5 754 7536
21 6 593 5926
21 7 482 4825
21 8 481 4808
21 9 232 2316
21 10 415 4154
21 11 59 593
21 12 332 3317
21 13 863 8630
21 14 125 1248
21 15 672 6721
21 16 719 7187
21 17 81 806
21 18 187 1869
21 19 340 3397
21 20 314 3141
21 22 653 6534
21 23 466 4656
21 24 433 4334
21 25 492 4924
21 26 119 1189
21 27 495 4952
21 28 705 7048
21 29 102 1016
21 30 417 4171
21 31 349 3494
21 32 800 8004
21 33 681 6805
21 34 316 3159
21 35 595 5949
21 36 610 6098
21 37 365 3650
21 38 224 2242
21 39 288 2875
21 40 363 3625
22 1 787 7875
22 2 514 5143
22 3 861 8608
22 4 557 5572
22 5 335 3355
22 6 61 612
22 7 209 2087
22 8 657 6567
22 9 432 4321
22 10 532 5323
22 11 595 5947
22 12 744 7442
22 13 459 4593
22 14 725 7245
22 15 947 9471
22 16 188 1876
22 17 626 6260
22 18 785 7849
22 19 722 7215
22 20 874 8744
22 21 653 6534
22 23 826 8262
22 24 405 4053
22 25 959 9591
22 26 710 7099
22 27 531 5311
22 28 324 3241
22 29 588 5883
22 30 410 4103
22 31 998 9979
22 32 405 4045
22 33 985 9846
22 34 955 9547
22 35 280 2803
22 36 509 5089
22 37 700 7000
22 38 495 4949
22 39 626 6262
22 40 801 8010
23 1 291 2910
23 2 581 5813
23 3 270 2698
23 4 607 6067
23 5 717 7169
23 6 773 7726
23 7 757 7568
23 8 204 2040
23 9 482 4817
23 10 300 2999
23 11 465 4653
23 12 134 1342
23 13 765 7652
23 14 573 5733
23 15 208 2079
23 16 778 7777
23 17 542 5422
23 18 616 6160
23 19 134 1336
23 20 259 2593
23 21 466 4656
23 22 826 8262
23 24 426 4255
23 25 162 1622
23 26 356 3564
23 27 920 9203
23 28 671 6714
23 29 548 5476
23 30 804 8039
23 31 621 6209
23 32 724 7242
23 33 215 2154
23 34 439 4389
23 35 917 9165
23 36 443 4432
23 37 133 1331
23 38 636 6362
23 39 747 7474
23 40 113 1130
24 1 408 4076
24 2 404 4037
24 3 472 4722
24 4 366 3663
24 5 338 3383
24 6 356 3561
24 7 386 3864
24 8 253 2526
24 9 239 2392
24 10 127 1273
24 11 383 3830
24 12 364 3641
24 13 434 4339
24 14 551 5509
24 15 544 5443
24 16 359 3593
24 17 460 4597
24 18 617 6167
24 19 337 3370
24 20 528 5277
24 21 433 4334
24 22 405 4053
24 23 426 4255
24 25 569 5693
24 26 422 4220
24 27 659 6594
24 28 288 2881
24 29 435 4346
24 30 517 5166
24 31 764 7639
24 32 374 3742
24 33 580 5803
24 34 656 6561
24 35 553 5526
24 36 198 1981
24 37 307 3072
24 38 433 4329
24 39 593 5933
24 40 419 4192
25 1 435 4349
25 2 640 6397
25 3 394 3941
25 4 768 7685
25 5 875 8750
25 6 902 9025
25 7 865 8653
25 8 365 3652
25 9 576 5760
25 10 449 4488
25 11 511 5112
25 12 216 2165
25 13 927 9269
25 14 576 5758
25 15 281 2814
25 16 927 9271
25 17 573 5730
25 18 603 6031
25 19 238 2375
25 20 198 1984
25 21 492 4924
25 22 959 9591
25 23 162 1622
25 24 569 5693
25 26 374 3736
25 27 980 9801
25 28 828 8284
25 29 589 5886
25 30 879 8795
25 31 547 5468
25 32 885 8848
25 33 260 2596
25 34 354 3544
25 35 1017 10168
25 36 605 6047
25 37 262 2622
25 38 696 6963
25 39 779 7794
25 40 160 1604
26 1 590 5895
26 2 278 2778
26 3 601 6007
26 4 761 7606
26 5 758 7579
26 6 649 6488
26 7 561 5609
26 8 406 4057
26 9 278 2781
26 10 370 3696
26 11 147 1470
26 12 226 2256
26 13 855 8553
26 14 217 2169
26 15 564 5643
26 16 747 7469
26 17 199 1995
26 18 263 2631
26 19 240 2396
26 20 199 1992
26 21 119 1189
26 22 710 7099
26 23 356 3564
26 24 422 4220
26 25 374 3736
26 27 612 6115
26 28 708 7078
26 29 217 2173
26 30 525 5245
26 31 345 3449
26 32 796 7962
26 33 569 5692
26 34 246 2463
26 35 689 6895
26 36 573 5730
26 37 272 2721
26 38 334 3335
26 39 406 4060
26 40 249 2487
27 1 1043 10434
27 2 341 3414
27 3 1091 10910
27 4 984 9845
27 5 821 8214
27 6 498 4982
27 7 340 3401
27 8 853 8527
27 9 457 4568
27 10 735 7350
27 11 469 4689
27 12 790 7905
27 13 953 9530
27 14 462 4619
27 15 1112 11119
27 16 701 7010
27 17 417 4173
27 18 486 4857
27 19 787 7867
27 20 809 8092
27 21 495 4952
27 22 531 5311
27 23 920 9203
27 24 659 6594
27 25 980 9801
27 26 612 6115
27 28 789 7894
27 29 394 3944
27 30 145 1451
27 31 717 7171
27 32 889 8895
27 33 1131 11315
27 34 782 7818
27 35 277 2769
27 36 852 8515
27 37 795 7948
27 38 285 2852
27 39 242 2416
27 40 835 8347
28 1 534 5338
28 2 632 6324
28 3 614 6139
28 4 235 2348
28 5 50 502
28 6 318 3178
28 7 453 4526
28 8 470 4700
28 9 482 4824
28 10 385 3848
28 11 649 6492
28 12 639 6394
28 13 169 1687
28 14 813 8130
28 15 729 7294
28 16 156 1559
28 17 715 7150
28 18 879 8793
28 19 610 6101
28 20 812 8122
28 21 705 7048
28 22 324 3241
28 23 671 6714
28 24 288 2881
28 25 828 8284
28 26 708 7078
28 27 789 7894
28 29 684 6836
28 30 648 6479
28 31 1046 10458
28 32 103 1031
28 33 773 7735
28 34 944 9442
28 35 585 5850
28 36 248 2476
28 37 574 5741
28 38 642 6424
28 39 802 8020
28 40 691 6910
29 1 729 7291
29 2 79 786
29 3 759 7588
29 4 801 8008
29 5 730 7305
29 6 529 5290
29 7 403 4028
29 8 532 5325
29 9 202 2021
29 10 446 4461
29 11 82 824
29 12 414 4136
29 13 848 8481
29 14 137 1371
29 15 750 7504
29 16 676 6759
29 17 38 379
29 18 201 2007
29 19 417 4166
29 20 415 4150
29 21 102 1016
29 22 588 5883
29 23 548 5476
29 24 435 4346
29 25 589 5886
29 26 217 2173
29 27 394 3944
29 28 684 6836
29 30 317 3172
29 31 412 4116
29 32 784 7835
29 33 763 7629
29 34 410 4100
29 35 502 5016
29 36 625 6252
29 37 435 4351
29 38 125 1249
29 39 200 2003
29 40 451 4509
30 1 907 9069
30 2 247 2470
30 3 958 9580
30 4 840 8396
30 5 682 6818
30 6 369 3693
30 7 207 2066
30 8 720 7196
30 9 327 3272
30 10 598 5981
30 11 378 3776
30 12 679 6788
30 13 813 8132
30 14 420 4203
30 15 988 9879
30 16 568 5685
30 17 349 3490
30 18 462 4620
30 19 671 6713
30 20 723 7234
30 21 417 4171
30 22 410 4103
30 23 804 8039
30 24 517 5166
30 25 879 8795
30 26 525 5245
30 27 145 1451
30 28 648 6479
30 29 317 3172
30 31 697 6970
30 32 749 7490
30 33 1011 10106
30 34 726 7258
30 35 206 2064
30 36 707 7072
30 37 674 6744
30 38 193 1929
30 39 242 2419
30 40 727 7271
31 1 898 8975
31 2 489 4890
31 3 890 8897
31 4 1105 11050
31 5 1095 10955
31 6 938 9378
31 7 814 8140
31 8 733 7326
31 9 581 5810
31 10 713 7133
31 11 409 4086
31 12 521 5207
31 13 1198 11978
31 14 281 2810
31 15 813 8131
31 16 1068 10678
31 17 374 3737
31 18 235 2355
31 19 546 5457
31 20 364 3641
31 21 349 3494
31 22 998 9979
31 23 621 6209
31 24 764 7639
31 25 547 5468
31 26 345 3449
31 27 717 7171
31 28 1046 10458
31 29 412 4116
31 30 697 6970
31 32 1137 11374
31 33 801 8009
31 34 193 1926
31 35 898 8981
31 36 917 9172
31 37 587 5866
31 38 524 5236
31 39 476 4762
31 40 511 5113
32 1 548 5479
32 2 734 7341
32 3 629 6285
32 4 191 1914
32 5 70 699
32 6 408 4079
32 7 551 5509
32 8 520 5202
32 9 582 5817
32 10 454 4544
32 11 746 7460
32 12 708 7082
32 13 66 657
32 14 911 9112
32 15 755 7554
32 16 220 2198
32 17 814 8141
32 18 978 9775
32 19 678 6781
32 20 887 8870
32 21 800 8004
32 22 405 4045
32 23 724 7242
32 24 374 3742
32 25 885 8848
32 26 796 7962
32 27 889 8895
32 28 103 1031
32 29 784 7835
32 30 749 7490
32 31 1137 11374
32 33 801 8012
32 34 1027 10274
32 35 676 6758
32 36 282 2824
32 37 639 6394
32 38 745 7451
32 39 905 9050
32 40 757 7568
33 1 263 2627
33 2 795 7946
33 3 190 1899
33 4 644 6441
33 5 812 8120
33 6 936 9364
33 7 944 9444
33 8 328 3279
33 9 685 6845
33 10 455 4553
33 11 680 6805
33 12 350 3496
33 13 827 8275
33 14 785 7855
33 15 47 471
33 16 903 9034
33 17 758 7575
33 18 825 8248
33 19 347 3472
33 20 440 4397
33 21 681 6805
33 22 985 9846
33 23 215 2154
33 24 580 5803
33 25 260 2596
33 26 569 5692
33 27 1131 11315
33 28 773 7735
33 29 763 7629
33 30 1011 10106
33 31 801 8009
33 32 801 8012
33 34 610 6098
33 35 1108 11083
33 36 526 5264
33 37 337 3368
33 38 849 8487
33 39 963 9628
33 40 321 3209
34 1 724 7239
34 2 486 4860
34 3 709 7086
34 4 969 9690
34 5 994 9944
34 6 894 8935
34 7 796 7961
34 8 575 5749
34 9 523 5226
34 10 581 5810
34 11 369 3690
34 12 355 3555
34 13 1084 10836
34 14 321 3207
34 15 624 6240
34 16 992 9918
34 17 377 3768
34 18 314 3138
34 19 384 3838
34 20 180 1797
34 21 316 3159
34 22 955 9547
34 23 439 4389
34 24 656 6561
34 25 354 3544
34 26 246 2463
34 27 782 7818
34 28 944 9442
34 29 410 4100
34 30 726 7258
34 31 193 1926
34 32 1027 10274
34 33 610 6098
34 35 910 9103
34 36 782 7825
34 37 427 4266
34 38 535 5348
34 39 546 5459
34 40 335 3346
35 1 960 9602
35 2 424 4244
35 3 1023 10230
35 4 807 8069
35 5 606 6059
35 6 268 2679
35 7 166 1665
35 8 792 7921
35 9 441 4409
35 10 662 6625
35 11 546 5462
35 12 804 8044
35 13 734 7343
35 14 618 6184
35 15 1079 10788
35 16 466 4656
35 17 537 5371
35 18 665 6646
35 19 790 7904
35 20 883 8830
35 21 595 5949
35 22 280 2803
35 23 917 9165
35 24 553 5526
35 25 1017 10168
35 26 689 6895
35 27 277 2769
35 28 585 5850
35 29 502 5016
35 30 206 2064
35 31 898 8981
35 32 676 6758
35 33 1108 11083
35 34 910 9103
35 36 715 7148
35 37 783 7834
35 38 379 3787
35 39 448 4479
35 40 858 8579
36 1 289 2891
36 2 600 6001
36 3 368 3681
36 4 188 1879
36 5 286 2858
36 6 477 4767
36 7 554 5540
36 8 240 2395
36 9 436 4357
36 10 204 2039
36 11 565 5655
36 12 442 4418
36 13 322 3222
36 14 732 7323
36 15 482 4820
36 16 387 3874
36 17 647 6470
36 18 796 7965
36 19 411 4113
36 20 627 6266
36 21 610 6098
36 22 509 5089
36 23 443 4432
36 24 198 1981
36 25 605 6047
36 26 573 5730
36 27 852 8515
36 28 248 2476
36 29 625 6252
36 30 707 7072
36 31 917 9172
36 32 282 2824
36 33 526 5264
36 34 782 7825
36 35 715 7148
36 37 370 3699
36 38 631 6309
36 39 791 7908
36 40 486 4856
37 1 318 3181
37 2 460 4597
37 3 330 3304
37 4 551 5508
37 5 622 6221
37 6 645 6448
37 7 624 6239
37 8 148 1484
37 9 350 3500
37 10 190 1897
37 11 353 3532
37 12 73 728
37 13 688 6876
37 14 483 4830
37 15 318 3182
37 16 666 6656
37 17 436 4356
37 18 534 5343
37 19 43 429
37 20 259 2591
37 21 365 3650
37 22 700 7000
37 23 133 1331
37 24 307 3072
37 25 262 2622
37 26 272 2721
37 27 795 7948
37 28 574 5741
37 29 435 4351
37 30 674 6744
37 31 587 5866
37 32 639 6394
37 33 337 3368
37 34 427 4266
37 35 783 7834
37 36 370 3699
37 38 513 5129
37 39 635 6352
37 40 117 1175
38 1 781 7806
38 2 57 567
38 3 821 8208
38 4 792 7920
38 5 685 6854
38 6 439 4391
38 7 296 2958
38 8 585 5851
38 9 198 1981
38 10 479 4787
38 11 187 1872
38 12 505 5055
38 13 811 8108
38 14 243 2426
38 15 831 8311
38 16 608 6081
38 17 159 1588
38 18 296 2958
38 19 503 5026
38 20 533 5327
38 21 224 2242
38 22 495 4949
38 23 636 6362
38 24 433 4329
38 25 696 6963
38 26 334 3335
38 27 285 2852
38 28 642 6424
38 29 125 1249
38 30 193 1929
38 31 524 5236
38 32 745 7451
38 33 849 8487
38 34 535 5348
38 35 379 3787
38 36 631 6309
38 37 513 5129
38 39 162 1623
38 40 549 5494
39 1 923 9233
39 2 193 1926
39 3 957 9566
39 4 954 9541
39 5 844 8439
39 6 575 5755
39 7 418 4181
39 8 726 7264
39 9 355 3555
39 10 629 6295
39 11 283 2827
39 12 613 6133
39 13 971 9707
39 14 225 2254
39 15 951 9508
39 16 758 7578
39 17 207 2074
39 18 244 2442
39 19 617 6168
39 20 595 5948
39 21 288 2875
39 22 626 6262
39 23 747 7474
39 24 593 5933
39 25 779 7794
39 26 406 4060
39 27 242 2416
39 28 802 8020
39 29 200 2003
39 30 242 2419
39 31 476 4762
39 32 905 9050
39 33 963 9628
39 34 546 5459
39 35 448 4479
39 36 791 7908
39 37 635 6352
39 38 162 1623
39 40 648 6485
40 1 389 3893
40 2 493 4933
40 3 379 3786
40 4 663 6634
40 5 739 7393
40 6 744 7438
40 7 705 7052
40 8 254 2543
40 9 417 4171
40 10 306 3063
40 11 370 3699
40 12 57 569
40 13 805 8046
40 14 465 4645
40 15 319 3190
40 16 778 7785
40 17 441 4414
40 18 505 5048
40 19 82 822
40 20 157 1565
40 21 363 3625
40 22 801 8010
40 23 113 1130
40 24 419 4192
40 25 160 1604
40 26 249 2487
40 27 835 8347
40 28 691 6910
40 29 451 4509
40 30 727 7271
40 31 511 5113
40 32 757 7568
40 33 321 3209
40 34 335 3346
40 35 858 8579
40 36 486 4856
40 37 117 1175
40 38 549 5494
40 39 648 6485
