30
582
388
29
8
19
25
21
14
1
7
22
20
17
30
11
4
16
27
29
13
5
15
12
24
6
28
9
3
26
23
2
18
19
29
3
17
2
15
18
22
26
1
12
28
13
11
21
10
6
4
9
8
1 2 683 6831
1 3 939 9394
1 4 584 5837
1 5 151 1512
1 6 128 1276
1 7 305 3048
1 8 855 8554
1 9 148 1480
1 10 152 1521
1 11 186 1859
1 12 558 5575
1 13 686 6859
1 14 669 6692
1 15 932 9316
1 16 734 7339
1 17 573 5730
1 18 283 2827
1 19 405 4048
1 20 790 7897
1 21 260 2602
1 22 187 1873
1 23 744 7440
1 24 426 4262
1 25 1031 10306
1 26 726 7261
1 27 426 4265
1 28 165 1647
1 29 610 6098
1 30 382 3823
2 1 683 6831
2 3 616 6162
2 4 796 7959
2 5 833 8329
2 6 782 7823
2 7 782 7823
2 8 674 6743
2 9 642 6423
2 10 577 5769
2 11 515 5146
2 12 816 8158
2 13 329 3292
2 14 640 6396
2 15 608 6082
2 16 219 2187
2 17 167 1675
2 18 606 6059
2 19 481 4807
2 20 748 7483
2 21 468 4678
2 22 848 8480
2 23 100 1000
2 24 409 4094
2 25 470 4695
2 26 411 4112
2 27 346 3462
2 28 628 6278
2 29 141 1409
2 30 610 6101
3 1 939 9394
3 2 616 6162
3 4 584 5843
3 5 1070 10702
3 6 963 9631
3 7 811 8110
3 8 171 1712
3 9 997 9972
3 10 787 7873
3 11 869 8692
3 12 631 6310
3 13 313 3128
3 14 345 3446
3 15 9 86
3 16 834 8336
3 17 745 7455
3 18 684 6840
3 19 535 5354
3 20 330 3295
3 21 689 6890
3 22 1011 10109
3 23 534 5338
3 24 518 5184
3 25 341 3414
3 26 237 2371
3 27 858 8579
3 28 790 7902
3 29 737 7371
3 30 601 6009
4 1 584 5837
4 2 796 7959
4 3 584 5843
4 5 654 6536
4 6 532 5324
4 7 314 3144
4 8 427 4268
4 9 710 7105
4 10 470 4701
4 11 639 6395
4 12 49 488
4 13 540 5404
4 14 243 2430
4 15 580 5801
4 16 974 9743
4 17 811 8107
4 18 319 3193
4 19 333 3334
4 20 286 2864
4 21 461 4614
4 22 551 5511
4 23 782 7823
4 24 398 3985
4 25 852 8516
4 26 505 5047
4 27 793 7927
4 28 425 4254
4 29 830 8301
4 30 235 2354
5 1 151 1512
5 2 833 8329
5 3 1070 10702
5 4 654 6536
5 6 121 1213
5 7 343 3434
5 8 973 9732
5 9 235 2349
5 10 291 2913
5 11 326 3257
5 12 619 6189
5 13 830 8302
5 14 779 7787
5 15 1063 10626
5 16 872 8725
5 17 717 7168
5 18 392 3916
5 19 536 5355
5 20 891 8908
5 21 406 4062
5 22 122 1217
5 23 895 8952
5 24 566 5661
5 25 1178 11783
5 26 865 8654
5 27 559 5589
5 28 280 2801
5 29 754 7542
5 30 487 4868
6 1 128 1276
6 2 782 7823
6 3 963 9631
6 4 532 5324
6 5 121 1213
6 7 224 2240
6 8 859 8590
6 9 269 2687
6 10 210 2099
6 11 309 3086
6 12 498 4982
6 13 739 7394
6 14 662 6622
6 15 956 9558
6 16 851 8513
6 17 686 6859
6 18 280 2796
6 19 433 4330
6 20 772 7717
6 21 327 3273
6 22 66 659
6 23 834 8340
6 24 472 4725
6 25 1093 10928
6 26 767 7672
6 27 550 5496
6 28 179 1786
6 29 722 7217
6 30 371 3709
7 1 305 3048
7 2 782 7823
7 3 811 8110
7 4 314 3144
7 5 343 3434
7 6 224 2240
7 8 684 6836
7 9 450 4495
7 10 254 2542
7 11 427 4266
7 12 277 2766
7 13 645 6453
7 14 482 4815
7 15 805 8046
7 16 904 9040
7 17 731 7307
7 18 178 1775
7 19 332 3315
7 20 575 5748
7 21 325 3253
7 22 237 2367
7 23 808 8083
7 24 395 3951
7 25 999 9991
7 26 650 6501
7 27 643 6426
7 28 191 1906
7 29 761 7611
7 30 218 2176
8 1 855 8554
8 2 674 6743
8 3 171 1712
8 4 427 4268
8 5 973 9732
8 6 859 8590
8 7 684 6836
8 9 935 9350
8 10 706 7059
8 11 817 8173
8 12 475 4749
8 13 345 3453
8 14 202 2021
8 15 170 1699
8 16 892 8917
8 17 775 7751
8 18 582 5816
8 19 456 4558
8 20 159 1587
8 21 624 6242
8 22 900 8998
8 23 609 6094
8 24 461 4614
8 25 499 4987
8 26 263 2633
8 27 854 8538
8 28 696 6961
8 29 775 7751
8 30 488 4882
9 1 148 1480
9 2 642 6423
9 3 997 9972
9 4 710 7105
9 5 235 2349
9 6 269 2687
9 7 450 4495
9 8 935 9350
9 10 244 2442
9 11 136 1362
9 12 689 6892
9 13 716 7161
9 14 763 7627
9 15 989 9890
9 16 650 6503
9 17 506 5062
9 18 395 3949
9 19 480 4798
9 20 889 8895
9 21 311 3113
9 22 319 3191
9 23 718 7184
9 24 480 4800
9 25 1040 10403
9 26 770 7699
9 27 334 3340
9 28 285 2854
9 29 544 5442
9 30 492 4915
10 1 152 1521
10 2 577 5769
10 3 787 7873
10 4 470 4701
10 5 291 2913
10 6 210 2099
10 7 254 2542
10 8 706 7059
10 9 244 2442
10 11 178 1776
10 12 453 4530
10 13 539 5389
10 14 524 5242
10 15 779 7795
10 16 666 6665
10 17 495 4954
10 18 152 1516
10 19 253 2530
10 20 648 6485
10 21 118 1178
10 22 274 2740
10 23 625 6248
10 24 276 2756
10 25 888 8884
10 26 576 5755
10 27 390 3897
10 28 64 638
10 29 529 5290
10 30 247 2474
11 1 186 1859
11 2 515 5146
11 3 869 8692
11 4 639 6395
11 5 326 3257
11 6 309 3086
11 7 427 4266
11 8 817 8173
11 9 136 1362
11 10 178 1776
11 12 626 6263
11 13 582 5821
11 14 656 6561
11 15 861 8608
11 16 549 5487
11 17 391 3911
11 18 321 3212
11 19 368 3681
11 20 786 7859
11 21 197 1969
11 22 372 3717
11 23 586 5862
11 24 357 3568
11 25 904 9041
11 26 639 6387
11 27 241 2411
11 28 238 2379
11 29 429 4286
11 30 408 4075
12 1 558 5575
12 2 816 8158
12 3 631 6310
12 4 49 488
12 5 619 6189
12 6 498 4982
12 7 277 2766
12 8 475 4749
12 9 689 6892
12 10 453 4530
12 11 626 6263
12 13 573 5734
12 14 288 2881
12 15 627 6266
12 16 987 9874
12 17 821 8210
12 18 305 3052
12 19 343 3435
12 20 335 3352
12 21 456 4564
12 22 513 5128
12 23 808 8076
12 24 412 4117
12 25 892 8922
12 26 542 5424
12 27 792 7919
12 28 404 4039
12 29 842 8423
12 30 232 2321
13 1 686 6859
13 2 329 3292
13 3 313 3128
13 4 540 5404
13 5 830 8302
13 6 739 7394
13 7 645 6453
13 8 345 3453
13 9 716 7161
13 10 539 5389
13 11 582 5821
13 12 573 5734
13 14 335 3353
13 15 304 3043
13 16 546 5463
13 17 438 4376
13 18 480 4804
13 19 317 3168
13 20 428 4276
13 21 426 4257
13 22 797 7971
13 23 272 2722
13 24 267 2670
13 25 356 3562
13 26 83 833
13 27 546 5457
13 28 561 5609
13 29 434 4335
13 30 431 4310
14 1 669 6692
14 2 640 6396
14 3 345 3446
14 4 243 2430
14 5 779 7787
14 6 662 6622
14 7 482 4815
14 8 202 2021
14 9 763 7627
14 10 524 5242
14 11 656 6561
14 12 288 2881
14 13 335 3353
14 15 340 3398
14 16 843 8433
14 17 699 6994
14 18 389 3891
14 19 288 2883
14 20 131 1314
14 21 459 4592
14 22 700 7003
14 23 602 6019
14 24 318 3177
14 25 614 6137
14 26 280 2801
14 27 737 7372
14 28 506 5063
14 29 709 7090
14 30 292 2920
15 1 932 9316
15 2 608 6082
15 3 9 86
15 4 580 5801
15 5 1063 10626
15 6 956 9558
15 7 805 8046
15 8 170 1699
15 9 989 9890
15 10 779 7795
15 11 861 8608
15 12 627 6266
15 13 304 3043
15 14 340 3398
15 16 826 8258
15 17 737 7372
15 18 677 6768
15 19 528 5277
15 20 328 3278
15 21 681 6809
15 22 1004 10038
15 23 526 5262
15 24 510 5102
15 25 339 3389
15 26 229 2285
15 27 849 8493
15 28 783 7826
15 29 729 7289
15 30 594 5941
16 1 734 7339
16 2 219 2187
16 3 834 8336
16 4 974 9743
16 5 872 8725
16 6 851 8513
16 7 904 9040
16 8 892 8917
16 9 650 6503
16 10 666 6665
16 11 549 5487
16 12 987 9874
16 13 546 5463
16 14 843 8433
16 15 826 8258
16 17 173 1734
16 18 737 7373
16 19 644 6441
16 20 958 9582
16 21 579 5788
16 22 916 9164
16 23 303 3030
16 24 576 5762
16 25 652 6516
16 26 629 6289
16 27 316 3163
16 28 727 7266
16 29 146 1459
16 30 766 7655
17 1 573 5730
17 2 167 1675
17 3 745 7455
17 4 811 8107
17 5 717 7168
17 6 686 6859
17 7 731 7307
17 8 775 7751
17 9 506 5062
17 10 495 4954
17 11 391 3911
17 12 821 8210
17 13 438 4376
17 14 699 6994
17 15 737 7372
17 16 173 1734
17 18 564 5643
17 19 478 4779
17 20 821 8213
17 21 405 4055
17 22 752 7515
17 23 266 2661
17 24 413 4127
17 25 635 6348
17 26 520 5202
17 27 186 1859
17 28 555 5546
17 29 38 379
17 30 596 5957
18 1 283 2827
18 2 606 6059
18 3 684 6840
18 4 319 3193
18 5 392 3916
18 6 280 2796
18 7 178 1775
18 8 582 5816
18 9 395 3949
18 10 152 1516
18 11 321 3212
18 12 305 3052
18 13 480 4804
18 14 389 3891
18 15 677 6768
18 16 737 7373
18 17 564 5643
18 19 164 1638
18 20 507 5072
18 21 164 1640
18 22 328 3276
18 23 631 6309
18 24 221 2207
18 25 837 8366
18 26 497 4966
18 27 500 4999
18 28 118 1181
18 29 593 5925
18 30 100 996
19 1 405 4048
19 2 481 4807
19 3 535 5354
19 4 333 3334
19 5 536 5355
19 6 433 4330
19 7 332 3315
19 8 456 4558
19 9 480 4798
19 10 253 2530
19 11 368 3681
19 12 343 3435
19 13 317 3168
19 14 288 2883
19 15 528 5277
19 16 644 6441
19 17 478 4779
19 18 164 1638
19 20 419 4188
19 21 171 1714
19 22 487 4865
19 23 489 4887
19 24 71 714
19 25 673 6729
19 26 335 3349
19 27 469 4690
19 28 256 2563
19 29 499 4988
19 30 131 1306
20 1 790 7897
20 2 748 7483
20 3 330 3295
20 4 286 2864
20 5 891 8908
20 6 772 7717
20 7 575 5748
20 8 159 1587
20 9 889 8895
20 10 648 6485
20 11 786 7859
20 12 335 3352
20 13 428 4276
20 14 131 1314
20 15 328 3278
20 16 958 9582
20 17 821 8213
20 18 507 5072
20 19 419 4188
20 21 589 5891
20 22 804 8040
20 23 700 6997
20 24 449 4487
20 25 647 6469
20 26 357 3569
20 27 867 8671
20 28 625 6253
20 29 828 8284
20 30 408 4079
21 1 260 2602
21 2 468 4678
21 3 689 6890
21 4 461 4614
21 5 406 4062
21 6 327 3273
21 7 325 3253
21 8 624 6242
21 9 311 3113
21 10 118 1178
21 11 197 1969
21 12 456 4564
21 13 426 4257
21 14 459 4592
21 15 681 6809
21 16 579 5788
21 17 405 4055
21 18 164 1640
21 19 171 1714
21 20 589 5891
21 22 391 3906
21 23 510 5099
21 24 171 1707
21 25 772 7721
21 26 468 4683
21 27 338 3376
21 28 160 1604
21 29 436 4360
21 30 226 2261
22 1 187 1873
22 2 848 8480
22 3 1011 10109
22 4 551 5511
22 5 122 1217
22 6 66 659
22 7 237 2367
22 8 900 8998
22 9 319 3191
22 10 274 2740
22 11 372 3717
22 12 513 5128
22 13 797 7971
22 14 700 7003
22 15 1004 10038
22 16 916 9164
22 17 752 7515
22 18 328 3276
22 19 487 4865
22 20 804 8040
22 21 391 3906
22 23 899 8987
22 24 530 5302
22 25 1152 11519
22 26 821 8215
22 27 613 6128
22 28 237 2371
22 29 787 7874
22 30 413 4126
23 1 744 7440
23 2 100 1000
23 3 534 5338
23 4 782 7823
23 5 895 8952
23 6 834 8340
23 7 808 8083
23 8 609 6094
23 9 718 7184
23 10 625 6248
23 11 586 5862
23 12 808 8076
23 13 272 2722
23 14 602 6019
23 15 526 5262
23 16 303 3030
23 17 266 2661
23 18 631 6309
23 19 489 4887
23 20 700 6997
23 21 510 5099
23 22 899 8987
23 24 419 4186
23 25 370 3695
23 26 348 3483
23 27 439 4392
23 28 670 6698
23 29 241 2409
23 30 619 6192
24 1 426 4262
24 2 409 4094
24 3 518 5184
24 4 398 3985
24 5 566 5661
24 6 472 4725
24 7 395 3951
24 8 461 4614
24 9 480 4800
24 10 276 2756
24 11 357 3568
24 12 412 4117
24 13 267 2670
24 14 318 3177
24 15 510 5102
24 16 576 5762
24 17 413 4127
24 18 221 2207
24 19 71 714
24 20 449 4487
24 21 171 1707
24 22 530 5302
24 23 419 4186
24 25 622 6219
24 26 300 3000
24 27 421 4213
24 28 294 2940
24 29 432 4317
24 30 202 2017
25 1 1031 10306
25 2 470 4695
25 3 341 3414
25 4 852 8516
25 5 1178 11783
25 6 1093 10928
25 7 999 9991
25 8 499 4987
25 9 1040 10403
25 10 888 8884
25 11 904 9041
25 12 892 8922
25 13 356 3562
25 14 614 6137
25 15 339 3389
25 16 652 6516
25 17 635 6348
25 18 837 8366
25 19 673 6729
25 20 647 6469
25 21 772 7721
25 22 1152 11519
25 23 370 3695
25 24 622 6219
25 26 355 3546
25 27 800 7997
25 28 915 9150
25 29 610 6104
25 30 783 7827
26 1 726 7261
26 2 411 4112
26 3 237 2371
26 4 505 5047
26 5 865 8654
26 6 767 7672
26 7 650 6501
26 8 263 2633
26 9 770 7699
26 10 576 5755
26 11 639 6387
26 12 542 5424
26 13 83 833
26 14 280 2801
26 15 229 2285
26 16 629 6289
26 17 520 5202
26 18 497 4966
26 19 335 3349
26 20 357 3569
26 21 468 4683
26 22 821 8215
26 23 348 3483
26 24 300 3000
26 25 355 3546
26 27 622 6218
26 28 589 5893
26 29 517 5167
26 30 433 4325
27 1 426 4265
27 2 346 3462
27 3 858 8579
27 4 793 7927
27 5 559 5589
27 6 550 5496
27 7 643 6426
27 8 854 8538
27 9 334 3340
27 10 390 3897
27 11 241 2411
27 12 792 7919
27 13 546 5457
27 14 737 7372
27 15 849 8493
27 16 316 3163
27 17 186 1859
27 18 500 4999
27 19 469 4690
27 20 867 8671
27 21 338 3376
27 22 613 6128
27 23 439 4392
27 24 421 4213
27 25 800 7997
27 26 622 6218
27 28 453 4534
27 29 222 2223
27 30 560 5599
28 1 165 1647
28 2 628 6278
28 3 790 7902
28 4 425 4254
28 5 280 2801
28 6 179 1786
28 7 191 1906
28 8 696 6961
28 9 285 2854
28 10 64 638
28 11 238 2379
28 12 404 4039
28 13 561 5609
28 14 506 5063
28 15 783 7826
28 16 727 7266
28 17 555 5546
28 18 118 1181
28 19 256 2563
28 20 625 6253
28 21 160 1604
28 22 237 2371
28 23 670 6698
28 24 294 2940
28 25 915 9150
28 26 589 5893
28 27 453 4534
28 29 587 5875
28 30 218 2177
29 1 610 6098
29 2 141 1409
29 3 737 7371
29 4 830 8301
29 5 754 7542
29 6 722 7217
29 7 761 7611
29 8 775 7751
29 9 544 5442
29 10 529 5290
29 11 429 4286
29 12 842 8423
29 13 434 4335
29 14 709 7090
29 15 729 7289
29 16 146 1459
29 17 38 379
29 18 593 5925
29 19 499 4988
29 20 828 8284
29 21 436 4360
29 22 787 7874
29 23 241 2409
29 24 432 4317
29 25 610 6104
29 26 517 5167
29 27 222 2223
29 28 587 5875
29 30 620 6196
30 1 382 3823
30 2 610 6101
30 3 601 6009
30 4 235 2354
30 5 487 4868
30 6 371 3709
30 7 218 2176
30 8 488 4882
30 9 492 4915
30 10 247 2474
30 11 408 4075
30 12 232 2321
30 13 431 4310
30 14 292 2920
30 15 594 5941
30 16 766 7655
30 17 596 5957
30 18 100 996
30 19 131 1306
30 20 408 4079
30 21 226 2261
30 22 413 4126
30 23 619 6192
30 24 202 2017
30 25 783 7827
30 26 433 4325
30 27 560 5599
30 28 218 2177
30 29 620 6196
