40
21
853
4
23
14
30
17
17
24
14
20
9
30
17
5
38
25
1
16
40
12
8
26
13
29
1 2 664 6638
1 3 606 6061
1 4 884 8842
1 5 577 5773
1 6 365 3652
1 7 740 7401
1 8 732 7321
1 9 242 2424
1 10 160 1597
1 11 437 4369
1 12 704 7035
1 13 228 2280
1 14 738 7383
1 15 494 4942
1 16 593 5928
1 17 348 3483
1 18 637 6367
1 19 517 5171
1 20 60 596
1 21 273 2726
1 22 559 5595
1 23 644 6440
1 24 157 1572
1 25 698 6982
1 26 479 4789
1 27 737 7366
1 28 791 7913
1 29 355 3548
1 30 410 4095
1 31 581 5813
1 32 276 2760
1 33 467 4674
1 34 406 4056
1 35 518 5178
1 36 707 7066
1 37 503 5027
1 38 228 2279
1 39 661 6608
1 40 290 2898
2 1 664 6638
2 3 190 1898
2 4 344 3442
2 5 93 928
2 6 384 3837
2 7 830 8301
2 8 457 4566
2 9 471 4714
2 10 690 6901
2 11 227 2271
2 12 459 4589
2 13 797 7969
2 14 685 6848
2 15 239 2386
2 16 356 3560
2 17 399 3991
2 18 580 5796
2 19 654 6536
2 20 721 7207
2 21 423 4233
2 22 229 2289
2 23 607 6068
2 24 598 5984
2 25 696 6963
2 26 331 3306
2 27 130 1303
2 28 158 1585
2 29 314 3140
2 30 479 4790
2 31 374 3736
2 32 464 4643
2 33 347 3472
2 34 485 4852
2 35 488 4883
2 36 859 8589
2 37 897 8965
2 38 668 6676
2 39 404 4039
2 40 950 9498
3 1 606 6061
3 2 190 1898
3 4 282 2816
3 5 140 1397
3 6 431 4314
3 7 642 6417
3 8 278 2776
3 9 475 4748
3 10 589 5892
3 11 217 2173
3 12 616 6156
3 13 783 7828
3 14 495 4952
3 15 333 3326
3 16 166 1663
3 17 278 2782
3 18 390 3902
3 19 477 4768
3 20 656 6561
3 21 427 4271
3 22 55 549
3 23 418 4175
3 24 587 5867
3 25 507 5067
3 26 168 1683
3 27 157 1573
3 28 215 2145
3 29 263 2634
3 30 551 5510
3 31 507 5070
3 32 355 3548
3 33 186 1861
3 34 327 3273
3 35 307 3071
3 36 673 6734
3 37 740 7397
3 38 675 6747
3 39 217 2171
3 40 873 8735
4 1 884 8842
4 2 344 3442
4 3 282 2816
4 5 371 3708
4 6 696 6962
4 7 729 7285
4 8 293 2931
4 9 753 7532
4 10 851 8509
4 11 491 4908
4 12 797 7970
4 13 1064 10644
4 14 550 5499
4 15 571 5706
4 16 331 3308
4 17 544 5438
4 18 493 4929
4 19 643 6432
4 20 932 9319
4 21 705 7048
4 22 325 3248
4 23 518 5179
4 24 868 8678
4 25 588 5876
4 26 416 4159
4 27 214 2139
4 28 204 2036
4 29 545 5449
4 30 807 8070
4 31 718 7178
4 32 621 6214
4 33 431 4313
4 34 553 5530
4 35 483 4835
4 36 783 7830
4 37 935 9353
4 38 954 9541
4 39 305 3051
4 40 1142 11424
5 1 577 5773
5 2 93 928
5 3 140 1397
5 4 371 3708
5 6 327 3270
5 7 759 7594
5 8 417 4172
5 9 399 3988
5 10 598 5979
5 11 141 1414
5 12 476 4760
5 13 722 7222
5 14 625 6246
5 15 203 2031
5 16 295 2950
5 17 307 3069
5 18 514 5136
5 19 572 5719
5 20 633 6332
5 21 350 3500
5 22 160 1605
5 23 540 5401
5 24 523 5228
5 25 630 6303
5 26 248 2481
5 27 172 1722
5 28 220 2200
5 29 224 2242
5 30 436 4363
5 31 370 3699
5 32 371 3715
5 33 264 2636
5 34 398 3977
5 35 411 4114
5 36 783 7833
5 37 807 8067
5 38 599 5989
5 39 354 3544
5 40 861 8611
6 1 365 3652
6 2 384 3837
6 3 431 4314
6 4 696 6962
6 5 327 3270
6 7 883 8835
6 8 673 6730
6 9 123 1234
6 10 468 4681
6 11 216 2156
6 12 351 3514
6 13 430 4297
6 14 804 8035
6 15 154 1544
6 16 522 5219
6 17 345 3451
6 18 684 6839
6 19 654 6545
6 20 424 4240
6 21 99 991
6 22 413 4132
6 23 704 7040
6 24 244 2438
6 25 787 7866
6 26 412 4117
6 27 497 4973
6 28 539 5391
6 29 216 2164
6 30 126 1257
6 31 221 2210
6 32 344 3437
6 33 414 4142
6 34 470 4702
6 35 552 5519
6 36 880 8797
6 37 782 7819
6 38 291 2909
6 39 598 5976
6 40 648 6477
7 1 740 7401
7 2 830 8301
7 3 642 6417
7 4 729 7285
7 5 759 7594
7 6 883 8835
7 8 436 4363
7 9 828 8283
7 10 593 5932
7 11 727 7274
7 12 1192 11924
7 13 965 9652
7 14 181 1812
7 15 884 8837
7 16 476 4762
7 17 539 5393
7 18 253 2532
7 19 234 2335
7 20 742 7422
7 21 807 8073
7 22 602 6021
7 23 226 2255
7 24 852 8521
7 25 142 1420
7 26 518 5179
7 27 776 7760
7 28 822 8220
7 29 676 6761
7 30 1000 10004
7 31 1062 10622
7 32 548 5478
7 33 506 5059
7 34 413 4135
7 35 352 3517
7 36 75 748
7 37 373 3728
7 38 949 9494
7 39 448 4481
7 40 826 8256
8 1 732 7321
8 2 457 4566
8 3 278 2776
8 4 293 2931
8 5 417 4172
8 6 673 6730
8 7 436 4363
8 9 681 6809
8 10 654 6536
8 11 462 4620
8 12 893 8928
8 13 945 9448
8 14 260 2604
8 15 601 6013
8 16 153 1530
8 17 391 3908
8 18 203 2032
8 19 368 3678
8 20 767 7672
8 21 640 6396
8 22 269 2689
8 23 227 2265
8 24 767 7669
8 25 295 2948
8 26 272 2721
8 27 367 3669
8 28 403 4029
8 29 466 4663
8 30 798 7981
8 31 781 7807
8 32 457 4568
8 33 277 2770
8 34 337 3372
8 35 235 2353
8 36 490 4899
8 37 663 6634
8 38 866 8655
8 39 77 765
8 40 948 9482
9 1 242 2424
9 2 471 4714
9 3 475 4748
9 4 753 7532
9 5 399 3988
9 6 123 1234
9 7 828 8283
9 8 681 6809
9 10 356 3560
9 11 263 2635
9 12 465 4652
9 13 326 3255
9 14 772 7719
9 15 265 2650
9 16 528 5281
9 17 309 3092
9 18 655 6548
9 19 595 5950
9 20 301 3009
9 21 49 490
9 22 443 4434
9 23 671 6713
9 24 129 1285
9 25 747 7469
9 26 409 4092
9 27 570 5704
9 28 619 6185
9 29 218 2180
9 30 187 1870
9 31 340 3397
9 32 281 2808
9 33 406 4063
9 34 424 4238
9 35 521 5215
9 36 815 8151
9 37 684 6843
9 38 201 2013
9 39 604 6044
9 40 525 5246
10 1 160 1597
10 2 690 6901
10 3 589 5892
10 4 851 8509
10 5 598 5979
10 6 468 4681
10 7 593 5932
10 8 654 6536
10 9 356 3560
10 11 469 4693
10 12 819 8187
10 13 374 3741
10 14 614 6135
10 15 568 5681
10 16 532 5325
10 17 311 3111
10 18 524 5242
10 19 382 3816
10 20 149 1493
10 21 369 3690
10 22 536 5364
10 23 526 5263
10 24 307 3073
10 25 568 5679
10 26 435 4351
10 27 737 7369
10 28 794 7944
10 29 379 3791
10 30 540 5397
10 31 689 6890
10 32 235 2345
10 33 420 4196
10 34 317 3166
10 35 423 4225
10 36 554 5540
10 37 345 3447
10 38 387 3871
10 39 590 5899
10 40 296 2956
11 1 437 4369
11 2 227 2271
11 3 217 2173
11 4 491 4908
11 5 141 1414
11 6 216 2156
11 7 727 7274
11 8 462 4620
11 9 263 2635
11 10 469 4693
11 12 465 4655
11 13 583 5832
11 14 620 6203
11 15 156 1565
11 16 314 3144
11 17 210 2103
11 18 502 5016
11 19 515 5149
11 20 494 4935
11 21 215 2147
11 22 198 1979
11 23 525 5250
11 24 384 3839
11 25 613 6130
11 26 218 2175
11 27 309 3092
11 28 360 3602
11 29 90 902
11 30 338 3383
11 31 338 3378
11 32 257 2570
11 33 226 2255
11 34 327 3269
11 35 378 3779
11 36 738 7381
11 37 712 7124
11 38 465 4647
11 39 388 3883
11 40 723 7227
12 1 704 7035
12 2 459 4589
12 3 616 6156
12 4 797 7970
12 5 476 4760
12 6 351 3514
12 7 1192 11924
12 8 893 8928
12 9 465 4652
12 10 819 8187
12 11 465 4655
12 13 697 6969
12 14 1082 10824
12 15 309 3090
12 16 762 7616
12 17 661 6611
12 18 965 9650
12 19 975 9746
12 20 759 7595
12 21 450 4503
12 22 628 6283
12 23 989 9892
12 24 558 5584
12 25 1078 10778
12 26 681 6808
12 27 586 5859
12 28 596 5959
12 29 522 5217
12 30 301 3007
12 31 134 1343
12 32 680 6802
12 33 690 6903
12 34 785 7854
12 35 843 8433
12 36 1200 12000
12 37 1131 11306
12 38 556 5555
12 39 827 8274
12 40 969 9689
13 1 228 2280
13 2 797 7969
13 3 783 7828
13 4 1064 10644
13 5 722 7222
13 6 430 4297
13 7 965 9652
13 8 945 9448
13 9 326 3255
13 10 374 3741
13 11 583 5832
13 12 697 6969
13 14 966 9659
13 15 583 5831
13 16 799 7989
13 17 554 5543
13 18 863 8626
13 19 745 7447
13 20 225 2254
13 21 374 3736
13 22 743 7433
13 23 871 8708
13 24 199 1994
13 25 926 9261
13 26 680 6803
13 27 892 8924
13 28 942 9422
13 29 520 5195
13 30 403 4034
13 31 602 6016
13 32 490 4899
13 33 671 6715
13 34 628 6284
13 35 740 7403
13 36 928 9281
13 37 697 6973
13 38 145 1446
13 39 871 8709
13 40 312 3119
14 1 738 7383
14 2 685 6848
14 3 495 4952
14 4 550 5499
14 5 625 6246
14 6 804 8035
14 7 181 1812
14 8 260 2604
14 9 772 7719
14 10 614 6135
14 11 620 6203
14 12 1082 10824
14 13 966 9659
14 15 775 7753
14 16 330 3302
14 17 464 4641
14 18 120 1198
14 19 236 2361
14 20 755 7547
14 21 742 7419
14 22 464 4642
14 23 101 1006
14 24 822 8222
14 25 57 571
14 26 403 4028
14 27 615 6154
14 28 657 6572
14 29 588 5877
14 30 927 9269
14 31 958 9578
14 32 498 4975
14 33 395 3955
14 34 350 3504
14 35 252 2522
14 36 245 2451
14 37 490 4904
14 38 923 9231
14 39 285 2854
14 40 884 8835
15 1 494 4942
15 2 239 2386
15 3 333 3326
15 4 571 5706
15 5 203 2031
15 6 154 1544
15 7 884 8837
15 8 601 6013
15 9 265 2650
15 10 568 5681
15 11 156 1565
15 12 309 3090
15 13 583 5831
15 14 775 7753
15 16 461 4609
15 17 358 3575
15 18 657 6571
15 19 668 6685
15 20 554 5538
15 21 224 2240
15 22 332 3324
15 23 681 6809
15 24 392 3923
15 25 769 7692
15 26 373 3727
15 27 362 3618
15 28 397 3970
15 29 220 2202
15 30 240 2404
15 31 183 1828
15 32 388 3884
15 33 382 3816
15 34 479 4795
15 35 534 5344
15 36 893 8929
15 37 847 8473
15 38 445 4453
15 39 531 5311
15 40 783 7831
16 1 593 5928
16 2 356 3560
16 3 166 1663
16 4 331 3308
16 5 295 2950
16 6 522 5219
16 7 476 4762
16 8 153 1530
16 9 528 5281
16 10 532 5325
16 11 314 3144
16 12 762 7616
16 13 799 7989
16 14 330 3302
16 15 461 4609
16 17 246 2455
16 18 224 2240
16 19 329 3285
16 20 632 6325
16 21 487 4866
16 22 135 1349
16 23 251 2514
16 24 617 6169
16 25 340 3404
16 26 120 1202
16 27 304 3045
16 28 355 3554
16 29 313 3133
16 30 647 6473
16 31 643 6430
16 32 317 3173
16 33 127 1275
16 34 224 2237
16 35 159 1590
16 36 511 5109
16 37 611 6111
16 38 715 7145
16 39 77 766
16 40 828 8277
17 1 348 3483
17 2 399 3991
17 3 278 2782
17 4 544 5438
17 5 307 3069
17 6 345 3451
17 7 539 5393
17 8 391 3908
17 9 309 3092
17 10 311 3111
17 11 210 2103
17 12 661 6611
17 13 554 5543
17 14 464 4641
17 15 358 3575
17 16 246 2455
17 18 346 3460
17 19 314 3143
17 20 391 3910
17 21 278 2778
17 22 225 2253
17 23 364 3636
17 24 378 3784
17 25 443 4429
17 26 131 1310
17 27 428 4285
17 28 486 4863
17 29 139 1394
17 30 465 4653
17 31 528 5282
17 32 78 777
17 33 119 1192
17 34 126 1261
17 35 213 2126
17 36 540 5402
17 37 505 5046
17 38 479 4785
17 39 317 3166
17 40 599 5989
18 1 637 6367
18 2 580 5796
18 3 390 3902
18 4 493 4929
18 5 514 5136
18 6 684 6839
18 7 253 2532
18 8 203 2032
18 9 655 6548
18 10 524 5242
18 11 502 5016
18 12 965 9650
18 13 863 8626
18 14 120 1198
18 15 657 6571
18 16 224 2240
18 17 346 3460
18 19 176 1764
18 20 659 6585
18 21 624 6236
18 22 354 3539
18 23 28 276
18 24 711 7106
18 25 117 1168
18 26 284 2844
18 27 523 5230
18 28 570 5697
18 29 468 4679
18 30 807 8075
18 31 839 8393
18 32 384 3843
18 33 276 2763
18 34 238 2376
18 35 133 1335
18 36 295 2950
18 37 468 4675
18 38 812 8117
18 39 197 1975
18 40 807 8071
19 1 517 5171
19 2 654 6536
19 3 477 4768
19 4 643 6432
19 5 572 5719
19 6 654 6545
19 7 234 2335
19 8 368 3678
19 9 595 5950
19 10 382 3816
19 11 515 5149
19 12 975 9746
19 13 745 7447
19 14 236 2361
19 15 668 6685
19 16 329 3285
19 17 314 3143
19 18 176 1764
19 20 527 5267
19 21 575 5752
19 22 428 4276
19 23 166 1656
19 24 621 6206
19 25 187 1869
19 26 324 3239
19 27 628 6285
19 28 682 6819
19 29 453 4535
19 30 769 7691
19 31 842 8422
19 32 315 3151
19 33 308 3084
19 34 189 1892
19 35 171 1710
19 36 226 2260
19 37 296 2957
19 38 719 7190
19 39 338 3381
19 40 647 6474
20 1 60 596
20 2 721 7207
20 3 656 6561
20 4 932 9319
20 5 633 6332
20 6 424 4240
20 7 742 7422
20 8 767 7672
20 9 301 3009
20 10 149 1493
20 11 494 4935
20 12 759 7595
20 13 225 2254
20 14 755 7547
20 15 554 5538
20 16 632 6325
20 17 391 3910
20 18 659 6585
20 19 527 5267
20 21 332 3321
20 22 608 6079
20 23 664 6635
20 24 206 2059
20 25 711 7115
20 26 522 5220
20 27 790 7902
20 28 846 8455
20 29 410 4097
20 30 463 4631
20 31 639 6388
20 32 316 3156
20 33 509 5093
20 34 434 4344
20 35 546 5457
20 36 703 7032
20 37 478 4780
20 38 260 2604
20 39 698 6978
20 40 231 2307
21 1 273 2726
21 2 423 4233
21 3 427 4271
21 4 705 7048
21 5 350 3500
21 6 99 991
21 7 807 8073
21 8 640 6396
21 9 49 490
21 10 369 3690
21 11 215 2147
21 12 450 4503
21 13 374 3736
21 14 742 7419
21 15 224 2240
21 16 487 4866
21 17 278 2778
21 18 624 6236
21 19 575 5752
21 20 332 3321
21 22 397 3972
21 23 641 6413
21 24 175 1752
21 25 720 7196
21 26 369 3690
21 27 521 5215
21 28 570 5697
21 29 174 1740
21 30 195 1946
21 31 320 3200
21 32 260 2603
21 33 367 3674
21 34 398 3976
21 35 490 4901
21 36 798 7982
21 37 686 6857
21 38 250 2501
21 39 563 5631
21 40 560 5598
22 1 559 5595
22 2 229 2289
22 3 55 549
22 4 325 3248
22 5 160 1605
22 6 413 4132
22 7 602 6021
22 8 269 2689
22 9 443 4434
22 10 536 5364
22 11 198 1979
22 12 628 6283
22 13 743 7433
22 14 464 4642
22 15 332 3324
22 16 135 1349
22 17 225 2253
22 18 354 3539
22 19 428 4276
22 20 608 6079
22 21 397 3972
22 23 381 3806
22 24 550 5496
22 25 471 4707
22 26 114 1137
22 27 212 2119
22 28 269 2693
22 29 227 2270
22 30 536 5363
22 31 513 5126
22 32 303 3025
22 33 132 1315
22 34 273 2730
22 35 260 2599
22 36 630 6299
22 37 686 6861
22 38 641 6409
22 39 200 1995
22 40 823 8227
23 1 644 6440
23 2 607 6068
23 3 418 4175
23 4 518 5179
23 5 540 5401
23 6 704 7040
23 7 226 2255
23 8 227 2265
23 9 671 6713
23 10 526 5263
23 11 525 5250
23 12 989 9892
23 13 871 8708
23 14 101 1006
23 15 681 6809
23 16 251 2514
23 17 364 3636
23 18 28 276
23 19 166 1656
23 20 664 6635
23 21 641 6413
23 22 381 3806
23 24 723 7231
23 25 90 902
23 26 308 3084
23 27 551 5506
23 28 597 5973
23 29 489 4886
23 30 827 8269
23 31 863 8629
23 32 398 3976
23 33 300 2995
23 34 250 2505
23 35 152 1521
23 36 268 2681
23 37 451 4513
23 38 824 8241
23 39 225 2246
23 40 805 8053
24 1 157 1572
24 2 598 5984
24 3 587 5867
24 4 868 8678
24 5 523 5228
24 6 244 2438
24 7 852 8521
24 8 767 7669
24 9 129 1285
24 10 307 3073
24 11 384 3839
24 12 558 5584
24 13 199 1994
24 14 822 8222
24 15 392 3923
24 16 617 6169
24 17 378 3784
24 18 711 7106
24 19 621 6206
24 20 206 2059
24 21 175 1752
24 22 550 5496
24 23 723 7231
24 25 790 7897
24 26 497 4968
24 27 693 6930
24 28 743 7428
24 29 324 3235
24 30 259 2591
24 31 444 4438
24 32 326 3264
24 33 490 4902
24 34 473 4730
24 35 581 5809
24 36 828 8279
24 37 652 6516
24 38 101 1012
24 39 691 6913
24 40 412 4118
25 1 698 6982
25 2 696 6963
25 3 507 5067
25 4 588 5876
25 5 630 6303
25 6 787 7866
25 7 142 1420
25 8 295 2948
25 9 747 7469
25 10 568 5679
25 11 613 6130
25 12 1078 10778
25 13 926 9261
25 14 57 571
25 15 769 7692
25 16 340 3404
25 17 443 4429
25 18 117 1168
25 19 187 1869
25 20 711 7115
25 21 720 7196
25 22 471 4707
25 23 90 902
25 24 790 7897
25 26 397 3972
25 27 636 6363
25 28 681 6812
25 29 573 5726
25 30 908 9081
25 31 951 9506
25 32 468 4685
25 33 388 3876
25 34 323 3231
25 35 236 2364
25 36 197 1972
25 37 433 4333
25 38 890 8899
25 39 307 3070
25 40 833 8326
26 1 479 4789
26 2 331 3306
26 3 168 1683
26 4 416 4159
26 5 248 2481
26 6 412 4117
26 7 518 5179
26 8 272 2721
26 9 409 4092
26 10 435 4351
26 11 218 2175
26 12 681 6808
26 13 680 6803
26 14 403 4028
26 15 373 3727
26 16 120 1202
26 17 131 1310
26 18 284 2844
26 19 324 3239
26 20 522 5220
26 21 369 3690
26 22 114 1137
26 23 308 3084
26 24 497 4968
26 25 397 3972
26 27 326 3255
26 28 383 3828
26 29 198 1978
26 30 537 5373
26 31 555 5550
26 32 207 2072
26 33 18 178
26 34 160 1595
26 35 166 1663
26 36 537 5369
26 37 573 5730
26 38 594 5944
26 39 196 1957
26 40 727 7269
27 1 737 7366
27 2 130 1303
27 3 157 1573
27 4 214 2139
27 5 172 1722
27 6 497 4973
27 7 776 7760
27 8 367 3669
27 9 570 5704
27 10 737 7369
27 11 309 3092
27 12 586 5859
27 13 892 8924
27 14 615 6154
27 15 362 3618
27 16 304 3045
27 17 428 4285
27 18 523 5230
27 19 628 6285
27 20 790 7902
27 21 521 5215
27 22 212 2119
27 23 551 5506
27 24 693 6930
27 25 636 6363
27 26 326 3255
27 28 58 579
27 29 382 3823
27 30 601 6012
27 31 504 5039
27 32 503 5028
27 33 343 3434
27 34 485 4846
27 35 458 4576
27 36 815 8146
27 37 897 8966
27 38 771 7709
27 39 330 3304
27 40 1014 10138
28 1 791 7913
28 2 158 1585
28 3 215 2145
28 4 204 2036
28 5 220 2200
28 6 539 5391
28 7 822 8220
28 8 403 4029
28 9 619 6185
28 10 794 7944
28 11 360 3602
28 12 596 5959
28 13 942 9422
28 14 657 6572
28 15 397 3970
28 16 355 3554
28 17 486 4863
28 18 570 5697
28 19 682 6819
28 20 846 8455
28 21 570 5697
28 22 269 2693
28 23 597 5973
28 24 743 7428
28 25 681 6812
28 26 383 3828
28 27 58 579
28 29 437 4366
28 30 637 6373
28 31 525 5250
28 32 560 5605
28 33 401 4006
28 34 542 5415
28 35 511 5109
28 36 863 8632
28 37 953 9528
28 38 818 8179
28 39 374 3742
28 40 1070 10701
29 1 355 3548
29 2 314 3140
29 3 263 2634
29 4 545 5449
29 5 224 2242
29 6 216 2164
29 7 676 6761
29 8 466 4663
29 9 218 2180
29 10 379 3791
29 11 90 902
29 12 522 5217
29 13 520 5195
29 14 588 5877
29 15 220 2202
29 16 313 3133
29 17 139 1394
29 18 468 4679
29 19 453 4535
29 20 410 4097
29 21 174 1740
29 22 227 2270
29 23 489 4886
29 24 324 3235
29 25 573 5726
29 26 198 1978
29 27 382 3823
29 28 437 4366
29 30 341 3412
29 31 389 3888
29 32 171 1711
29 33 199 1986
29 34 265 2646
29 35 337 3368
29 36 679 6793
29 37 630 6299
29 38 414 4139
29 39 390 3899
29 40 637 6370
30 1 410 4095
30 2 479 4790
30 3 551 5510
30 4 807 8070
30 5 436 4363
30 6 126 1257
30 7 1000 10004
30 8 798 7981
30 9 187 1870
30 10 540 5397
30 11 338 3383
30 12 301 3007
30 13 403 4034
30 14 927 9269
30 15 240 2404
30 16 647 6473
30 17 465 4653
30 18 807 8075
30 19 769 7691
30 20 463 4631
30 21 195 1946
30 22 536 5363
30 23 827 8269
30 24 259 2591
30 25 908 9081
30 26 537 5373
30 27 601 6012
30 28 637 6373
30 29 341 3412
30 31 199 1985
30 32 455 4546
30 33 539 5395
30 34 589 5886
30 35 675 6748
30 36 993 9926
30 37 871 8713
30 38 259 2593
30 39 723 7230
30 40 668 6683
31 1 581 5813
31 2 374 3736
31 3 507 5070
31 4 718 7178
31 5 370 3699
31 6 221 2210
31 7 1062 10622
31 8 781 7807
31 9 340 3397
31 10 689 6890
31 11 338 3378
31 12 134 1343
31 13 602 6016
31 14 958 9578
31 15 183 1828
31 16 643 6430
31 17 528 5282
31 18 839 8393
31 19 842 8422
31 20 639 6388
31 21 320 3200
31 22 513 5126
31 23 863 8629
31 24 444 4438
31 25 951 9506
31 26 555 5550
31 27 504 5039
31 28 525 5250
31 29 389 3888
31 30 199 1985
31 32 546 5460
31 33 563 5633
31 34 653 6532
31 35 715 7150
31 36 1068 10679
31 37 997 9970
31 38 457 4572
31 39 712 7120
31 40 855 8555
32 1 276 2760
32 2 464 4643
32 3 355 3548
32 4 621 6214
32 5 371 3715
32 6 344 3437
32 7 548 5478
32 8 457 4568
32 9 281 2808
32 10 235 2345
32 11 257 2570
32 12 680 6802
32 13 490 4899
32 14 498 4975
32 15 388 3884
32 16 317 3173
32 17 78 777
32 18 384 3843
32 19 315 3151
32 20 316 3156
32 21 260 2603
32 22 303 3025
32 23 398 3976
32 24 326 3264
32 25 468 4685
32 26 207 2072
32 27 503 5028
32 28 560 5605
32 29 171 1711
32 30 455 4546
32 31 546 5460
32 33 194 1939
32 34 147 1472
32 35 255 2547
32 36 538 5381
32 37 459 4592
32 38 428 4276
32 39 385 3849
32 40 521 5212
33 1 467 4674
33 2 347 3472
33 3 186 1861
33 4 431 4313
33 5 264 2636
33 6 414 4142
33 7 506 5059
33 8 277 2770
33 9 406 4063
33 10 420 4196
33 11 226 2255
33 12 690 6903
33 13 671 6715
33 14 395 3955
33 15 382 3816
33 16 127 1275
33 17 119 1192
33 18 276 2763
33 19 308 3084
33 20 509 5093
33 21 367 3674
33 22 132 1315
33 23 300 2995
33 24 490 4902
33 25 388 3876
33 26 18 178
33 27 343 3434
33 28 401 4006
33 29 199 1986
33 30 539 5395
33 31 563 5633
33 32 194 1939
33 34 142 1417
33 35 154 1542
33 36 523 5232
33 37 555 5553
33 38 589 5885
33 39 201 2012
33 40 712 7123
34 1 406 4056
34 2 485 4852
34 3 327 3273
34 4 553 5530
34 5 398 3977
34 6 470 4702
34 7 413 4135
34 8 337 3372
34 9 424 4238
34 10 317 3166
34 11 327 3269
34 12 785 7854
34 13 628 6284
34 14 350 3504
34 15 479 4795
34 16 224 2237
34 17 126 1261
34 18 238 2376
34 19 189 1892
34 20 434 4344
34 21 398 3976
34 22 273 2730
34 23 250 2505
34 24 473 4730
34 25 323 3231
34 26 160 1595
34 27 485 4846
34 28 542 5415
34 29 265 2646
34 30 589 5886
34 31 653 6532
34 32 147 1472
34 33 142 1417
34 35 112 1122
34 36 415 4147
34 37 414 4137
34 38 574 5741
34 39 274 2742
34 40 612 6116
35 1 518 5178
35 2 488 4883
35 3 307 3071
35 4 483 4835
35 5 411 4114
35 6 552 5519
35 7 352 3517
35 8 235 2353
35 9 521 5215
35 10 423 4225
35 11 378 3779
35 12 843 8433
35 13 740 7403
35 14 252 2522
35 15 534 5344
35 16 159 1590
35 17 213 2126
35 18 133 1335
35 19 171 1710
35 20 546 5457
35 21 490 4901
35 22 260 2599
35 23 152 1521
35 24 581 5809
35 25 236 2364
35 26 166 1663
35 27 458 4576
35 28 511 5109
35 29 337 3368
35 30 675 6748
35 31 715 7150
35 32 255 2547
35 33 154 1542
35 34 112 1122
35 36 372 3719
35 37 453 4531
35 38 682 6820
35 39 184 1838
35 40 715 7152
36 1 707 7066
36 2 859 8589
36 3 673 6734
36 4 783 7830
36 5 783 7833
36 6 880 8797
36 7 75 748
36 8 490 4899
36 9 815 8151
36 10 554 5540
36 11 738 7381
36 12 1200 12000
36 13 928 9281
36 14 245 2451
36 15 893 8929
36 16 511 5109
36 17 540 5402
36 18 295 2950
36 19 226 2260
36 20 703 7032
36 21 798 7982
36 22 630 6299
36 23 268 2681
36 24 828 8279
36 25 197 1972
36 26 537 5369
36 27 815 8146
36 28 863 8632
36 29 679 6793
36 30 993 9926
36 31 1068 10679
36 32 538 5381
36 33 523 5232
36 34 415 4147
36 35 372 3719
36 37 305 3052
36 38 923 9226
36 39 492 4924
36 40 770 7701
37 1 503 5027
37 2 897 8965
37 3 740 7397
37 4 935 9353
37 5 807 8067
37 6 782 7819
37 7 373 3728
37 8 663 6634
37 9 684 6843
37 10 345 3447
37 11 712 7124
37 12 1131 11306
37 13 697 6973
37 14 490 4904
37 15 847 8473
37 16 611 6111
37 17 505 5046
37 18 468 4675
37 19 296 2957
37 20 478 4780
37 21 686 6857
37 22 686 6861
37 23 451 4513
37 24 652 6516
37 25 433 4333
37 26 573 5730
37 27 897 8966
37 28 953 9528
37 29 630 6299
37 30 871 8713
37 31 997 9970
37 32 459 4592
37 33 555 5553
37 34 414 4137
37 35 453 4531
37 36 305 3052
37 38 731 7306
37 39 631 6311
37 40 484 4840
38 1 228 2279
38 2 668 6676
38 3 675 6747
38 4 954 9541
38 5 599 5989
38 6 291 2909
38 7 949 9494
38 8 866 8655
38 9 201 2013
38 10 387 3871
38 11 465 4647
38 12 556 5555
38 13 145 1446
38 14 923 9231
38 15 445 4453
38 16 715 7145
38 17 479 4785
38 18 812 8117
38 19 719 7190
38 20 260 2604
38 21 250 2501
38 22 641 6409
38 23 824 8241
38 24 101 1012
38 25 890 8899
38 26 594 5944
38 27 771 7709
38 28 818 8179
38 29 414 4139
38 30 259 2593
38 31 457 4572
38 32 428 4276
38 33 589 5885
38 34 574 5741
38 35 682 6820
38 36 923 9226
38 37 731 7306
38 39 790 7896
38 40 425 4255
39 1 661 6608
39 2 404 4039
39 3 217 2171
39 4 305 3051
39 5 354 3544
39 6 598 5976
39 7 448 4481
39 8 77 765
39 9 604 6044
39 10 590 5899
39 11 388 3883
39 12 827 8274
39 13 871 8709
39 14 285 2854
39 15 531 5311
39 16 77 766
39 17 317 3166
39 18 197 1975
39 19 338 3381
39 20 698 6978
39 21 563 5631
39 22 200 1995
39 23 225 2246
39 24 691 6913
39 25 307 3070
39 26 196 1957
39 27 330 3304
39 28 374 3742
39 29 390 3899
39 30 723 7230
39 31 712 7120
39 32 385 3849
39 33 201 2012
39 34 274 2742
39 35 184 1838
39 36 492 4924
39 37 631 6311
39 38 790 7896
39 40 885 8854
40 1 290 2898
40 2 950 9498
40 3 873 8735
40 4 1142 11424
40 5 861 8611
40 6 648 6477
40 7 826 8256
40 8 948 9482
40 9 525 5246
40 10 296 2956
40 11 723 7227
40 12 969 9689
40 13 312 3119
40 14 884 8835
40 15 783 7831
40 16 828 8277
40 17 599 5989
40 18 807 8071
40 19 647 6474
40 20 231 2307
40 21 560 5598
40 22 823 8227
40 23 805 8053
40 24 412 4118
40 25 833 8326
40 26 727 7269
40 27 1014 10138
40 28 1070 10701
40 29 637 6370
40 30 668 6683
40 31 855 8555
40 32 521 5212
40 33 712 7123
40 34 612 6116
40 35 715 7152
40 36 770 7701
40 37 484 4840
40 38 425 4255
40 39 885 8854
