40
378
709
22
25
12
13
18
36
24
28
19
34
29
23
14
17
1
26
10
3
31
21
6
27
11
34
26
14
2
18
9
34
40
23
28
21
22
17
33
6
3
15
5
8
32
24
37
13
30
11
16
19
31
20
4
38
27
7
12
1
1 2 104 1038
1 3 808 8079
1 4 338 3382
1 5 136 1364
1 6 400 3998
1 7 214 2140
1 8 113 1134
1 9 193 1926
1 10 141 1410
1 11 481 4813
1 12 453 4529
1 13 494 4937
1 14 577 5767
1 15 25 247
1 16 874 8735
1 17 536 5361
1 18 672 6721
1 19 328 3276
1 20 387 3870
1 21 335 3348
1 22 293 2935
1 23 852 8523
1 24 425 4247
1 25 703 7027
1 26 794 7941
1 27 955 9545
1 28 905 9048
1 29 735 7354
1 30 614 6144
1 31 586 5855
1 32 277 2765
1 33 407 4072
1 34 943 9431
1 35 126 1263
1 36 696 6958
1 37 756 7557
1 38 355 3553
1 39 544 5443
1 40 306 3057
2 1 104 1038
2 3 911 9109
2 4 442 4418
2 5 168 1677
2 6 487 4870
2 7 166 1656
2 8 193 1927
2 9 289 2890
2 10 215 2150
2 11 571 5708
2 12 509 5089
2 13 592 5918
2 14 631 6308
2 15 79 792
2 16 958 9584
2 17 635 6349
2 18 771 7706
2 19 284 2842
2 20 474 4745
2 21 398 3977
2 22 339 3389
2 23 942 9422
2 24 409 4089
2 25 749 7491
2 26 891 8912
2 27 1056 10559
2 28 969 9686
2 29 837 8369
2 30 658 6583
2 31 587 5872
2 32 363 3628
2 33 500 4997
2 34 1039 10386
2 35 161 1606
2 36 747 7469
2 37 855 8551
2 38 371 3711
2 39 640 6395
2 40 388 3881
3 1 808 8079
3 2 911 9109
3 4 470 4703
3 5 808 8076
3 6 499 4986
3 7 943 9429
3 8 736 7360
3 9 658 6584
3 10 726 7261
3 11 545 5454
3 12 663 6634
3 13 347 3471
3 14 675 6753
3 15 832 8325
3 16 433 4330
3 17 305 3049
3 18 207 2073
3 19 995 9951
3 20 594 5939
3 21 657 6569
3 22 736 7356
3 23 351 3506
3 24 965 9650
3 25 757 7568
3 26 203 2032
3 27 170 1696
3 28 690 6902
3 29 104 1036
3 30 749 7493
3 31 970 9700
3 32 591 5915
3 33 460 4597
3 34 288 2879
3 35 806 8058
3 36 721 7209
3 37 152 1519
3 38 836 8358
3 39 336 3361
3 40 586 5864
4 1 338 3382
4 2 442 4418
4 3 470 4703
4 5 360 3601
4 6 212 2123
4 7 496 4959
4 8 280 2800
4 9 202 2016
4 10 278 2779
4 11 300 3000
4 12 397 3968
4 13 194 1938
4 14 492 4917
4 15 363 3629
4 16 615 6152
4 17 227 2267
4 18 357 3565
4 19 573 5727
4 20 259 2589
4 21 310 3100
4 22 356 3563
4 23 572 5722
4 24 592 5917
4 25 624 6236
4 26 482 4821
4 27 622 6219
4 28 735 7345
4 29 404 4038
4 30 561 5606
4 31 674 6740
4 32 193 1930
4 33 178 1780
4 34 635 6347
4 35 356 3557
4 36 600 6002
4 37 434 4337
4 38 468 4680
4 39 259 2586
4 40 214 2137
5 1 136 1364
5 2 168 1677
5 3 808 8076
5 4 360 3601
5 6 342 3424
5 7 137 1366
5 8 83 832
5 9 286 2858
5 10 83 828
5 11 572 5724
5 12 341 3414
5 13 469 4689
5 14 463 4631
5 15 139 1388
5 16 804 8042
5 17 513 5131
5 18 645 6452
5 19 222 2216
5 20 485 4847
5 21 233 2327
5 22 171 1713
5 23 795 7949
5 24 294 2935
5 25 582 5824
5 26 760 7596
5 27 939 9393
5 28 802 8016
5 29 723 7232
5 30 492 4920
5 31 449 4492
5 32 223 2232
5 33 365 3646
5 34 902 9016
5 35 10 102
5 36 579 5794
5 37 731 7314
5 38 219 2192
5 39 507 5067
5 40 241 2408
6 1 400 3998
6 2 487 4870
6 3 499 4986
6 4 212 2123
6 5 342 3424
6 7 467 4673
6 8 294 2943
6 9 359 3590
6 10 273 2731
6 11 511 5111
6 12 199 1986
6 13 154 1540
6 14 280 2804
6 15 421 4205
6 16 474 4737
6 17 194 1940
6 18 312 3124
6 19 502 5016
6 20 469 4693
6 21 158 1584
6 22 238 2377
6 23 455 4554
6 24 468 4676
6 25 411 4114
6 26 420 4197
6 27 610 6098
6 28 539 5386
6 29 403 4027
6 30 352 3515
6 31 501 5010
6 32 124 1243
6 33 47 466
6 34 559 5594
6 35 344 3441
6 36 388 3880
6 37 398 3984
6 38 338 3379
6 39 170 1704
6 40 102 1016
7 1 214 2140
7 2 166 1656
7 3 943 9429
7 4 496 4959
7 5 137 1366
7 6 467 4673
7 8 216 2164
7 9 399 3992
7 10 219 2193
7 11 690 6899
7 12 423 4232
7 13 602 6016
7 14 535 5350
7 15 200 1997
7 16 914 9135
7 17 646 6457
7 18 776 7757
7 19 119 1190
7 20 598 5977
7 21 335 3352
7 22 256 2560
7 23 912 9116
7 24 248 2485
7 25 638 6378
7 26 887 8869
7 27 1071 10715
7 28 879 8792
7 29 857 8568
7 30 546 5462
7 31 434 4335
7 32 354 3542
7 33 494 4942
7 34 1025 10253
7 35 140 1403
7 36 642 6422
7 37 862 8621
7 38 241 2411
7 39 635 6354
7 40 367 3669
8 1 113 1134
8 2 193 1927
8 3 736 7360
8 4 280 2800
8 5 83 832
8 6 294 2943
8 7 216 2164
8 9 210 2097
8 10 28 283
8 11 492 4917
8 12 341 3408
8 13 405 4048
8 14 465 4646
8 15 130 1301
8 16 766 7664
8 17 449 4486
8 18 583 5833
8 19 304 3044
8 20 406 4062
8 21 222 2219
8 22 189 1887
8 23 749 7495
8 24 364 3636
8 25 592 5922
8 26 702 7017
8 27 874 8735
8 28 791 7914
8 29 656 6556
8 30 505 5053
8 31 503 5027
8 32 170 1700
8 33 308 3080
8 34 848 8476
8 35 77 771
8 36 584 5841
8 37 669 6687
8 38 269 2695
8 39 449 4490
8 40 196 1962
9 1 193 1926
9 2 289 2890
9 3 658 6584
9 4 202 2016
9 5 286 2858
9 6 359 3590
9 7 399 3992
9 8 210 2097
9 10 229 2285
9 11 291 2907
9 12 491 4914
9 13 392 3918
9 14 608 6079
9 15 214 2144
9 16 808 8081
9 17 427 4274
9 18 558 5581
9 19 504 5041
9 20 200 1995
9 21 376 3761
9 22 378 3778
9 23 770 7702
9 24 573 5733
9 25 742 7422
9 26 684 6837
9 27 817 8168
9 28 897 8974
9 29 601 6010
9 30 664 6641
9 31 705 7050
9 32 267 2666
9 33 344 3436
9 34 836 8363
9 35 277 2770
9 36 726 7262
9 37 634 6345
9 38 474 4738
9 39 454 4542
9 40 301 3006
10 1 141 1410
10 2 215 2150
10 3 726 7261
10 4 278 2779
10 5 83 828
10 6 273 2731
10 7 219 2193
10 8 28 283
10 9 229 2285
10 11 505 5049
10 12 313 3126
10 13 390 3903
10 14 436 4364
10 15 156 1565
10 16 743 7434
10 17 434 4344
10 18 568 5680
10 19 298 2979
10 20 422 4219
10 21 194 1939
10 22 161 1614
10 23 728 7284
10 24 346 3462
10 25 564 5640
10 26 685 6848
10 27 860 8603
10 28 764 7641
10 29 643 6432
10 30 477 4770
10 31 479 4792
10 32 150 1496
10 33 290 2899
10 34 829 8294
10 35 80 798
10 36 556 5559
10 37 654 6539
10 38 246 2465
10 39 432 4317
10 40 173 1732
11 1 481 4813
11 2 571 5708
11 3 545 5454
11 4 300 3000
11 5 572 5724
11 6 511 5111
11 7 690 6899
11 8 492 4917
11 9 291 2907
11 10 505 5049
11 12 696 6956
11 13 446 4460
11 14 791 7913
11 15 501 5014
11 16 845 8452
11 17 457 4571
11 18 544 5440
11 19 793 7930
11 20 97 970
11 21 600 6005
11 22 630 6304
11 23 784 7835
11 24 850 8495
11 25 922 9222
11 26 656 6556
11 27 715 7149
11 28 1011 10109
11 29 534 5342
11 30 861 8606
11 31 959 9588
11 32 480 4796
11 33 473 4730
11 34 798 7979
11 35 564 5642
11 36 898 8977
11 37 591 5914
11 38 738 7376
11 39 509 5089
11 40 506 5063
12 1 453 4529
12 2 509 5089
12 3 663 6634
12 4 397 3968
12 5 341 3414
12 6 199 1986
12 7 423 4232
12 8 341 3408
12 9 491 4914
12 10 313 3126
12 11 696 6956
12 13 340 3397
12 14 124 1238
12 15 466 4658
12 16 505 5050
12 17 372 3718
12 18 460 4599
12 19 408 4083
12 20 641 6411
12 21 120 1201
12 22 172 1720
12 23 519 5195
12 24 323 3229
12 25 254 2536
12 26 539 5386
12 27 746 7459
12 28 461 4609
12 29 561 5612
12 30 173 1727
12 31 309 3094
12 32 227 2269
12 33 245 2448
12 34 652 6524
12 35 348 3484
12 36 243 2434
12 37 538 5384
12 38 210 2098
12 39 329 3288
12 40 195 1947
13 1 494 4937
13 2 592 5918
13 3 347 3471
13 4 194 1938
13 5 469 4689
13 6 154 1540
13 7 602 6016
13 8 405 4048
13 9 392 3918
13 10 390 3903
13 11 446 4460
13 12 340 3397
13 14 391 3911
13 15 517 5172
13 16 422 4220
13 17 44 441
13 18 179 1788
13 19 648 6483
13 20 433 4334
13 21 312 3120
13 22 389 3889
13 23 379 3787
13 24 621 6214
13 25 507 5075
13 26 301 3007
13 27 470 4704
13 28 565 5649
13 29 256 2556
13 30 467 4675
13 31 648 6482
13 32 248 2475
13 33 113 1127
13 34 451 4511
13 35 468 4684
13 36 477 4773
13 37 264 2639
13 38 492 4916
13 39 66 660
13 40 240 2397
14 1 577 5767
14 2 631 6308
14 3 675 6753
14 4 492 4917
14 5 463 4631
14 6 280 2804
14 7 535 5350
14 8 465 4646
14 9 608 6079
14 10 436 4364
14 11 791 7913
14 12 124 1238
14 13 391 3911
14 15 589 5894
14 16 435 4348
14 17 413 4126
14 18 468 4680
14 19 503 5033
14 20 745 7452
14 21 243 2433
14 22 292 2921
14 23 467 4670
14 24 392 3921
14 25 135 1346
14 26 520 5199
14 27 730 7304
14 28 344 3443
14 29 572 5717
14 30 77 767
14 31 314 3136
14 32 341 3413
14 33 321 3213
14 34 610 6103
14 35 470 4705
14 36 120 1200
14 37 535 5352
14 38 304 3039
14 39 360 3597
14 40 307 3075
15 1 25 247
15 2 79 792
15 3 832 8325
15 4 363 3629
15 5 139 1388
15 6 421 4205
15 7 200 1997
15 8 130 1301
15 9 214 2144
15 10 156 1565
15 11 501 5014
15 12 466 4658
15 13 517 5172
15 14 589 5894
15 16 894 8940
15 17 560 5598
15 18 696 6958
15 19 316 3158
15 20 406 4064
15 21 349 3490
15 22 303 3028
15 23 874 8740
15 24 420 4199
15 25 714 7138
15 26 817 8175
15 27 979 9788
15 28 920 9203
15 29 760 7597
15 30 625 6247
15 31 586 5855
15 32 297 2967
15 33 429 4293
15 34 966 9661
15 35 129 1290
15 36 708 7080
15 37 780 7796
15 38 358 3576
15 39 567 5672
15 40 325 3249
16 1 874 8735
16 2 958 9584
16 3 433 4330
16 4 615 6152
16 5 804 8042
16 6 474 4737
16 7 914 9135
16 8 766 7664
16 9 808 8081
16 10 743 7434
16 11 845 8452
16 12 505 5050
16 13 422 4220
16 14 435 4348
16 15 894 8940
16 17 396 3963
16 18 306 3062
16 19 913 9128
16 20 849 8492
16 21 578 5784
16 22 658 6584
16 23 83 829
16 24 821 8210
16 25 442 4416
16 26 231 2311
16 27 388 3876
16 28 274 2738
16 29 361 3608
16 30 483 4830
16 31 742 7425
16 32 597 5973
16 33 472 4717
16 34 214 2136
16 35 808 8078
16 36 407 4074
16 37 293 2935
16 38 715 7148
16 39 357 3566
16 40 570 5704
17 1 536 5361
17 2 635 6349
17 3 305 3049
17 4 227 2267
17 5 513 5131
17 6 194 1940
17 7 646 6457
17 8 449 4486
17 9 427 4274
17 10 434 4344
17 11 457 4571
17 12 372 3718
17 13 44 441
17 14 413 4126
17 15 560 5598
17 16 396 3963
17 18 136 1360
17 19 691 6915
17 20 453 4534
17 21 352 3524
17 22 431 4307
17 23 347 3470
17 24 661 6613
17 25 523 5226
17 26 260 2596
17 27 426 4262
17 28 559 5586
17 29 212 2118
17 30 489 4894
17 31 681 6811
17 32 292 2916
17 33 155 1552
17 34 411 4112
17 35 512 5125
17 36 491 4908
17 37 220 2204
17 38 532 5318
17 39 58 576
17 40 283 2830
18 1 672 6721
18 2 771 7706
18 3 207 2073
18 4 357 3565
18 5 645 6452
18 6 312 3124
18 7 776 7757
18 8 583 5833
18 9 558 5581
18 10 568 5680
18 11 544 5440
18 12 460 4599
18 13 179 1788
18 14 468 4680
18 15 696 6958
18 16 306 3062
18 17 136 1360
18 19 814 8139
18 20 559 5588
18 21 467 4668
18 22 549 5489
18 23 240 2396
18 24 770 7697
18 25 554 5537
18 26 126 1256
18 27 297 2973
18 28 522 5225
18 29 104 1037
18 30 542 5423
18 31 764 7642
18 32 422 4222
18 33 282 2816
18 34 278 2782
18 35 645 6451
18 36 518 5185
18 37 86 864
18 38 642 6424
18 39 142 1421
18 40 410 4095
19 1 328 3276
19 2 284 2842
19 3 995 9951
19 4 573 5727
19 5 222 2216
19 6 502 5016
19 7 119 1190
19 8 304 3044
19 9 504 5041
19 10 298 2979
19 11 793 7930
19 12 408 4083
19 13 648 6483
19 14 503 5033
19 15 316 3158
19 16 913 9128
19 17 691 6915
19 18 814 8139
19 20 704 7036
19 21 350 3502
19 22 266 2664
19 23 922 9216
19 24 150 1497
19 25 587 5870
19 26 916 9162
19 27 1111 11112
19 28 843 8429
19 29 903 9029
19 30 498 4980
19 31 339 3391
19 32 406 4055
19 33 536 5363
19 34 1046 10459
19 35 229 2291
19 36 598 5977
19 37 900 8996
19 38 200 2004
19 39 672 6718
19 40 409 4087
20 1 387 3870
20 2 474 4745
20 3 594 5939
20 4 259 2589
20 5 485 4847
20 6 469 4693
20 7 598 5977
20 8 406 4062
20 9 200 1995
20 10 422 4219
20 11 97 970
20 12 641 6411
20 13 433 4334
20 14 745 7452
20 15 406 4064
20 16 849 8492
20 17 453 4534
20 18 559 5588
20 19 704 7036
20 21 538 5375
20 22 558 5579
20 23 795 7945
20 24 768 7681
20 25 879 8787
20 26 678 6781
20 27 763 7628
20 28 991 9911
20 29 567 5667
20 30 811 8106
20 31 888 8878
20 32 417 4174
20 33 437 4369
20 34 826 8262
20 35 476 4761
20 36 857 8569
20 37 617 6174
20 38 661 6615
20 39 499 4991
20 40 447 4473
21 1 335 3348
21 2 398 3977
21 3 657 6569
21 4 310 3100
21 5 233 2327
21 6 158 1584
21 7 335 3352
21 8 222 2219
21 9 376 3761
21 10 194 1939
21 11 600 6005
21 12 120 1201
21 13 312 3120
21 14 243 2433
21 15 349 3490
21 16 578 5784
21 17 352 3524
21 18 467 4668
21 19 350 3502
21 20 538 5375
21 22 84 839
21 23 578 5776
21 24 310 3095
21 25 374 3736
21 26 566 5661
21 27 763 7633
21 28 572 5719
21 29 560 5601
21 30 290 2903
21 31 364 3642
21 32 121 1209
21 33 200 2003
21 34 697 6969
21 35 238 2383
21 36 363 3632
21 37 552 5516
21 38 180 1796
21 39 325 3252
21 40 96 963
22 1 293 2935
22 2 339 3389
22 3 736 7356
22 4 356 3563
22 5 171 1713
22 6 238 2377
22 7 256 2560
22 8 189 1887
22 9 378 3778
22 10 161 1614
22 11 630 6304
22 12 172 1720
22 13 389 3889
22 14 292 2921
22 15 303 3028
22 16 658 6584
22 17 431 4307
22 18 549 5489
22 19 266 2664
22 20 558 5579
22 21 84 839
22 23 660 6603
22 24 239 2390
22 25 412 4117
22 26 650 6498
22 27 846 8458
22 28 633 6328
22 29 640 6405
22 30 322 3220
22 31 330 3299
22 32 165 1648
22 33 276 2762
22 34 781 7808
22 35 179 1791
22 36 408 4081
22 37 634 6341
22 38 112 1119
22 39 407 4069
22 40 155 1549
23 1 852 8523
23 2 942 9422
23 3 351 3506
23 4 572 5722
23 5 795 7949
23 6 455 4554
23 7 912 9116
23 8 749 7495
23 9 770 7702
23 10 728 7284
23 11 784 7835
23 12 519 5195
23 13 379 3787
23 14 467 4670
23 15 874 8740
23 16 83 829
23 17 347 3470
23 18 240 2396
23 19 922 9216
23 20 795 7945
23 21 578 5776
23 22 660 6603
23 24 841 8412
23 25 494 4945
23 26 150 1501
23 27 309 3094
23 28 353 3529
23 29 282 2823
23 30 524 5239
23 31 780 7800
23 32 579 5795
23 33 445 4454
23 34 148 1477
23 35 797 7974
23 36 459 4588
23 37 215 2146
23 38 728 7278
23 39 316 3163
23 40 556 5558
24 1 425 4247
24 2 409 4089
24 3 965 9650
24 4 592 5917
24 5 294 2935
24 6 468 4676
24 7 248 2485
24 8 364 3636
24 9 573 5733
24 10 346 3462
24 11 850 8495
24 12 323 3229
24 13 621 6214
24 14 392 3921
24 15 420 4199
24 16 821 8210
24 17 661 6613
24 18 770 7697
24 19 150 1497
24 20 768 7681
24 21 310 3095
24 22 239 2390
24 23 841 8412
24 25 456 4556
24 26 858 8584
24 27 1063 10627
24 28 719 7188
24 29 866 8665
24 30 371 3713
24 31 190 1896
24 32 403 4030
24 33 510 5098
24 34 975 9753
24 35 303 3034
24 36 471 4712
24 37 852 8522
24 38 130 1300
24 39 630 6304
24 40 394 3936
25 1 703 7027
25 2 749 7491
25 3 757 7568
25 4 624 6236
25 5 582 5824
25 6 411 4114
25 7 638 6378
25 8 592 5922
25 9 742 7422
25 10 564 5640
25 11 922 9222
25 12 254 2536
25 13 507 5075
25 14 135 1346
25 15 714 7138
25 16 442 4416
25 17 523 5226
25 18 554 5537
25 19 587 5870
25 20 879 8787
25 21 374 3736
25 22 412 4117
25 23 494 4945
25 24 456 4556
25 26 580 5803
25 27 786 7862
25 28 267 2668
25 29 655 6551
25 30 92 917
25 31 322 3220
25 32 476 4756
25 33 450 4499
25 34 642 6421
25 35 591 5906
25 36 36 365
25 37 609 6087
25 38 398 3976
25 39 466 4664
25 40 442 4419
26 1 794 7941
26 2 891 8912
26 3 203 2032
26 4 482 4821
26 5 760 7596
26 6 420 4197
26 7 887 8869
26 8 702 7017
26 9 684 6837
26 10 685 6848
26 11 656 6556
26 12 539 5386
26 13 301 3007
26 14 520 5199
26 15 817 8175
26 16 231 2311
26 17 260 2596
26 18 126 1256
26 19 916 9162
26 20 678 6781
26 21 566 5661
26 22 650 6498
26 23 150 1501
26 24 858 8584
26 25 580 5803
26 27 211 2105
26 28 488 4881
26 29 134 1339
26 30 588 5883
26 31 830 8297
26 32 537 5366
26 33 395 3952
26 34 153 1526
26 35 760 7603
26 36 544 5438
26 37 67 671
26 38 735 7350
26 39 253 2531
26 40 520 5202
27 1 955 9545
27 2 1056 10559
27 3 170 1696
27 4 622 6219
27 5 939 9393
27 6 610 6098
27 7 1071 10715
27 8 874 8735
27 9 817 8168
27 10 860 8603
27 11 715 7149
27 12 746 7459
27 13 470 4704
27 14 730 7304
27 15 979 9788
27 16 388 3876
27 17 426 4262
27 18 297 2973
27 19 1111 11112
27 20 763 7628
27 21 763 7633
27 22 846 8458
27 23 309 3094
27 24 1063 10627
27 25 786 7862
27 26 211 2105
27 28 661 6612
27 29 219 2191
27 30 798 7983
27 31 1040 10400
27 32 717 7173
27 33 578 5779
27 34 185 1852
27 35 939 9387
27 36 750 7497
27 37 212 2117
27 38 937 9370
27 39 439 4394
27 40 706 7063
28 1 905 9048
28 2 969 9686
28 3 690 6902
28 4 735 7345
28 5 802 8016
28 6 539 5386
28 7 879 8792
28 8 791 7914
28 9 897 8974
28 10 764 7641
28 11 1011 10109
28 12 461 4609
28 13 565 5649
28 14 344 3443
28 15 920 9203
28 16 274 2738
28 17 559 5586
28 18 522 5225
28 19 843 8429
28 20 991 9911
28 21 572 5719
28 22 633 6328
28 23 353 3529
28 24 719 7188
28 25 267 2668
28 26 488 4881
28 27 661 6612
28 29 604 6036
28 30 348 3475
28 31 587 5872
28 32 642 6421
28 33 560 5601
28 34 485 4855
28 35 808 8082
28 36 248 2476
28 37 541 5408
28 38 646 6460
28 39 504 5035
28 40 609 6086
29 1 735 7354
29 2 837 8369
29 3 104 1036
29 4 404 4038
29 5 723 7232
29 6 403 4027
29 7 857 8568
29 8 656 6556
29 9 601 6010
29 10 643 6432
29 11 534 5342
29 12 561 5612
29 13 256 2556
29 14 572 5717
29 15 760 7597
29 16 361 3608
29 17 212 2118
29 18 104 1037
29 19 903 9029
29 20 567 5667
29 21 560 5601
29 22 640 6405
29 23 282 2823
29 24 866 8665
29 25 655 6551
29 26 134 1339
29 27 219 2191
29 28 604 6036
29 30 646 6458
29 31 867 8670
29 32 503 5030
29 33 367 3666
29 34 264 2640
29 35 722 7222
29 36 619 6194
29 37 68 677
29 38 738 7380
29 39 236 2362
29 40 495 4948
30 1 614 6144
30 2 658 6583
30 3 749 7493
30 4 561 5606
30 5 492 4920
30 6 352 3515
30 7 546 5462
30 8 505 5053
30 9 664 6641
30 10 477 4770
30 11 861 8606
30 12 173 1727
30 13 467 4675
30 14 77 767
30 15 625 6247
30 16 483 4830
30 17 489 4894
30 18 542 5423
30 19 498 4980
30 20 811 8106
30 21 290 2903
30 22 322 3220
30 23 524 5239
30 24 371 3713
30 25 92 917
30 26 588 5883
30 27 798 7983
30 28 348 3475
30 29 646 6458
30 31 260 2599
30 32 399 3993
30 33 394 3941
30 34 670 6698
30 35 500 5003
30 36 100 1002
30 37 607 6072
30 38 306 3064
30 39 436 4364
30 40 367 3665
31 1 586 5855
31 2 587 5872
31 3 970 9700
31 4 674 6740
31 5 449 4492
31 6 501 5010
31 7 434 4335
31 8 503 5027
31 9 705 7050
31 10 479 4792
31 11 959 9588
31 12 309 3094
31 13 648 6482
31 14 314 3136
31 15 586 5855
31 16 742 7425
31 17 681 6811
31 18 764 7642
31 19 339 3391
31 20 888 8878
31 21 364 3642
31 22 330 3299
31 23 780 7800
31 24 190 1896
31 25 322 3220
31 26 830 8297
31 27 1040 10400
31 28 587 5872
31 29 867 8670
31 30 260 2599
31 32 482 4822
31 33 548 5475
31 34 924 9239
31 35 459 4594
31 36 348 3481
31 37 839 8385
31 38 233 2333
31 39 638 6375
31 40 460 4605
32 1 277 2765
32 2 363 3628
32 3 591 5915
32 4 193 1930
32 5 223 2232
32 6 124 1243
32 7 354 3542
32 8 170 1700
32 9 267 2666
32 10 150 1496
32 11 480 4796
32 12 227 2269
32 13 248 2475
32 14 341 3413
32 15 297 2967
32 16 597 5973
32 17 292 2916
32 18 422 4222
32 19 406 4055
32 20 417 4174
32 21 121 1209
32 22 165 1648
32 23 579 5795
32 24 403 4030
32 25 476 4756
32 26 537 5366
32 27 717 7173
32 28 642 6421
32 29 503 5030
32 30 399 3993
32 31 482 4822
32 33 141 1414
32 34 680 6801
32 35 224 2237
32 36 460 4597
32 37 508 5085
32 38 277 2766
32 39 284 2836
32 40 34 343
33 1 407 4072
33 2 500 4997
33 3 460 4597
33 4 178 1780
33 5 365 3646
33 6 47 466
33 7 494 4942
33 8 308 3080
33 9 344 3436
33 10 290 2899
33 11 473 4730
33 12 245 2448
33 13 113 1127
33 14 321 3213
33 15 429 4293
33 16 472 4717
33 17 155 1552
33 18 282 2816
33 19 536 5363
33 20 437 4369
33 21 200 2003
33 22 276 2762
33 23 445 4454
33 24 510 5098
33 25 450 4499
33 26 395 3952
33 27 578 5779
33 28 560 5601
33 29 367 3666
33 30 394 3941
33 31 548 5475
33 32 141 1414
33 34 540 5397
33 35 365 3651
33 36 425 4248
33 37 368 3679
33 38 380 3799
33 39 142 1422
33 40 128 1285
34 1 943 9431
34 2 1039 10386
34 3 288 2879
34 4 635 6347
34 5 902 9016
34 6 559 5594
34 7 1025 10253
34 8 848 8476
34 9 836 8363
34 10 829 8294
34 11 798 7979
34 12 652 6524
34 13 451 4511
34 14 610 6103
34 15 966 9661
34 16 214 2136
34 17 411 4112
34 18 278 2782
34 19 1046 10459
34 20 826 8262
34 21 697 6969
34 22 781 7808
34 23 148 1477
34 24 975 9753
34 25 642 6421
34 26 153 1526
34 27 185 1852
34 28 485 4855
34 29 264 2640
34 30 670 6698
34 31 924 9239
34 32 680 6801
34 33 540 5397
34 35 903 9030
34 36 606 6064
34 37 209 2089
34 38 857 8572
34 39 399 3991
34 40 661 6609
35 1 126 1263
35 2 161 1606
35 3 806 8058
35 4 356 3557
35 5 10 102
35 6 344 3441
35 7 140 1403
35 8 77 771
35 9 277 2770
35 10 80 798
35 11 564 5642
35 12 348 3484
35 13 468 4684
35 14 470 4705
35 15 129 1290
35 16 808 8078
35 17 512 5125
35 18 645 6451
35 19 229 2291
35 20 476 4761
35 21 238 2383
35 22 179 1791
35 23 797 7974
35 24 303 3034
35 25 591 5906
35 26 760 7603
35 27 939 9387
35 28 808 8082
35 29 722 7222
35 30 500 5003
35 31 459 4594
35 32 224 2237
35 33 365 3651
35 34 903 9030
35 36 587 5871
35 37 731 7313
35 38 229 2292
35 39 507 5073
35 40 243 2425
36 1 696 6958
36 2 747 7469
36 3 721 7209
36 4 600 6002
36 5 579 5794
36 6 388 3880
36 7 642 6422
36 8 584 5841
36 9 726 7262
36 10 556 5559
36 11 898 8977
36 12 243 2434
36 13 477 4773
36 14 120 1200
36 15 708 7080
36 16 407 4074
36 17 491 4908
36 18 518 5185
36 19 598 5977
36 20 857 8569
36 21 363 3632
36 22 408 4081
36 23 459 4588
36 24 471 4712
36 25 36 365
36 26 544 5438
36 27 750 7497
36 28 248 2476
36 29 619 6194
36 30 100 1002
36 31 348 3481
36 32 460 4597
36 33 425 4248
36 34 606 6064
36 35 587 5871
36 37 573 5726
36 38 404 4040
36 39 434 4342
36 40 426 4256
37 1 756 7557
37 2 855 8551
37 3 152 1519
37 4 434 4337
37 5 731 7314
37 6 398 3984
37 7 862 8621
37 8 669 6687
37 9 634 6345
37 10 654 6539
37 11 591 5914
37 12 538 5384
37 13 264 2639
37 14 535 5352
37 15 780 7796
37 16 293 2935
37 17 220 2204
37 18 86 864
37 19 900 8996
37 20 617 6174
37 21 552 5516
37 22 634 6341
37 23 215 2146
37 24 852 8522
37 25 609 6087
37 26 67 671
37 27 212 2117
37 28 541 5408
37 29 68 677
37 30 607 6072
37 31 839 8385
37 32 508 5085
37 33 368 3679
37 34 209 2089
37 35 731 7313
37 36 573 5726
37 38 726 7259
37 39 228 2280
37 40 496 4958
38 1 355 3553
38 2 371 3711
38 3 836 8358
38 4 468 4680
38 5 219 2192
38 6 338 3379
38 7 241 2411
38 8 269 2695
38 9 474 4738
38 10 246 2465
38 11 738 7376
38 12 210 2098
38 13 492 4916
38 14 304 3039
38 15 358 3576
38 16 715 7148
38 17 532 5318
38 18 642 6424
38 19 200 2004
38 20 661 6615
38 21 180 1796
38 22 112 1119
38 23 728 7278
38 24 130 1300
38 25 398 3976
38 26 735 7350
38 27 937 9370
38 28 646 6460
38 29 738 7380
38 30 306 3064
38 31 233 2333
38 32 277 2766
38 33 380 3799
38 34 857 8572
38 35 229 2292
38 36 404 4040
38 37 726 7259
38 39 502 5021
38 40 265 2648
39 1 544 5443
39 2 640 6395
39 3 336 3361
39 4 259 2586
39 5 507 5067
39 6 170 1704
39 7 635 6354
39 8 449 4490
39 9 454 4542
39 10 432 4317
39 11 509 5089
39 12 329 3288
39 13 66 660
39 14 360 3597
39 15 567 5672
39 16 357 3566
39 17 58 576
39 18 142 1421
39 19 672 6718
39 20 499 4991
39 21 325 3252
39 22 407 4069
39 23 316 3163
39 24 630 6304
39 25 466 4664
39 26 253 2531
39 27 439 4394
39 28 504 5035
39 29 236 2362
39 30 436 4364
39 31 638 6375
39 32 284 2836
39 33 142 1422
39 34 399 3991
39 35 507 5073
39 36 434 4342
39 37 228 2280
39 38 502 5021
39 40 269 2686
40 1 306 3057
40 2 388 3881
40 3 586 5864
40 4 214 2137
40 5 241 2408
40 6 102 1016
40 7 367 3669
40 8 196 1962
40 9 301 3006
40 10 173 1732
40 11 506 5063
40 12 195 1947
40 13 240 2397
40 14 307 3075
40 15 325 3249
40 16 570 5704
40 17 283 2830
40 18 410 4095
40 19 409 4087
40 20 447 4473
40 21 96 963
40 22 155 1549
40 23 556 5558
40 24 394 3936
40 25 442 4419
40 26 520 5202
40 27 706 7063
40 28 609 6086
40 29 495 4948
40 30 367 3665
40 31 460 4605
40 32 34 343
40 33 128 1285
40 34 661 6609
40 35 243 2425
40 36 426 4256
40 37 496 4958
40 38 265 2648
40 39 269 2686
