40
815
138
26
6
24
36
32
14
38
26
19
13
4
35
34
3
17
1
16
12
18
7
39
15
30
20
31
37
33
11
7
34
19
21
15
25
31
20
5
9
6
1 2 873 8732
1 3 863 8630
1 4 819 8192
1 5 589 5887
1 6 806 8059
1 7 890 8904
1 8 274 2740
1 9 847 8469
1 10 469 4692
1 11 706 7059
1 12 334 3344
1 13 495 4953
1 14 585 5851
1 15 880 8803
1 16 560 5604
1 17 926 9263
1 18 695 6945
1 19 360 3602
1 20 291 2915
1 21 513 5129
1 22 528 5279
1 23 896 8964
1 24 885 8845
1 25 783 7829
1 26 119 1191
1 27 325 3251
1 28 315 3146
1 29 1021 10213
1 30 470 4703
1 31 649 6492
1 32 576 5761
1 33 532 5323
1 34 750 7497
1 35 630 6299
1 36 515 5150
1 37 958 9581
1 38 693 6932
1 39 626 6255
1 40 334 3337
2 1 873 8732
2 3 974 9745
2 4 67 667
2 5 424 4236
2 6 68 678
2 7 518 5178
2 8 954 9536
2 9 798 7975
2 10 469 4687
2 11 479 4788
2 12 889 8889
2 13 378 3781
2 14 588 5883
2 15 15 152
2 16 422 4224
2 17 238 2377
2 18 623 6232
2 19 657 6573
2 20 707 7073
2 21 361 3606
2 22 707 7071
2 23 982 9818
2 24 156 1557
2 25 302 3018
2 26 991 9906
2 27 588 5880
2 28 1027 10267
2 29 306 3063
2 30 428 4284
2 31 969 9693
2 32 807 8068
2 33 625 6253
2 34 594 5937
2 35 255 2554
2 36 951 9515
2 37 194 1938
2 38 223 2232
2 39 254 2538
2 40 596 5961
3 1 863 8630
3 2 974 9745
3 4 977 9767
3 5 590 5901
3 6 945 9451
3 7 516 5156
3 8 642 6417
3 9 195 1951
3 10 642 6415
3 11 496 4960
3 12 543 5433
3 13 812 8121
3 14 426 4257
3 15 968 9675
3 16 611 6110
3 17 807 8071
3 18 354 3541
3 19 1049 10489
3 20 1022 10222
3 21 836 8364
3 22 374 3745
3 23 36 362
3 24 849 8494
3 25 676 6764
3 26 895 8947
3 27 675 6748
3 28 665 6647
3 29 838 8377
3 30 709 7093
3 31 246 2456
3 32 292 2921
3 33 1181 11810
3 34 382 3821
3 35 797 7972
3 36 384 3836
3 37 878 8779
3 38 775 7753
3 39 814 8136
3 40 650 6498
4 1 819 8192
4 2 67 667
4 3 977 9767
4 5 407 4069
4 6 32 320
4 7 544 5435
4 8 913 9132
4 9 806 8065
4 10 435 4350
4 11 482 4816
4 12 854 8538
4 13 326 3265
4 14 576 5763
4 15 80 804
4 16 400 4005
4 17 285 2852
4 18 623 6229
4 19 592 5924
4 20 644 6439
4 21 307 3067
4 22 689 6892
4 23 986 9864
4 24 201 2005
4 25 317 3174
4 26 937 9374
4 27 545 5448
4 28 986 9863
4 29 363 3629
4 30 388 3879
4 31 955 9547
4 32 792 7916
4 33 559 5588
4 34 600 6002
4 35 218 2182
4 36 928 9275
4 37 251 2513
4 38 206 2057
4 39 212 2124
4 40 555 5551
5 1 589 5887
5 2 424 4236
5 3 590 5901
5 4 407 4069
5 6 377 3774
5 7 322 3217
5 8 574 5737
5 9 447 4468
5 10 125 1248
5 11 147 1471
5 12 491 4905
5 13 245 2454
5 14 171 1712
5 15 422 4216
5 16 34 339
5 17 364 3636
5 18 244 2439
5 19 565 5651
5 20 572 5720
5 21 264 2641
5 22 284 2836
5 23 606 6057
5 24 352 3517
5 25 204 2039
5 26 689 6892
5 27 264 2642
5 28 644 6440
5 29 449 4492
5 30 163 1631
5 31 548 5479
5 32 385 3848
5 33 649 6488
5 34 252 2520
5 35 208 2079
5 36 530 5297
5 37 414 4144
5 38 202 2020
5 39 224 2238
5 40 255 2555
6 1 806 8059
6 2 68 678
6 3 945 9451
6 4 32 320
6 5 377 3774
6 7 513 5126
6 8 892 8919
6 9 774 7745
6 10 410 4104
6 11 450 4498
6 12 830 8302
6 13 311 3112
6 14 546 5461
6 15 77 775
6 16 372 3721
6 17 261 2609
6 18 591 5914
6 19 592 5920
6 20 641 6408
6 21 293 2932
6 22 660 6603
6 23 955 9546
6 24 176 1764
6 25 286 2857
6 26 924 9236
6 27 525 5246
6 28 965 9650
6 29 343 3429
6 30 366 3662
6 31 925 9253
6 32 762 7622
6 33 568 5677
6 34 568 5683
6 35 194 1943
6 36 900 9002
6 37 233 2330
6 38 176 1756
6 39 190 1905
6 40 534 5338
7 1 890 8904
7 2 518 5178
7 3 516 5156
7 4 544 5435
7 5 322 3217
7 6 513 5126
7 8 811 8111
7 9 321 3209
7 10 445 4450
7 11 185 1850
7 12 709 7092
7 13 547 5470
7 14 321 3212
7 15 507 5068
7 16 355 3553
7 17 307 3070
7 18 247 2468
7 19 883 8829
7 20 893 8932
7 21 558 5585
7 22 433 4333
7 23 511 5113
7 24 369 3689
7 25 231 2311
7 26 979 9792
7 27 575 5747
7 28 872 8718
7 29 323 3229
7 30 482 4822
7 31 612 6120
7 32 484 4835
7 33 949 9492
7 34 180 1804
7 35 447 4473
7 36 667 6671
7 37 378 3776
7 38 386 3861
7 39 466 4662
7 40 561 5606
8 1 274 2740
8 2 954 9536
8 3 642 6417
8 4 913 9132
8 5 574 5737
8 6 892 8919
8 7 811 8111
8 9 675 6746
8 10 488 4883
8 11 642 6422
8 12 108 1076
8 13 597 5969
8 14 491 4907
8 15 957 9567
8 16 557 5575
8 17 937 9373
8 18 576 5756
8 19 600 5996
8 20 540 5403
8 21 622 6219
8 22 384 3843
8 23 677 6773
8 24 919 9191
8 25 777 7766
8 26 261 2614
8 27 369 3693
8 28 73 731
8 29 1021 10214
8 30 526 5257
8 31 406 4057
8 32 384 3843
8 33 771 7707
8 34 641 6410
8 35 698 6983
8 36 264 2638
8 37 986 9859
8 38 740 7405
8 39 701 7015
8 40 358 3582
9 1 847 8469
9 2 798 7975
9 3 195 1951
9 4 806 8065
9 5 447 4468
9 6 774 7745
9 7 321 3209
9 8 675 6746
9 10 527 5265
9 11 327 3273
9 12 568 5675
9 13 687 6868
9 14 308 3076
9 15 789 7894
9 16 474 4739
9 17 617 6171
9 18 204 2040
9 19 967 9665
9 20 952 9523
9 21 708 7082
9 22 319 3193
9 23 191 1911
9 24 665 6647
9 25 496 4961
9 26 903 9031
9 27 597 5973
9 28 716 7162
9 29 643 6435
9 30 590 5899
9 31 349 3486
9 32 290 2905
9 33 1079 10790
9 34 207 2068
9 35 646 6456
9 36 453 4527
9 37 688 6882
9 38 612 6120
9 39 663 6634
9 40 574 5743
10 1 469 4692
10 2 469 4687
10 3 642 6415
10 4 435 4350
10 5 125 1248
10 6 410 4104
10 7 445 4450
10 8 488 4883
10 9 527 5265
10 11 265 2647
10 12 420 4202
10 13 172 1724
10 14 221 2208
10 15 471 4706
10 16 93 931
10 17 463 4634
10 18 325 3251
10 19 451 4514
10 20 452 4521
10 21 198 1981
10 22 286 2861
10 23 663 6628
10 24 434 4342
10 25 314 3141
10 26 574 5741
10 27 145 1445
10 28 561 5609
10 29 555 5555
10 30 68 683
10 31 550 5499
10 32 391 3914
10 33 553 5525
10 34 352 3522
10 35 217 2167
10 36 499 4995
10 37 504 5040
10 38 252 2522
10 39 224 2242
10 40 141 1412
11 1 706 7059
11 2 479 4788
11 3 496 4960
11 4 482 4816
11 5 147 1471
11 6 450 4498
11 7 185 1850
11 8 642 6422
11 9 327 3273
11 10 265 2647
11 12 545 5452
11 13 389 3895
11 14 156 1563
11 15 472 4723
11 16 181 1807
11 17 340 3398
11 18 145 1453
11 19 712 7118
11 20 716 7164
11 21 406 4060
11 22 284 2838
11 23 505 5048
11 24 363 3630
11 25 187 1868
11 26 797 7967
11 27 390 3901
11 28 707 7069
11 29 402 4020
11 30 310 3100
11 31 514 5141
11 32 361 3612
11 33 794 7943
11 34 121 1206
11 35 322 3224
11 36 535 5351
11 37 406 4056
11 38 285 2848
11 39 341 3409
11 40 376 3757
12 1 334 3344
12 2 889 8889
12 3 543 5433
12 4 854 8538
12 5 491 4905
12 6 830 8302
12 7 709 7092
12 8 108 1076
12 9 568 5675
12 10 420 4202
12 11 545 5452
12 13 551 5509
12 14 391 3910
12 15 891 8906
12 16 478 4784
12 17 853 8526
12 18 471 4705
12 19 615 6154
12 20 565 5646
12 21 577 5773
12 22 279 2788
12 23 578 5784
12 24 841 8410
12 25 690 6901
12 26 351 3514
12 27 323 3231
12 28 163 1626
12 29 933 9329
12 30 467 4675
12 31 317 3166
12 32 277 2774
12 33 781 7805
12 34 537 5365
12 35 636 6360
12 36 181 1806
12 37 905 9049
12 38 670 6700
12 39 642 6417
12 40 306 3061
13 1 495 4953
13 2 378 3781
13 3 812 8121
13 4 326 3265
13 5 245 2454
13 6 311 3112
13 7 547 5470
13 8 597 5969
13 9 687 6868
13 10 172 1724
13 11 389 3895
13 12 551 5509
13 14 388 3878
13 15 385 3851
13 16 215 2147
13 17 461 4606
13 18 483 4829
13 19 344 3442
13 20 370 3704
13 21 27 273
13 22 458 4577
13 23 832 8322
13 24 403 4032
13 25 354 3537
13 26 613 6125
13 27 229 2290
13 28 669 6695
13 29 559 5590
13 30 104 1041
13 31 719 7189
13 32 563 5626
13 33 405 4051
13 34 497 4972
13 35 143 1432
13 36 657 6572
13 37 478 4778
13 38 217 2170
13 39 134 1342
13 40 245 2447
14 1 585 5851
14 2 588 5883
14 3 426 4257
14 4 576 5763
14 5 171 1712
14 6 546 5461
14 7 321 3212
14 8 491 4907
14 9 308 3076
14 10 221 2208
14 11 156 1563
14 12 391 3910
14 13 388 3878
14 15 585 5849
14 16 187 1871
14 17 487 4866
14 18 114 1145
14 19 660 6600
14 20 649 6494
14 21 411 4114
14 22 130 1295
14 23 445 4447
14 24 496 4962
14 25 325 3254
14 26 665 6648
14 27 297 2972
14 28 553 5533
14 29 556 5557
14 30 287 2867
14 31 381 3811
14 32 220 2197
14 33 772 7721
14 34 165 1647
14 35 378 3782
14 36 383 3831
14 37 548 5483
14 38 371 3706
14 39 393 3932
14 40 276 2763
15 1 880 8803
15 2 15 152
15 3 968 9675
15 4 80 804
15 5 422 4216
15 6 77 775
15 7 507 5068
15 8 957 9567
15 9 789 7894
15 10 471 4706
15 11 472 4723
15 12 891 8906
15 13 385 3851
15 14 585 5849
15 16 422 4216
15 17 224 2237
15 18 617 6171
15 19 669 6690
15 20 718 7182
15 21 368 3684
15 22 705 7048
15 23 974 9744
15 24 143 1426
15 25 293 2933
15 26 997 9975
15 27 592 5922
15 28 1030 10297
15 29 291 2912
15 30 432 4322
15 31 966 9660
15 32 804 8038
15 33 639 6391
15 34 586 5863
15 35 259 2592
15 36 950 9504
15 37 179 1787
15 38 223 2227
15 39 259 2587
15 40 600 5997
16 1 560 5604
16 2 422 4224
16 3 611 6110
16 4 400 4005
16 5 34 339
16 6 372 3721
16 7 355 3553
16 8 557 5575
16 9 474 4739
16 10 93 931
16 11 181 1807
16 12 478 4784
16 13 215 2147
16 14 187 1871
16 15 422 4216
16 17 382 3816
16 18 270 2701
16 19 531 5313
16 20 538 5382
16 21 235 2347
16 22 289 2893
16 23 628 6280
16 24 363 3627
16 25 226 2258
16 26 663 6630
16 27 235 2354
16 28 629 6287
16 29 470 4702
16 30 129 1294
16 31 556 5560
16 32 393 3930
16 33 617 6166
16 34 283 2827
16 35 193 1927
16 36 529 5291
16 37 428 4284
16 38 199 1992
16 39 207 2069
16 40 229 2285
17 1 926 9263
17 2 238 2377
17 3 807 8071
17 4 285 2852
17 5 364 3636
17 6 261 2609
17 7 307 3070
17 8 937 9373
17 9 617 6171
17 10 463 4634
17 11 340 3398
17 12 853 8526
17 13 461 4606
17 14 487 4866
17 15 224 2237
17 16 382 3816
17 18 479 4788
17 19 795 7951
17 20 829 8294
17 21 456 4565
17 22 616 6160
17 23 808 8077
17 24 85 847
17 25 163 1633
17 26 1036 10355
17 27 606 6064
17 28 1008 10076
17 29 98 984
17 30 456 4565
17 31 854 8537
17 32 700 7003
17 33 805 8055
17 34 431 4306
17 35 319 3186
17 36 870 8697
17 37 71 712
17 38 244 2436
17 39 331 3313
17 40 605 6046
18 1 695 6945
18 2 623 6232
18 3 354 3541
18 4 623 6229
18 5 244 2439
18 6 591 5914
18 7 247 2468
18 8 576 5756
18 9 204 2040
18 10 325 3251
18 11 145 1453
18 12 471 4705
18 13 483 4829
18 14 114 1145
18 15 617 6171
18 16 270 2701
18 17 479 4788
18 19 772 7715
18 20 763 7630
18 21 504 5042
18 22 192 1917
18 23 366 3659
18 24 508 5075
18 25 332 3315
18 26 769 7687
18 27 412 4116
18 28 632 6322
18 29 531 5308
18 30 387 3869
18 31 378 3782
18 32 238 2379
18 33 877 8773
18 34 67 671
18 35 447 4469
18 36 421 4208
18 37 547 5468
18 38 421 4213
18 39 464 4641
18 40 391 3907
19 1 360 3602
19 2 657 6573
19 3 1049 10489
19 4 592 5924
19 5 565 5651
19 6 592 5920
19 7 883 8829
19 8 600 5996
19 9 967 9665
19 10 451 4514
19 11 712 7118
19 12 615 6154
19 13 344 3442
19 14 660 6600
19 15 669 6690
19 16 531 5313
19 17 795 7951
19 18 772 7715
19 20 72 724
19 21 342 3417
19 22 675 6746
19 23 1076 10762
19 24 728 7279
19 25 698 6979
19 26 465 4647
19 27 375 3746
19 28 657 6569
19 29 893 8929
19 30 402 4021
19 31 888 8882
19 32 763 7628
19 33 173 1730
19 34 803 8033
19 35 478 4785
19 36 780 7801
19 37 801 8007
19 38 555 5548
19 39 464 4643
19 40 399 3993
20 1 291 2915
20 2 707 7073
20 3 1022 10222
20 4 644 6439
20 5 572 5720
20 6 641 6408
20 7 893 8932
20 8 540 5403
20 9 952 9523
20 10 452 4521
20 11 716 7164
20 12 565 5646
20 13 370 3704
20 14 649 6494
20 15 718 7182
20 16 538 5382
20 17 829 8294
20 18 763 7630
20 19 72 724
20 21 373 3730
20 22 650 6502
20 23 1051 10509
20 24 767 7666
20 25 721 7212
20 26 393 3932
20 27 355 3550
20 28 594 5945
20 29 928 9277
20 30 411 4115
20 31 849 8492
20 32 732 7325
20 33 241 2411
20 34 800 8000
20 35 511 5109
20 36 735 7348
20 37 840 8405
20 38 586 5864
20 39 498 4985
20 40 378 3785
21 1 513 5129
21 2 361 3606
21 3 836 8364
21 4 307 3067
21 5 264 2641
21 6 293 2932
21 7 558 5585
21 8 622 6219
21 9 708 7082
21 10 198 1981
21 11 406 4060
21 12 577 5773
21 13 27 273
21 14 411 4114
21 15 368 3684
21 16 235 2347
21 17 456 4565
21 18 504 5042
21 19 342 3417
21 20 373 3730
21 22 484 4839
21 23 856 8560
21 24 395 3953
21 25 358 3581
21 26 631 6308
21 27 255 2550
21 28 694 6944
21 29 555 5548
21 30 130 1301
21 31 746 7457
21 32 589 5890
21 33 391 3911
21 34 516 5161
21 35 138 1379
21 36 685 6845
21 37 470 4697
21 38 214 2139
21 39 126 1258
21 40 271 2713
22 1 528 5279
22 2 707 7071
22 3 374 3745
22 4 689 6892
22 5 284 2836
22 6 660 6603
22 7 433 4333
22 8 384 3843
22 9 319 3193
22 10 286 2861
22 11 284 2838
22 12 279 2788
22 13 458 4577
22 14 130 1295
22 15 705 7048
22 16 289 2893
22 17 616 6160
22 18 192 1917
22 19 675 6746
22 20 650 6502
22 21 484 4839
22 23 402 4016
22 24 623 6232
22 25 454 4543
22 26 590 5896
22 27 300 3003
22 28 441 4406
22 29 685 6848
22 30 354 3538
22 31 267 2674
22 32 106 1057
22 33 808 8080
22 34 258 2579
22 35 480 4804
22 36 254 2537
22 37 677 6771
22 38 485 4854
22 39 493 4930
22 40 275 2754
23 1 896 8964
23 2 982 9818
23 3 36 362
23 4 986 9864
23 5 606 6057
23 6 955 9546
23 7 511 5113
23 8 677 6773
23 9 191 1911
23 10 663 6628
23 11 505 5048
23 12 578 5784
23 13 832 8322
23 14 445 4447
23 15 974 9744
23 16 628 6280
23 17 808 8077
23 18 366 3659
23 19 1076 10762
23 20 1051 10509
23 21 856 8560
23 22 402 4016
23 24 853 8532
23 25 682 6820
23 26 930 9296
23 27 702 7017
23 28 701 7008
23 29 834 8341
23 30 730 7301
23 31 282 2818
23 32 323 3234
23 33 1206 12058
23 34 388 3881
23 35 812 8118
23 36 420 4197
23 37 879 8788
23 38 787 7868
23 39 829 8286
23 40 677 6769
24 1 885 8845
24 2 156 1557
24 3 849 8494
24 4 201 2005
24 5 352 3517
24 6 176 1764
24 7 369 3689
24 8 919 9191
24 9 665 6647
24 10 434 4342
24 11 363 3630
24 12 841 8410
24 13 403 4032
24 14 496 4962
24 15 143 1426
24 16 363 3627
24 17 85 847
24 18 508 5075
24 19 728 7279
24 20 767 7666
24 21 395 3953
24 22 623 6232
24 23 853 8532
24 25 176 1761
24 26 997 9971
24 27 572 5723
24 28 991 9908
24 29 171 1709
24 30 416 4156
24 31 873 8734
24 32 715 7150
24 33 728 7284
24 34 468 4677
24 35 260 2602
24 36 876 8756
24 37 75 746
24 38 191 1914
24 39 270 2697
24 40 574 5739
25 1 783 7829
25 2 302 3018
25 3 676 6764
25 4 317 3174
25 5 204 2039
25 6 286 2857
25 7 231 2311
25 8 777 7766
25 9 496 4961
25 10 314 3141
25 11 187 1868
25 12 690 6901
25 13 354 3537
25 14 325 3254
25 15 293 2933
25 16 226 2258
25 17 163 1633
25 18 332 3315
25 19 698 6979
25 20 721 7212
25 21 358 3581
25 22 454 4543
25 23 682 6820
25 24 176 1761
25 26 888 8879
25 27 459 4586
25 28 846 8462
25 29 245 2454
25 30 321 3213
25 31 699 6987
25 32 542 5420
25 33 740 7401
25 34 294 2943
25 35 230 2298
25 36 708 7079
25 37 223 2229
25 38 160 1600
25 39 248 2478
25 40 454 4537
26 1 119 1191
26 2 991 9906
26 3 895 8947
26 4 937 9374
26 5 689 6892
26 6 924 9236
26 7 979 9792
26 8 261 2614
26 9 903 9031
26 10 574 5741
26 11 797 7967
26 12 351 3514
26 13 613 6125
26 14 665 6648
26 15 997 9975
26 16 663 6630
26 17 1036 10355
26 18 769 7687
26 19 465 4647
26 20 393 3932
26 21 631 6308
26 22 590 5896
26 23 930 9296
26 24 997 9971
26 25 888 8879
26 27 430 4298
26 28 274 2738
26 29 1129 11291
26 30 582 5816
26 31 665 6649
26 32 620 6197
26 33 633 6334
26 34 828 8282
26 35 745 7451
26 36 524 5239
26 37 1070 10701
26 38 806 8062
26 39 741 7415
26 40 434 4344
27 1 325 3251
27 2 588 5880
27 3 675 6748
27 4 545 5448
27 5 264 2642
27 6 525 5246
27 7 575 5747
27 8 369 3693
27 9 597 5973
27 10 145 1445
27 11 390 3901
27 12 323 3231
27 13 229 2290
27 14 297 2972
27 15 592 5922
27 16 235 2354
27 17 606 6064
27 18 412 4116
27 19 375 3746
27 20 355 3550
27 21 255 2550
27 22 300 3003
27 23 702 7017
27 24 572 5723
27 25 459 4586
27 26 430 4298
27 28 442 4423
27 29 699 6994
27 30 160 1604
27 31 531 5311
27 32 392 3925
27 33 511 5109
27 34 455 4549
27 35 333 3330
27 36 446 4462
27 37 644 6439
27 38 384 3842
27 39 334 3344
27 40 25 251
28 1 315 3146
28 2 1027 10267
28 3 665 6647
28 4 986 9863
28 5 644 6440
28 6 965 9650
28 7 872 8718
28 8 73 731
28 9 716 7162
28 10 561 5609
28 11 707 7069
28 12 163 1626
28 13 669 6695
28 14 553 5533
28 15 1030 10297
28 16 629 6287
28 17 1008 10076
28 18 632 6322
28 19 657 6569
28 20 594 5945
28 21 694 6944
28 22 441 4406
28 23 701 7008
28 24 991 9908
28 25 846 8462
28 26 274 2738
28 27 442 4423
28 29 1090 10905
28 30 599 5988
28 31 422 4217
28 32 427 4268
28 33 829 8293
28 34 699 6985
28 35 771 7714
28 36 281 2811
28 37 1057 10571
28 38 813 8131
28 39 775 7746
28 40 431 4313
29 1 1021 10213
29 2 306 3063
29 3 838 8377
29 4 363 3629
29 5 449 4492
29 6 343 3429
29 7 323 3229
29 8 1021 10214
29 9 643 6435
29 10 555 5555
29 11 402 4020
29 12 933 9329
29 13 559 5590
29 14 556 5557
29 15 291 2912
29 16 470 4702
29 17 98 984
29 18 531 5308
29 19 893 8929
29 20 928 9277
29 21 555 5548
29 22 685 6848
29 23 834 8341
29 24 171 1709
29 25 245 2454
29 26 1129 11291
29 27 699 6994
29 28 1090 10905
29 30 552 5524
29 31 909 9090
29 32 762 7619
29 33 899 8991
29 34 475 4751
29 35 417 4169
29 36 937 9370
29 37 112 1125
29 38 342 3420
29 39 429 4295
29 40 696 6964
30 1 470 4703
30 2 428 4284
30 3 709 7093
30 4 388 3879
30 5 163 1631
30 6 366 3662
30 7 482 4822
30 8 526 5257
30 9 590 5899
30 10 68 683
30 11 310 3100
30 12 467 4675
30 13 104 1041
30 14 287 2867
30 15 432 4322
30 16 129 1294
30 17 456 4565
30 18 387 3869
30 19 402 4021
30 20 411 4115
30 21 130 1301
30 22 354 3538
30 23 730 7301
30 24 416 4156
30 25 321 3213
30 26 582 5816
30 27 160 1604
30 28 599 5988
30 29 552 5524
30 31 616 6162
30 32 459 4589
30 33 491 4912
30 34 408 4081
30 35 173 1730
30 36 560 5602
30 37 488 4884
30 38 225 2254
30 39 176 1758
30 40 168 1677
31 1 649 6492
31 2 969 9693
31 3 246 2456
31 4 955 9547
31 5 548 5479
31 6 925 9253
31 7 612 6120
31 8 406 4057
31 9 349 3486
31 10 550 5499
31 11 514 5141
31 12 317 3166
31 13 719 7189
31 14 381 3811
31 15 966 9660
31 16 556 5560
31 17 854 8537
31 18 378 3782
31 19 888 8882
31 20 849 8492
31 21 746 7457
31 22 267 2674
31 23 282 2818
31 24 873 8734
31 25 699 6987
31 26 665 6649
31 27 531 5311
31 28 422 4217
31 29 909 9090
31 30 616 6162
31 32 163 1631
31 33 1039 10388
31 34 437 4370
31 35 748 7477
31 36 142 1422
31 37 920 9197
31 38 750 7498
31 39 760 7604
31 40 507 5065
32 1 576 5761
32 2 807 8068
32 3 292 2921
32 4 792 7916
32 5 385 3848
32 6 762 7622
32 7 484 4835
32 8 384 3843
32 9 290 2905
32 10 391 3914
32 11 361 3612
32 12 277 2774
32 13 563 5626
32 14 220 2197
32 15 804 8038
32 16 393 3930
32 17 700 7003
32 18 238 2379
32 19 763 7628
32 20 732 7325
32 21 589 5890
32 22 106 1057
32 23 323 3234
32 24 715 7150
32 25 542 5420
32 26 620 6197
32 27 392 3925
32 28 427 4268
32 29 762 7619
32 30 459 4589
32 31 163 1631
32 33 903 9032
32 34 303 3031
32 35 585 5850
32 36 184 1840
32 37 764 7644
32 38 587 5868
32 39 598 5980
32 40 367 3673
33 1 532 5323
33 2 625 6253
33 3 1181 11810
33 4 559 5588
33 5 649 6488
33 6 568 5677
33 7 949 9492
33 8 771 7707
33 9 1079 10790
33 10 553 5525
33 11 794 7943
33 12 781 7805
33 13 405 4051
33 14 772 7721
33 15 639 6391
33 16 617 6166
33 17 805 8055
33 18 877 8773
33 19 173 1730
33 20 241 2411
33 21 391 3911
33 22 808 8080
33 23 1206 12058
33 24 728 7284
33 25 740 7401
33 26 633 6334
33 27 511 5109
33 28 829 8293
33 29 899 8991
33 30 491 4912
33 31 1039 10388
33 32 903 9032
33 34 899 8988
33 35 510 5103
33 36 939 9390
33 37 796 7957
33 38 583 5833
33 39 493 4927
33 40 536 5360
34 1 750 7497
34 2 594 5937
34 3 382 3821
34 4 600 6002
34 5 252 2520
34 6 568 5683
34 7 180 1804
34 8 641 6410
34 9 207 2068
34 10 352 3522
34 11 121 1206
34 12 537 5365
34 13 497 4972
34 14 165 1647
34 15 586 5863
34 16 283 2827
34 17 431 4306
34 18 67 671
34 19 803 8033
34 20 800 8000
34 21 516 5161
34 22 258 2579
34 23 388 3881
34 24 468 4677
34 25 294 2943
34 26 828 8282
34 27 455 4549
34 28 699 6985
34 29 475 4751
34 30 408 4081
34 31 437 4370
34 32 303 3031
34 33 899 8988
34 35 442 4417
34 36 487 4866
34 37 500 5003
34 38 405 4053
34 39 460 4599
34 40 436 4358
35 1 630 6299
35 2 255 2554
35 3 797 7972
35 4 218 2182
35 5 208 2079
35 6 194 1943
35 7 447 4473
35 8 698 6983
35 9 646 6456
35 10 217 2167
35 11 322 3224
35 12 636 6360
35 13 143 1432
35 14 378 3782
35 15 259 2592
35 16 193 1927
35 17 319 3186
35 18 447 4469
35 19 478 4785
35 20 511 5109
35 21 138 1379
35 22 480 4804
35 23 812 8118
35 24 260 2602
35 25 230 2298
35 26 745 7451
35 27 333 3330
35 28 771 7714
35 29 417 4169
35 30 173 1730
35 31 748 7477
35 32 585 5850
35 33 510 5103
35 34 442 4417
35 36 712 7119
35 37 335 3348
35 38 76 764
35 39 19 191
35 40 341 3407
36 1 515 5150
36 2 951 9515
36 3 384 3836
36 4 928 9275
36 5 530 5297
36 6 900 9002
36 7 667 6671
36 8 264 2638
36 9 453 4527
36 10 499 4995
36 11 535 5351
36 12 181 1806
36 13 657 6572
36 14 383 3831
36 15 950 9504
36 16 529 5291
36 17 870 8697
36 18 421 4208
36 19 780 7801
36 20 735 7348
36 21 685 6845
36 22 254 2537
36 23 420 4197
36 24 876 8756
36 25 708 7079
36 26 524 5239
36 27 446 4462
36 28 281 2811
36 29 937 9370
36 30 560 5602
36 31 142 1422
36 32 184 1840
36 33 939 9390
36 34 487 4866
36 35 712 7119
36 37 931 9306
36 38 728 7283
36 39 722 7217
36 40 424 4237
37 1 958 9581
37 2 194 1938
37 3 878 8779
37 4 251 2513
37 5 414 4144
37 6 233 2330
37 7 378 3776
37 8 986 9859
37 9 688 6882
37 10 504 5040
37 11 406 4056
37 12 905 9049
37 13 478 4778
37 14 548 5483
37 15 179 1787
37 16 428 4284
37 17 71 712
37 18 547 5468
37 19 801 8007
37 20 840 8405
37 21 470 4697
37 22 677 6771
37 23 879 8788
37 24 75 746
37 25 223 2229
37 26 1070 10701
37 27 644 6439
37 28 1057 10571
37 29 112 1125
37 30 488 4884
37 31 920 9197
37 32 764 7644
37 33 796 7957
37 34 500 5003
37 35 335 3348
37 36 931 9306
37 38 265 2654
37 39 344 3442
37 40 645 6445
38 1 693 6932
38 2 223 2232
38 3 775 7753
38 4 206 2057
38 5 202 2020
38 6 176 1756
38 7 386 3861
38 8 740 7405
38 9 612 6120
38 10 252 2522
38 11 285 2848
38 12 670 6700
38 13 217 2170
38 14 371 3706
38 15 223 2227
38 16 199 1992
38 17 244 2436
38 18 421 4213
38 19 555 5548
38 20 586 5864
38 21 214 2139
38 22 485 4854
38 23 787 7868
38 24 191 1914
38 25 160 1600
38 26 806 8062
38 27 384 3842
38 28 813 8131
38 29 342 3420
38 30 225 2254
38 31 750 7498
38 32 587 5868
38 33 583 5833
38 34 405 4053
38 35 76 764
38 36 728 7283
38 37 265 2654
38 39 92 918
38 40 388 3880
39 1 626 6255
39 2 254 2538
39 3 814 8136
39 4 212 2124
39 5 224 2238
39 6 190 1905
39 7 466 4662
39 8 701 7015
39 9 663 6634
39 10 224 2242
39 11 341 3409
39 12 642 6417
39 13 134 1342
39 14 393 3932
39 15 259 2587
39 16 207 2069
39 17 331 3313
39 18 464 4641
39 19 464 4643
39 20 498 4985
39 21 126 1258
39 22 493 4930
39 23 829 8286
39 24 270 2697
39 25 248 2478
39 26 741 7415
39 27 334 3344
39 28 775 7746
39 29 429 4295
39 30 176 1758
39 31 760 7604
39 32 598 5980
39 33 493 4927
39 34 460 4599
39 35 19 191
39 36 722 7217
39 37 344 3442
39 38 92 918
39 40 343 3434
40 1 334 3337
40 2 596 5961
40 3 650 6498
40 4 555 5551
40 5 255 2555
40 6 534 5338
40 7 561 5606
40 8 358 3582
40 9 574 5743
40 10 141 1412
40 11 376 3757
40 12 306 3061
40 13 245 2447
40 14 276 2763
40 15 600 5997
40 16 229 2285
40 17 605 6046
40 18 391 3907
40 19 399 3993
40 20 378 3785
40 21 271 2713
40 22 275 2754
40 23 677 6769
40 24 574 5739
40 25 454 4537
40 26 434 4344
40 27 25 251
40 28 431 4313
40 29 696 6964
40 30 168 1677
40 31 507 5065
40 32 367 3673
40 33 536 5360
40 34 436 4358
40 35 341 3407
40 36 424 4237
40 37 645 6445
40 38 388 3880
40 39 343 3434
