40
869
634
4
28
39
24
2
1
28
1 2 473 4735
1 3 647 6469
1 4 210 2103
1 5 972 9720
1 6 493 4926
1 7 240 2400
1 8 668 6679
1 9 712 7118
1 10 683 6831
1 11 466 4660
1 12 559 5590
1 13 825 8251
1 14 588 5878
1 15 451 4512
1 16 393 3934
1 17 924 9245
1 18 62 625
1 19 980 9796
1 20 759 7590
1 21 369 3688
1 22 115 1149
1 23 547 5470
1 24 331 3305
1 25 652 6515
1 26 527 5269
1 27 339 3386
1 28 694 6943
1 29 244 2439
1 30 321 3210
1 31 385 3849
1 32 946 9461
1 33 860 8596
1 34 599 5995
1 35 757 7566
1 36 678 6776
1 37 402 4018
1 38 50 501
1 39 250 2502
1 40 525 5248
2 1 473 4735
2 3 238 2382
2 4 501 5009
2 5 679 6787
2 6 54 537
2 7 585 5853
2 8 528 5276
2 9 563 5630
2 10 531 5307
2 11 128 1284
2 12 243 2428
2 13 365 3654
2 14 163 1634
2 15 360 3599
2 16 360 3600
2 17 454 4539
2 18 501 5015
2 19 549 5485
2 20 470 4699
2 21 115 1154
2 22 360 3596
2 23 560 5596
2 24 144 1441
2 25 226 2259
2 26 383 3828
2 27 612 6116
2 28 226 2260
2 29 573 5730
2 30 157 1571
2 31 555 5553
2 32 663 6627
2 33 398 3976
2 34 422 4221
2 35 335 3353
2 36 250 2497
2 37 538 5381
2 38 511 5115
2 39 599 5994
2 40 128 1277
3 1 647 6469
3 2 238 2382
3 4 601 6005
3 5 820 8198
3 6 188 1885
3 7 802 8017
3 8 742 7418
3 9 772 7723
3 10 742 7418
3 11 358 3578
3 12 126 1255
3 13 375 3750
3 14 75 748
3 15 595 5953
3 16 370 3701
3 17 325 3248
3 18 689 6889
3 19 333 3329
3 20 638 6379
3 21 343 3426
3 22 544 5436
3 23 795 7948
3 24 354 3536
3 25 30 297
3 26 304 3036
3 27 672 6723
3 28 150 1496
3 29 792 7916
3 30 338 3384
3 31 583 5831
3 32 811 8108
3 33 239 2394
3 34 638 6376
3 35 426 4262
3 36 41 413
3 37 555 5546
3 38 674 6736
3 39 816 8159
3 40 127 1272
4 1 210 2103
4 2 501 5009
4 3 601 6005
4 5 1105 11051
4 6 497 4973
4 7 448 4484
4 8 833 8334
4 9 878 8775
4 10 846 8465
4 11 545 5455
4 12 487 4869
4 13 866 8658
4 14 561 5607
4 15 609 6095
4 16 258 2584
4 17 914 9136
4 18 270 2703
4 19 918 9183
4 20 886 8864
4 21 430 4296
4 22 242 2425
4 23 738 7380
4 24 384 3844
4 25 614 6144
4 26 391 3910
4 27 139 1387
4 28 690 6900
4 29 453 4535
4 30 350 3499
4 31 176 1764
4 32 1082 10820
4 33 836 8356
4 34 751 7507
4 35 827 8271
4 36 638 6384
4 37 198 1976
4 38 184 1841
4 39 458 4577
4 40 499 4994
5 1 972 9720
5 2 679 6787
5 3 820 8198
5 4 1105 11051
5 6 720 7198
5 7 901 9007
5 8 348 3477
5 9 316 3165
5 10 329 3290
5 11 578 5783
5 12 895 8954
5 13 494 4943
5 14 770 7700
5 15 526 5255
5 16 1034 10337
5 17 714 7138
5 18 956 9563
5 19 940 9397
5 20 219 2191
5 21 693 6926
5 22 878 8779
5 23 540 5396
5 24 735 7354
5 25 791 7913
5 26 1059 10586
5 27 1238 12381
5 28 681 6814
5 29 882 8820
5 30 780 7799
5 31 1209 12093
5 32 30 302
5 33 755 7552
5 34 378 3778
5 35 397 3970
5 36 797 7967
5 37 1199 11988
5 38 1022 10220
5 39 909 9089
5 40 780 7801
6 1 493 4926
6 2 54 537
6 3 188 1885
6 4 497 4973
6 5 720 7198
6 7 622 6219
6 8 580 5804
6 9 615 6153
6 10 583 5831
6 11 182 1819
6 12 190 1903
6 13 372 3723
6 14 114 1143
6 15 413 4132
6 16 331 3309
6 17 432 4322
6 18 526 5259
6 19 508 5079
6 20 515 5149
6 21 155 1553
6 22 381 3813
6 23 613 6127
6 24 173 1731
6 25 179 1794
6 26 339 3389
6 27 599 5994
6 28 202 2020
6 29 611 6106
6 30 172 1717
6 31 535 5347
6 32 705 7050
6 33 368 3682
6 34 475 4748
6 35 361 3607
6 36 204 2044
6 37 515 5147
6 38 527 5271
6 39 636 6361
6 40 74 740
7 1 240 2400
7 2 585 5853
7 3 802 8017
7 4 448 4484
7 5 901 9007
7 6 622 6219
7 8 561 5607
7 9 600 6004
7 10 579 5787
7 11 523 5235
7 12 739 7391
7 13 884 8845
7 14 732 7324
7 15 390 3900
7 16 617 6175
7 17 1031 10313
7 18 178 1783
7 19 1130 11295
7 20 710 7103
7 21 470 4699
7 22 282 2815
7 23 393 3926
7 24 449 4495
7 25 799 7987
7 26 745 7446
7 27 568 5684
7 28 810 8095
7 29 19 187
7 30 465 4646
7 31 624 6242
7 32 872 8718
7 33 982 9821
7 34 527 5271
7 35 787 7867
7 36 824 8245
7 37 642 6418
7 38 267 2666
7 39 14 142
7 40 675 6745
8 1 668 6679
8 2 528 5276
8 3 742 7418
8 4 833 8334
8 5 348 3477
8 6 580 5804
8 7 561 5607
8 9 44 442
8 10 19 188
8 11 400 3997
8 12 770 7704
8 13 561 5614
8 14 673 6726
8 15 224 2242
8 16 830 8302
8 17 783 7828
8 18 641 6406
8 19 974 9742
8 20 212 2118
8 21 484 4837
8 22 592 5923
8 23 193 1934
8 24 516 5155
8 25 720 7196
8 26 895 8950
8 27 972 9718
8 28 645 6454
8 29 542 5421
8 30 563 5630
8 31 967 9673
8 32 318 3178
8 33 784 7843
8 34 106 1055
8 35 430 4302
8 36 736 7357
8 37 965 9650
8 38 717 7174
8 39 568 5677
8 40 654 6537
9 1 712 7118
9 2 563 5630
9 3 772 7723
9 4 878 8775
9 5 316 3165
9 6 615 6153
9 7 600 6004
9 8 44 442
9 10 33 331
9 11 436 4360
9 12 806 8055
9 13 573 5729
9 14 704 7044
9 15 268 2682
9 16 872 8716
9 17 798 7976
9 18 684 6839
9 19 995 9946
9 20 208 2081
9 21 524 5238
9 22 636 6365
9 23 224 2237
9 24 557 5567
9 25 749 7493
9 26 934 9339
9 27 1016 10159
9 28 670 6705
9 29 582 5819
9 30 604 6043
9 31 1011 10108
9 32 286 2863
9 33 804 8037
9 34 142 1425
9 35 442 4419
9 36 764 7644
9 37 1008 10082
9 38 761 7612
9 39 607 6070
9 40 688 6881
10 1 683 6831
10 2 531 5307
10 3 742 7418
10 4 846 8465
10 5 329 3290
10 6 583 5831
10 7 579 5787
10 8 19 188
10 9 33 331
10 11 403 4035
10 12 773 7734
10 13 552 5522
10 14 673 6734
10 15 237 2370
10 16 839 8385
10 17 775 7750
10 18 657 6566
10 19 969 9689
10 20 197 1969
10 21 491 4907
10 22 606 6058
10 23 212 2120
10 24 524 5236
10 25 719 7191
10 26 901 9009
10 27 985 9846
10 28 642 6423
10 29 560 5601
10 30 571 5712
10 31 978 9785
10 32 299 2990
10 33 778 7784
10 34 110 1095
10 35 421 4209
10 36 735 7346
10 37 976 9756
10 38 733 7327
10 39 586 5858
10 40 656 6561
11 1 466 4660
11 2 128 1284
11 3 358 3578
11 4 545 5455
11 5 578 5783
11 6 182 1819
11 7 523 5235
11 8 400 3997
11 9 436 4360
11 10 403 4035
11 12 371 3711
11 13 366 3660
11 14 284 2841
11 15 238 2382
11 16 457 4575
11 17 513 5126
11 18 478 4783
11 19 645 6449
11 20 362 3620
11 21 117 1171
11 22 353 3530
11 23 437 4372
11 24 162 1620
11 25 341 3408
11 26 501 5014
11 27 671 6708
11 28 305 3051
11 29 509 5086
11 30 203 2032
11 31 633 6326
11 32 559 5592
11 33 475 4748
11 34 294 2944
11 35 291 2911
11 36 362 3618
11 37 621 6210
11 38 511 5112
11 39 537 5370
11 40 256 2558
12 1 559 5590
12 2 243 2428
12 3 126 1255
12 4 487 4869
12 5 895 8954
12 6 190 1903
12 7 739 7391
12 8 770 7704
12 9 806 8055
12 10 773 7734
12 11 371 3711
12 13 484 4842
12 14 131 1312
12 15 595 5950
12 16 247 2466
12 17 450 4502
12 18 607 6074
12 19 432 4320
12 20 698 6983
12 21 316 3155
12 22 466 4658
12 23 793 7928
12 24 310 3100
12 25 149 1493
12 26 183 1828
12 27 550 5501
12 28 262 2616
12 29 731 7313
12 30 280 2799
12 31 458 4582
12 32 883 8830
12 33 364 3638
12 34 665 6649
12 35 514 5140
12 36 167 1668
12 37 429 4293
12 38 580 5795
12 39 753 7530
12 40 119 1187
13 1 825 8251
13 2 365 3654
13 3 375 3750
13 4 866 8658
13 5 494 4943
13 6 372 3723
13 7 884 8845
13 8 561 5614
13 9 573 5729
13 10 552 5522
13 11 366 3660
13 12 484 4842
13 14 355 3548
13 15 535 5354
13 16 695 6950
13 17 229 2291
13 18 843 8426
13 19 447 4474
13 20 377 3772
13 21 457 4569
13 22 710 7103
13 23 698 6980
13 24 498 4980
13 25 346 3456
13 26 666 6665
13 27 972 9717
13 28 226 2257
13 29 869 8686
13 30 521 5210
13 31 905 9046
13 32 494 4944
13 33 261 2610
13 34 482 4824
13 35 131 1313
13 36 341 3409
13 37 883 8825
13 38 867 8673
13 39 898 8976
13 40 396 3959
14 1 588 5878
14 2 163 1634
14 3 75 748
14 4 561 5607
14 5 770 7700
14 6 114 1143
14 7 732 7324
14 8 673 6726
14 9 704 7044
14 10 673 6734
14 11 284 2841
14 12 131 1312
14 13 355 3548
14 15 521 5210
14 16 350 3504
14 17 353 3530
14 18 627 6266
14 19 398 3977
14 20 580 5796
14 21 269 2693
14 22 481 4809
14 23 721 7206
14 24 283 2831
14 25 66 662
14 26 312 3119
14 27 645 6449
14 28 138 1380
14 29 722 7218
14 30 272 2724
14 31 564 5642
14 32 759 7591
14 33 277 2767
14 34 568 5678
14 35 384 3839
14 36 92 921
14 37 539 5387
14 38 618 6177
14 39 747 7466
14 40 64 635
15 1 451 4512
15 2 360 3599
15 3 595 5953
15 4 609 6095
15 5 526 5255
15 6 413 4132
15 7 390 3900
15 8 224 2242
15 9 268 2682
15 10 237 2370
15 11 238 2382
15 12 595 5950
15 13 535 5354
15 14 521 5210
15 16 618 6175
15 17 724 7239
15 18 431 4312
15 19 878 8777
15 20 323 3226
15 21 285 2850
15 22 369 3691
15 23 200 1997
15 24 308 3080
15 25 579 5790
15 26 696 6957
15 27 748 7477
15 28 536 5363
15 29 372 3717
15 30 354 3540
15 31 744 7444
15 32 498 4984
15 33 700 6997
15 34 149 1488
15 35 419 4194
15 36 600 6000
15 37 743 7432
15 38 501 5012
15 39 400 4005
15 40 486 4864
16 1 393 3934
16 2 360 3600
16 3 370 3701
16 4 258 2584
16 5 1034 10337
16 6 331 3309
16 7 617 6175
16 8 830 8302
16 9 872 8716
16 10 839 8385
16 11 457 4575
16 12 247 2466
16 13 695 6950
16 14 350 3504
16 15 618 6175
16 17 694 6943
16 18 453 4530
16 19 669 6690
16 20 819 8192
16 21 351 3505
16 22 340 3401
16 23 793 7933
16 24 315 3150
16 25 390 3902
16 26 136 1361
16 27 304 3038
16 28 488 4882
16 29 616 6156
16 30 267 2674
16 31 214 2141
16 32 1016 10157
16 33 609 6095
16 34 731 7307
16 35 691 6914
16 36 411 4109
16 37 188 1885
16 38 396 3960
16 39 630 6300
16 40 300 2998
17 1 924 9245
17 2 454 4539
17 3 325 3248
17 4 914 9136
17 5 714 7138
17 6 432 4322
17 7 1031 10313
17 8 783 7828
17 9 798 7976
17 10 775 7750
17 11 513 5126
17 12 450 4502
17 13 229 2291
17 14 353 3530
17 15 724 7239
17 16 694 6943
17 18 955 9551
17 19 229 2293
17 20 606 6059
17 21 567 5671
17 22 812 8120
17 23 903 9034
17 24 598 5979
17 25 304 3043
17 26 623 6227
17 27 995 9948
17 28 230 2302
17 29 1018 10175
17 30 604 6036
17 31 908 9078
17 32 717 7170
17 33 91 908
17 34 696 6964
17 35 357 3569
17 36 284 2837
17 37 879 8794
17 38 959 9593
17 39 1045 10452
17 40 414 4145
18 1 62 625
18 2 501 5015
18 3 689 6889
18 4 270 2703
18 5 956 9563
18 6 526 5259
18 7 178 1783
18 8 641 6406
18 9 684 6839
18 10 657 6566
18 11 478 4783
18 12 607 6074
18 13 843 8426
18 14 627 6266
18 15 431 4312
18 16 453 4530
18 17 955 9551
18 19 1022 10218
18 20 747 7475
18 21 391 3913
18 22 146 1456
18 23 507 5067
18 24 357 3573
18 25 691 6915
18 26 585 5852
18 27 394 3941
18 28 726 7258
18 29 183 1833
18 30 355 3553
18 31 446 4459
18 32 929 9294
18 33 894 8941
18 34 580 5799
18 35 766 7657
18 36 718 7176
18 37 464 4637
18 38 92 921
18 39 188 1881
18 40 564 5644
19 1 980 9796
19 2 549 5485
19 3 333 3329
19 4 918 9183
19 5 940 9397
19 6 508 5079
19 7 1130 11295
19 8 974 9742
19 9 995 9946
19 10 969 9689
19 11 645 6449
19 12 432 4320
19 13 447 4474
19 14 398 3977
19 15 878 8777
19 16 669 6690
19 17 229 2293
19 18 1022 10218
19 20 815 8153
19 21 662 6621
19 22 876 8763
19 23 1070 10702
19 24 680 6801
19 25 332 3316
19 26 561 5615
19 27 970 9701
19 28 341 3414
19 29 1118 11184
19 30 670 6696
19 31 868 8683
19 32 941 9413
19 33 192 1916
19 34 879 8792
19 35 566 5655
19 36 306 3056
19 37 835 8355
19 38 1005 10052
19 39 1144 11437
19 40 458 4581
20 1 759 7590
20 2 470 4699
20 3 638 6379
20 4 886 8864
20 5 219 2191
20 6 515 5149
20 7 710 7103
20 8 212 2118
20 9 208 2081
20 10 197 1969
20 11 362 3620
20 12 698 6983
20 13 377 3772
20 14 580 5796
20 15 323 3226
20 16 819 8192
20 17 606 6059
20 18 747 7475
20 19 815 8153
20 21 475 4747
20 22 662 6615
20 23 393 3931
20 24 517 5170
20 25 611 6112
20 26 853 8526
20 27 1019 10191
20 28 514 5137
20 29 692 6917
20 30 562 5620
20 31 991 9909
20 32 198 1978
20 33 624 6239
20 34 186 1861
20 35 250 2503
20 36 621 6212
20 37 981 9811
20 38 809 8088
20 39 720 7199
20 40 580 5803
21 1 369 3688
21 2 115 1154
21 3 343 3426
21 4 430 4296
21 5 693 6926
21 6 155 1553
21 7 470 4699
21 8 484 4837
21 9 524 5238
21 10 491 4907
21 11 117 1171
21 12 316 3155
21 13 457 4569
21 14 269 2693
21 15 285 2850
21 16 351 3505
21 17 567 5671
21 18 391 3913
21 19 662 6621
21 20 475 4747
21 22 254 2539
21 23 479 4793
21 24 45 453
21 25 335 3347
21 26 413 4129
21 27 554 5538
21 28 341 3409
21 29 458 4578
21 30 87 873
21 31 517 5169
21 32 673 6725
21 33 513 5129
21 34 382 3819
21 35 400 3999
21 36 360 3596
21 37 506 5064
21 38 410 4104
21 39 484 4840
21 40 219 2191
22 1 115 1149
22 2 360 3596
22 3 544 5436
22 4 242 2425
22 5 878 8779
22 6 381 3813
22 7 282 2815
22 8 592 5923
22 9 636 6365
22 10 606 6058
22 11 353 3530
22 12 466 4658
22 13 710 7103
22 14 481 4809
22 15 369 3691
22 16 340 3401
22 17 812 8120
22 18 146 1456
22 19 876 8763
22 20 662 6615
22 21 254 2539
22 23 498 4984
22 24 216 2160
22 25 546 5459
22 26 464 4637
22 27 381 3812
22 28 582 5821
22 29 278 2776
22 30 210 2100
22 31 395 3951
22 32 853 8532
22 33 749 7493
22 34 513 5135
22 35 644 6440
22 36 572 5720
22 37 402 4024
22 38 158 1582
22 39 295 2948
22 40 419 4188
23 1 547 5470
23 2 560 5596
23 3 795 7948
23 4 738 7380
23 5 540 5396
23 6 613 6127
23 7 393 3926
23 8 193 1934
23 9 224 2237
23 10 212 2120
23 11 437 4372
23 12 793 7928
23 13 698 6980
23 14 721 7206
23 15 200 1997
23 16 793 7933
23 17 903 9034
23 18 507 5067
23 19 1070 10702
23 20 393 3931
23 21 479 4793
23 22 498 4984
23 24 496 4963
23 25 778 7780
23 26 883 8833
23 27 876 8757
23 28 730 7296
23 29 375 3748
23 30 540 5396
23 31 892 8923
23 32 509 5095
23 33 888 8878
23 34 221 2211
23 35 571 5713
23 36 799 7986
23 37 897 8969
23 38 593 5933
23 39 397 3970
23 40 686 6858
24 1 331 3305
24 2 144 1441
24 3 354 3536
24 4 384 3844
24 5 735 7354
24 6 173 1731
24 7 449 4495
24 8 516 5155
24 9 557 5567
24 10 524 5236
24 11 162 1620
24 12 310 3100
24 13 498 4980
24 14 283 2831
24 15 308 3080
24 16 315 3150
24 17 598 5979
24 18 357 3573
24 19 680 6801
24 20 517 5170
24 21 45 453
24 22 216 2160
24 23 496 4963
24 25 349 3493
24 26 388 3881
24 27 509 5088
24 28 369 3691
24 29 439 4387
24 30 48 476
24 31 474 4739
24 32 715 7149
24 33 539 5393
24 34 416 4158
24 35 445 4446
24 36 375 3750
24 37 465 4646
24 38 370 3703
24 39 464 4637
24 40 227 2268
25 1 652 6515
25 2 226 2259
25 3 30 297
25 4 614 6144
25 5 791 7913
25 6 179 1794
25 7 799 7987
25 8 720 7196
25 9 749 7493
25 10 719 7191
25 11 341 3408
25 12 149 1493
25 13 346 3456
25 14 66 662
25 15 579 5790
25 16 390 3902
25 17 304 3043
25 18 691 6915
25 19 332 3316
25 20 611 6112
25 21 335 3347
25 22 546 5459
25 23 778 7780
25 24 349 3493
25 26 330 3299
25 27 691 6908
25 28 120 1200
25 29 788 7880
25 30 338 3381
25 31 604 6040
25 32 783 7826
25 33 222 2217
25 34 616 6159
25 35 397 3971
25 36 26 262
25 37 576 5763
25 38 680 6801
25 39 813 8129
25 40 127 1271
26 1 527 5269
26 2 383 3828
26 3 304 3036
26 4 391 3910
26 5 1059 10586
26 6 339 3389
26 7 745 7446
26 8 895 8950
26 9 934 9339
26 10 901 9009
26 11 501 5014
26 12 183 1828
26 13 666 6665
26 14 312 3119
26 15 696 6957
26 16 136 1361
26 17 623 6227
26 18 585 5852
26 19 561 5615
26 20 853 8526
26 21 413 4129
26 22 464 4637
26 23 883 8833
26 24 388 3881
26 25 330 3299
26 27 414 4137
26 28 444 4443
26 29 741 7413
26 30 344 3437
26 31 308 3077
26 32 1044 10439
26 33 533 5333
26 34 791 7914
26 35 689 6886
26 36 344 3443
26 37 274 2743
26 38 532 5317
26 39 758 7575
26 40 282 2822
27 1 339 3386
27 2 612 6116
27 3 672 6723
27 4 139 1387
27 5 1238 12381
27 6 599 5994
27 7 568 5684
27 8 972 9718
27 9 1016 10159
27 10 985 9846
27 11 671 6708
27 12 550 5501
27 13 972 9717
27 14 645 6449
27 15 748 7477
27 16 304 3038
27 17 995 9948
27 18 394 3941
27 19 970 9701
27 20 1019 10191
27 21 554 5538
27 22 381 3812
27 23 876 8757
27 24 509 5088
27 25 691 6908
27 26 414 4137
27 28 780 7803
27 29 576 5758
27 30 470 4697
27 31 113 1130
27 32 1216 12156
27 33 912 9116
27 34 888 8879
27 35 944 9445
27 36 713 7126
27 37 148 1482
27 38 303 3026
27 39 576 5761
27 40 588 5879
28 1 694 6943
28 2 226 2260
28 3 150 1496
28 4 690 6900
28 5 681 6814
28 6 202 2020
28 7 810 8095
28 8 645 6454
28 9 670 6705
28 10 642 6423
28 11 305 3051
28 12 262 2616
28 13 226 2257
28 14 138 1380
28 15 536 5363
28 16 488 4882
28 17 230 2302
28 18 726 7258
28 19 341 3414
28 20 514 5137
28 21 341 3409
28 22 582 5821
28 23 730 7296
28 24 369 3691
28 25 120 1200
28 26 444 4443
28 27 780 7803
28 29 797 7967
28 30 373 3734
28 31 702 7018
28 32 675 6748
28 33 173 1728
28 34 546 5459
28 35 285 2845
28 36 118 1179
28 37 677 6766
28 38 729 7291
28 39 824 8236
28 40 192 1924
29 1 244 2439
29 2 573 5730
29 3 792 7916
29 4 453 4535
29 5 882 8820
29 6 611 6106
29 7 19 187
29 8 542 5421
29 9 582 5819
29 10 560 5601
29 11 509 5086
29 12 731 7313
29 13 869 8686
29 14 722 7218
29 15 372 3717
29 16 616 6156
29 17 1018 10175
29 18 183 1833
29 19 1118 11184
29 20 692 6917
29 21 458 4578
29 22 278 2776
29 23 375 3748
29 24 439 4387
29 25 788 7880
29 26 741 7413
29 27 576 5758
29 28 797 7967
29 30 455 4554
29 31 629 6287
29 32 853 8531
29 33 969 9694
29 34 508 5084
29 35 770 7699
29 36 814 8137
29 37 645 6454
29 38 273 2733
29 39 29 293
29 40 665 6645
30 1 321 3210
30 2 157 1571
30 3 338 3384
30 4 350 3499
30 5 780 7799
30 6 172 1717
30 7 465 4646
30 8 563 5630
30 9 604 6043
30 10 571 5712
30 11 203 2032
30 12 280 2799
30 13 521 5210
30 14 272 2724
30 15 354 3540
30 16 267 2674
30 17 604 6036
30 18 355 3553
30 19 670 6696
30 20 562 5620
30 21 87 873
30 22 210 2100
30 23 540 5396
30 24 48 476
30 25 338 3381
30 26 344 3437
30 27 470 4697
30 28 373 3734
30 29 455 4554
30 31 430 4297
30 32 760 7598
30 33 539 5394
30 34 463 4634
30 35 477 4772
30 36 364 3642
30 37 419 4191
30 38 356 3563
30 39 479 4787
30 40 212 2116
31 1 385 3849
31 2 555 5553
31 3 583 5831
31 4 176 1764
31 5 1209 12093
31 6 535 5347
31 7 624 6242
31 8 967 9673
31 9 1011 10108
31 10 978 9785
31 11 633 6326
31 12 458 4582
31 13 905 9046
31 14 564 5642
31 15 744 7444
31 16 214 2141
31 17 908 9078
31 18 446 4459
31 19 868 8683
31 20 991 9909
31 21 517 5169
31 22 395 3951
31 23 892 8923
31 24 474 4739
31 25 604 6040
31 26 308 3077
31 27 113 1130
31 28 702 7018
31 29 629 6287
31 30 430 4297
31 32 1189 11887
31 33 822 8220
31 34 876 8762
31 35 891 8907
31 36 624 6240
31 37 35 353
31 38 360 3605
31 39 634 6338
31 40 512 5118
32 1 946 9461
32 2 663 6627
32 3 811 8108
32 4 1082 10820
32 5 30 302
32 6 705 7050
32 7 872 8718
32 8 318 3178
32 9 286 2863
32 10 299 2990
32 11 559 5592
32 12 883 8830
32 13 494 4944
32 14 759 7591
32 15 498 4984
32 16 1016 10157
32 17 717 7170
32 18 929 9294
32 19 941 9413
32 20 198 1978
32 21 673 6725
32 22 853 8532
32 23 509 5095
32 24 715 7149
32 25 783 7826
32 26 1044 10439
32 27 1216 12156
32 28 675 6748
32 29 853 8531
32 30 760 7598
32 31 1189 11887
32 33 755 7551
32 34 350 3502
32 35 391 3914
32 36 789 7890
32 37 1179 11789
32 38 996 9962
32 39 880 8799
32 40 767 7669
33 1 860 8596
33 2 398 3976
33 3 239 2394
33 4 836 8356
33 5 755 7552
33 6 368 3682
33 7 982 9821
33 8 784 7843
33 9 804 8037
33 10 778 7784
33 11 475 4748
33 12 364 3638
33 13 261 2610
33 14 277 2767
33 15 700 6997
33 16 609 6095
33 17 91 908
33 18 894 8941
33 19 192 1916
33 20 624 6239
33 21 513 5129
33 22 749 7493
33 23 888 8878
33 24 539 5393
33 25 222 2217
33 26 533 5333
33 27 912 9116
33 28 173 1728
33 29 969 9694
33 30 539 5394
33 31 822 8220
33 32 755 7551
33 34 691 6910
33 35 374 3745
33 36 199 1991
33 37 793 7930
33 38 892 8919
33 39 996 9962
33 40 340 3398
34 1 599 5995
34 2 422 4221
34 3 638 6376
34 4 751 7507
34 5 378 3778
34 6 475 4748
34 7 527 5271
34 8 106 1055
34 9 142 1425
34 10 110 1095
34 11 294 2944
34 12 665 6649
34 13 482 4824
34 14 568 5678
34 15 149 1488
34 16 731 7307
34 17 696 6964
34 18 580 5799
34 19 879 8792
34 20 186 1861
34 21 382 3819
34 22 513 5135
34 23 221 2211
34 24 416 4158
34 25 616 6159
34 26 791 7914
34 27 888 8879
34 28 546 5459
34 29 508 5084
34 30 463 4634
34 31 876 8762
34 32 350 3502
34 33 691 6910
34 35 353 3532
34 36 633 6326
34 37 872 8720
34 38 650 6495
34 39 536 5362
34 40 548 5482
35 1 757 7566
35 2 335 3353
35 3 426 4262
35 4 827 8271
35 5 397 3970
35 6 361 3607
35 7 787 7867
35 8 430 4302
35 9 442 4419
35 10 421 4209
35 11 291 2911
35 12 514 5140
35 13 131 1313
35 14 384 3839
35 15 419 4194
35 16 691 6914
35 17 357 3569
35 18 766 7657
35 19 566 5655
35 20 250 2503
35 21 400 3999
35 22 644 6440
35 23 571 5713
35 24 445 4446
35 25 397 3971
35 26 689 6886
35 27 944 9445
35 28 285 2845
35 29 770 7699
35 30 477 4772
35 31 891 8907
35 32 391 3914
35 33 374 3745
35 34 353 3532
35 36 401 4008
35 37 873 8729
35 38 802 8022
35 39 799 7992
35 40 407 4066
36 1 678 6776
36 2 250 2497
36 3 41 413
36 4 638 6384
36 5 797 7967
36 6 204 2044
36 7 824 8245
36 8 736 7357
36 9 764 7644
36 10 735 7346
36 11 362 3618
36 12 167 1668
36 13 341 3409
36 14 92 921
36 15 600 6000
36 16 411 4109
36 17 284 2837
36 18 718 7176
36 19 306 3056
36 20 621 6212
36 21 360 3596
36 22 572 5720
36 23 799 7986
36 24 375 3750
36 25 26 262
36 26 344 3443
36 27 713 7126
36 28 118 1179
36 29 814 8137
36 30 364 3642
36 31 624 6240
36 32 789 7890
36 33 199 1991
36 34 633 6326
36 35 401 4008
36 37 596 5957
36 38 706 7060
36 39 839 8387
36 40 153 1533
37 1 402 4018
37 2 538 5381
37 3 555 5546
37 4 198 1976
37 5 1199 11988
37 6 515 5147
37 7 642 6418
37 8 965 9650
37 9 1008 10082
37 10 976 9756
37 11 621 6210
37 12 429 4293
37 13 883 8825
37 14 539 5387
37 15 743 7432
37 16 188 1885
37 17 879 8794
37 18 464 4637
37 19 835 8355
37 20 981 9811
37 21 506 5064
37 22 402 4024
37 23 897 8969
37 24 465 4646
37 25 576 5763
37 26 274 2743
37 27 148 1482
37 28 677 6766
37 29 645 6454
37 30 419 4191
37 31 35 353
37 32 1179 11789
37 33 793 7930
37 34 872 8720
37 35 873 8729
37 36 596 5957
37 38 381 3809
37 39 652 6518
37 40 488 4881
38 1 50 501
38 2 511 5115
38 3 674 6736
38 4 184 1841
38 5 1022 10220
38 6 527 5271
38 7 267 2666
38 8 717 7174
38 9 761 7612
38 10 733 7327
38 11 511 5112
38 12 580 5795
38 13 867 8673
38 14 618 6177
38 15 501 5012
38 16 396 3960
38 17 959 9593
38 18 92 921
38 19 1005 10052
38 20 809 8088
38 21 410 4104
38 22 158 1582
38 23 593 5933
38 24 370 3703
38 25 680 6801
38 26 532 5317
38 27 303 3026
38 28 729 7291
38 29 273 2733
38 30 356 3563
38 31 360 3605
38 32 996 9962
38 33 892 8919
38 34 650 6495
38 35 802 8022
38 36 706 7060
38 37 381 3809
38 39 275 2750
38 40 554 5543
39 1 250 2502
39 2 599 5994
39 3 816 8159
39 4 458 4577
39 5 909 9089
39 6 636 6361
39 7 14 142
39 8 568 5677
39 9 607 6070
39 10 586 5858
39 11 537 5370
39 12 753 7530
39 13 898 8976
39 14 747 7466
39 15 400 4005
39 16 630 6300
39 17 1045 10452
39 18 188 1881
39 19 1144 11437
39 20 720 7199
39 21 484 4840
39 22 295 2948
39 23 397 3970
39 24 464 4637
39 25 813 8129
39 26 758 7575
39 27 576 5761
39 28 824 8236
39 29 29 293
39 30 479 4787
39 31 634 6338
39 32 880 8799
39 33 996 9962
39 34 536 5362
39 35 799 7992
39 36 839 8387
39 37 652 6518
39 38 275 2750
39 40 689 6887
40 1 525 5248
40 2 128 1277
40 3 127 1272
40 4 499 4994
40 5 780 7801
40 6 74 740
40 7 675 6745
40 8 654 6537
40 9 688 6881
40 10 656 6561
40 11 256 2558
40 12 119 1187
40 13 396 3959
40 14 64 635
40 15 486 4864
40 16 300 2998
40 17 414 4145
40 18 564 5644
40 19 458 4581
40 20 580 5803
40 21 219 2191
40 22 419 4188
40 23 686 6858
40 24 227 2268
40 25 127 1271
40 26 282 2822
40 27 588 5879
40 28 192 1924
40 29 665 6645
40 30 212 2116
40 31 512 5118
40 32 767 7669
40 33 340 3398
40 34 548 5482
40 35 407 4066
40 36 153 1533
40 37 488 4881
40 38 554 5543
40 39 689 6887
