30
549
997
2
10
9
1
15
1 2 596 5958
1 3 866 8660
1 4 259 2589
1 5 762 7622
1 6 999 9986
1 7 446 4463
1 8 129 1294
1 9 708 7084
1 10 287 2870
1 11 224 2239
1 12 281 2807
1 13 263 2634
1 14 198 1979
1 15 249 2493
1 16 87 870
1 17 608 6076
1 18 360 3597
1 19 703 7032
1 20 755 7546
1 21 356 3559
1 22 6 56
1 23 301 3005
1 24 745 7449
1 25 548 5484
1 26 192 1916
1 27 393 3932
1 28 300 3000
1 29 689 6893
1 30 631 6310
2 1 596 5958
2 3 621 6205
2 4 530 5299
2 5 1102 11016
2 6 816 8158
2 7 290 2898
2 8 535 5355
2 9 762 7620
2 10 595 5953
2 11 716 7162
2 12 693 6933
2 13 352 3521
2 14 435 4352
2 15 836 8358
2 16 545 5452
2 17 842 8417
2 18 302 3017
2 19 899 8986
2 20 491 4911
2 21 929 9289
2 22 601 6012
2 23 895 8949
2 24 724 7238
2 25 228 2280
2 26 734 7340
2 27 338 3379
2 28 356 3558
2 29 559 5587
2 30 584 5842
3 1 866 8660
3 2 621 6205
3 4 623 6230
3 5 844 8437
3 6 197 1971
3 7 462 4622
3 8 739 7393
3 9 376 3756
3 10 635 6346
3 11 810 8095
3 12 729 7290
3 13 648 6482
3 14 678 6780
3 15 1094 10939
3 16 880 8804
3 17 591 5911
3 18 551 5506
3 19 575 5747
3 20 133 1335
3 21 1034 10343
3 22 871 8709
3 23 1075 10752
3 24 285 2847
3 25 422 4221
3 26 868 8683
3 27 492 4918
3 28 590 5897
3 29 190 1898
3 30 275 2746
4 1 259 2589
4 2 530 5299
4 3 623 6230
4 5 608 6075
4 6 743 7431
4 7 277 2769
4 8 131 1310
4 9 454 4535
4 10 69 687
4 11 211 2106
4 12 165 1650
4 13 204 2038
4 14 142 1424
4 15 471 4711
4 16 304 3045
4 17 392 3917
4 18 229 2289
4 19 479 4794
4 20 524 5241
4 21 445 4447
4 22 263 2628
4 23 460 4599
4 24 486 4862
4 25 389 3887
4 26 256 2560
4 27 214 2142
4 28 176 1757
4 29 439 4392
4 30 374 3744
5 1 762 7622
5 2 1102 11016
5 3 844 8437
5 4 608 6075
5 6 814 8143
5 7 813 8132
5 8 689 6886
5 9 468 4682
5 10 540 5400
5 11 540 5400
5 12 488 4878
5 13 811 8106
5 14 747 7468
5 15 806 8056
5 16 844 8438
5 17 273 2731
5 18 810 8104
5 19 269 2693
5 20 840 8399
5 21 576 5764
5 22 762 7620
5 23 693 6927
5 24 560 5597
5 25 902 9018
5 26 589 5894
5 27 764 7642
5 28 773 7729
5 29 694 6944
5 30 611 6114
6 1 999 9986
6 2 816 8158
6 3 197 1971
6 4 743 7431
6 5 814 8143
6 7 634 6336
6 8 869 8693
6 9 374 3743
6 10 738 7384
6 11 904 9043
6 12 817 8174
6 13 807 8073
6 14 824 8236
6 15 1209 12091
6 16 1026 10256
6 17 600 6004
6 18 716 7163
6 19 553 5528
6 20 325 3250
6 21 1113 11129
6 22 1003 10031
6 23 1172 11716
6 24 291 2909
6 25 610 6097
6 26 968 9681
6 27 652 6522
6 28 746 7461
6 29 314 3143
6 30 369 3687
7 1 446 4463
7 2 290 2898
7 3 462 4622
7 4 277 2769
7 5 813 8132
7 6 634 6336
7 8 339 3385
7 9 489 4887
7 10 332 3324
7 11 485 4851
7 12 439 4395
7 13 194 1944
7 14 249 2486
7 15 694 6936
7 16 438 4378
7 17 552 5519
7 18 92 920
7 19 611 6107
7 20 334 3339
7 21 716 7165
7 22 452 4518
7 23 714 7141
7 24 468 4676
7 25 112 1121
7 26 522 5217
7 27 63 628
7 28 146 1464
7 29 329 3289
7 30 323 3231
8 1 129 1294
8 2 535 5355
8 3 739 7393
8 4 131 1310
8 5 689 6886
8 6 869 8693
8 7 339 3385
8 9 584 5839
8 10 170 1705
8 11 189 1886
8 12 203 2029
8 13 184 1835
8 14 101 1010
8 15 360 3603
8 16 176 1763
8 17 503 5029
8 18 261 2611
8 19 595 5955
8 20 631 6312
8 21 394 3942
8 22 134 1337
8 23 377 3766
8 24 617 6170
8 25 447 4471
8 26 198 1985
8 27 280 2801
8 28 198 1979
8 29 561 5607
8 30 502 5016
9 1 708 7084
9 2 762 7620
9 3 376 3756
9 4 454 4535
9 5 468 4682
9 6 374 3743
9 7 489 4887
9 8 584 5839
9 10 423 4232
9 11 565 5654
9 12 476 4761
9 13 593 5935
9 14 574 5743
9 15 883 8834
9 16 758 7579
9 17 227 2272
9 18 536 5356
9 19 199 1992
9 20 386 3856
9 21 754 7537
9 22 712 7116
9 23 826 8259
9 24 92 922
9 25 535 5355
9 26 632 6320
9 27 469 4692
9 28 534 5341
9 29 243 2434
9 30 182 1815
10 1 287 2870
10 2 595 5953
10 3 635 6346
10 4 69 687
10 5 540 5400
10 6 738 7384
10 7 332 3324
10 8 170 1705
10 9 423 4232
10 11 176 1762
10 12 109 1090
10 13 272 2724
10 14 207 2072
10 15 471 4711
10 16 346 3463
10 17 334 3338
10 18 294 2936
10 19 425 4253
10 20 547 5466
10 21 408 4083
10 22 290 2899
10 23 441 4406
10 24 468 4676
10 25 442 4424
10 26 234 2337
10 27 271 2708
10 28 243 2433
10 29 446 4462
10 30 372 3720
11 1 224 2239
11 2 716 7162
11 3 810 8095
11 4 211 2106
11 5 540 5400
11 6 904 9043
11 7 485 4851
11 8 189 1886
11 9 565 5654
11 10 176 1762
11 12 89 892
11 13 366 3659
11 14 283 2832
11 15 320 3198
11 16 309 3087
11 17 416 4158
11 18 425 4251
11 19 513 5131
11 20 723 7228
11 21 235 2346
11 22 223 2233
11 23 268 2677
11 24 624 6236
11 25 597 5972
11 26 67 669
11 27 422 4224
11 28 364 3642
11 29 620 6204
11 30 543 5427
12 1 281 2807
12 2 693 6933
12 3 729 7290
12 4 165 1650
12 5 488 4878
12 6 817 8174
12 7 439 4395
12 8 203 2029
12 9 476 4761
12 10 109 1090
12 11 89 892
12 13 354 3545
12 14 277 2774
12 15 408 4084
12 16 358 3581
12 17 334 3337
12 18 393 3934
12 19 431 4309
12 20 649 6486
12 21 306 3060
12 22 282 2816
12 23 354 3544
12 24 535 5351
12 25 550 5503
12 26 156 1560
12 27 377 3772
12 28 338 3376
12 29 539 5393
12 30 459 4590
13 1 263 2634
13 2 352 3521
13 3 648 6482
13 4 204 2038
13 5 811 8106
13 6 807 8073
13 7 194 1944
13 8 184 1835
13 9 593 5935
13 10 272 2724
13 11 366 3659
13 12 354 3545
13 14 83 832
13 15 513 5126
13 16 244 2441
13 17 582 5825
13 18 103 1026
13 19 663 6625
13 20 524 5243
13 21 578 5776
13 22 269 2690
13 23 552 5519
13 24 599 5989
13 25 287 2875
13 26 382 3820
13 27 157 1565
13 28 62 621
13 29 494 4937
13 30 461 4612
14 1 198 1979
14 2 435 4352
14 3 678 6780
14 4 142 1424
14 5 747 7468
14 6 824 8236
14 7 249 2486
14 8 101 1010
14 9 574 5743
14 10 207 2072
14 11 283 2832
14 12 277 2774
14 13 83 832
14 15 445 4452
14 16 203 2029
14 17 533 5334
14 18 164 1645
14 19 619 6194
14 20 561 5615
14 21 495 4951
14 22 203 2034
14 23 474 4743
14 24 593 5925
14 25 353 3530
14 26 299 2991
14 27 196 1958
14 28 103 1028
14 29 510 5098
14 30 464 4636
15 1 249 2493
15 2 836 8358
15 3 1094 10939
15 4 471 4711
15 5 806 8056
15 6 1209 12091
15 7 694 6936
15 8 360 3603
15 9 883 8834
15 10 471 4711
15 11 320 3198
15 12 408 4084
15 13 513 5126
15 14 445 4452
15 16 291 2913
15 17 731 7312
15 18 608 6085
15 19 828 8280
15 20 990 9904
15 21 250 2502
15 22 244 2437
15 23 132 1316
15 24 937 9367
15 25 797 7974
15 26 253 2530
15 27 638 6381
15 28 548 5479
15 29 910 9100
15 30 841 8414
16 1 87 870
16 2 545 5452
16 3 880 8804
16 4 304 3045
16 5 844 8438
16 6 1026 10256
16 7 438 4378
16 8 176 1763
16 9 758 7579
16 10 346 3463
16 11 309 3087
16 12 358 3581
16 13 244 2441
16 14 203 2029
16 15 291 2913
16 17 676 6763
16 18 346 3465
16 19 770 7701
16 20 762 7619
16 21 436 4363
16 22 89 893
16 23 368 3681
16 24 786 7859
16 25 530 5302
16 26 279 2785
16 27 393 3928
16 28 294 2945
16 29 712 7123
16 30 663 6627
17 1 608 6076
17 2 842 8417
17 3 591 5911
17 4 392 3917
17 5 273 2731
17 6 600 6004
17 7 552 5519
17 8 503 5029
17 9 227 2272
17 10 334 3338
17 11 416 4158
17 12 334 3337
17 13 582 5825
17 14 533 5334
17 15 731 7312
17 16 676 6763
17 18 562 5624
17 19 97 974
17 20 572 5723
17 21 561 5611
17 22 609 6093
17 23 651 6508
17 24 317 3172
17 25 634 6338
17 26 481 4807
17 27 509 5087
17 28 535 5351
17 29 428 4277
17 30 342 3418
18 1 360 3597
18 2 302 3017
18 3 551 5506
18 4 229 2289
18 5 810 8104
18 6 716 7163
18 7 92 920
18 8 261 2611
18 9 536 5356
18 10 294 2936
18 11 425 4251
18 12 393 3934
18 13 103 1026
18 14 164 1645
18 15 608 6085
18 16 346 3465
18 17 562 5624
18 19 632 6323
18 20 424 4244
18 21 650 6501
18 22 365 3653
18 23 637 6375
18 24 528 5280
18 25 189 1889
18 26 453 4535
18 27 68 681
18 28 63 632
18 29 406 4058
18 30 385 3854
19 1 703 7032
19 2 899 8986
19 3 575 5747
19 4 479 4794
19 5 269 2693
19 6 553 5528
19 7 611 6107
19 8 595 5955
19 9 199 1992
19 10 425 4253
19 11 513 5131
19 12 431 4309
19 13 663 6625
19 14 619 6194
19 15 828 8280
19 16 770 7701
19 17 97 974
19 18 632 6323
19 20 578 5783
19 21 652 6517
19 22 705 7051
19 23 745 7451
19 24 290 2904
19 25 682 6817
19 26 578 5780
19 27 574 5739
19 28 612 6115
19 29 433 4331
19 30 356 3559
20 1 755 7546
20 2 491 4911
20 3 133 1335
20 4 524 5241
20 5 840 8399
20 6 325 3250
20 7 334 3339
20 8 631 6312
20 9 386 3856
20 10 547 5466
20 11 723 7228
20 12 649 6486
20 13 524 5243
20 14 561 5615
20 15 990 9904
20 16 762 7619
20 17 572 5723
20 18 424 4244
20 19 578 5783
20 21 954 9540
20 22 760 7598
20 23 983 9831
20 24 308 3077
20 25 289 2886
20 26 777 7771
20 27 370 3695
20 28 468 4681
20 29 146 1456
20 30 231 2308
21 1 356 3559
21 2 929 9289
21 3 1034 10343
21 4 445 4447
21 5 576 5764
21 6 1113 11129
21 7 716 7165
21 8 394 3942
21 9 754 7537
21 10 408 4083
21 11 235 2346
21 12 306 3060
21 13 578 5776
21 14 495 4951
21 15 250 2502
21 16 436 4363
21 17 561 5611
21 18 650 6501
21 19 652 6517
21 20 954 9540
21 22 352 3518
21 23 122 1218
21 24 824 8245
21 25 828 8284
21 26 197 1968
21 27 654 6541
21 28 587 5874
21 29 845 8445
21 30 762 7624
22 1 6 56
22 2 601 6012
22 3 871 8709
22 4 263 2628
22 5 762 7620
22 6 1003 10031
22 7 452 4518
22 8 134 1337
22 9 712 7116
22 10 290 2899
22 11 223 2233
22 12 282 2816
22 13 269 2690
22 14 203 2034
22 15 244 2437
22 16 89 893
22 17 609 6093
22 18 365 3653
22 19 705 7051
22 20 760 7598
22 21 352 3518
22 23 295 2954
22 24 749 7487
22 25 554 5540
22 26 189 1894
22 27 399 3986
22 28 306 3056
22 29 694 6940
22 30 635 6353
23 1 301 3005
23 2 895 8949
23 3 1075 10752
23 4 460 4599
23 5 693 6927
23 6 1172 11716
23 7 714 7141
23 8 377 3766
23 9 826 8259
23 10 441 4406
23 11 268 2677
23 12 354 3544
23 13 552 5519
23 14 474 4743
23 15 132 1316
23 16 368 3681
23 17 651 6508
23 18 637 6375
23 19 745 7451
23 20 983 9831
23 21 122 1218
23 22 295 2954
23 24 889 8889
23 25 824 8236
23 26 207 2070
23 27 654 6540
23 28 574 5744
23 29 887 8868
23 30 810 8103
24 1 745 7449
24 2 724 7238
24 3 285 2847
24 4 486 4862
24 5 560 5597
24 6 291 2909
24 7 468 4676
24 8 617 6170
24 9 92 922
24 10 468 4676
24 11 624 6236
24 12 535 5351
24 13 599 5989
24 14 593 5925
24 15 937 9367
24 16 786 7859
24 17 317 3172
24 18 528 5280
24 19 290 2904
24 20 308 3077
24 21 824 8245
24 22 749 7487
24 23 889 8889
24 25 496 4959
24 26 689 6892
24 27 460 4599
24 28 537 5373
24 29 175 1752
24 30 144 1445
25 1 548 5484
25 2 228 2280
25 3 422 4221
25 4 389 3887
25 5 902 9018
25 6 610 6097
25 7 112 1121
25 8 447 4471
25 9 535 5355
25 10 442 4424
25 11 597 5972
25 12 550 5503
25 13 287 2875
25 14 353 3530
25 15 797 7974
25 16 530 5302
25 17 634 6338
25 18 189 1889
25 19 682 6817
25 20 289 2886
25 21 828 8284
25 22 554 5540
25 23 824 8236
25 24 496 4959
25 26 633 6332
25 27 175 1749
25 28 250 2505
25 29 333 3330
25 30 357 3566
26 1 192 1916
26 2 734 7340
26 3 868 8683
26 4 256 2560
26 5 589 5894
26 6 968 9681
26 7 522 5217
26 8 198 1985
26 9 632 6320
26 10 234 2337
26 11 67 669
26 12 156 1560
26 13 382 3820
26 14 299 2991
26 15 253 2530
26 16 279 2785
26 17 481 4807
26 18 453 4535
26 19 578 5780
26 20 777 7771
26 21 197 1968
26 22 189 1894
26 23 207 2070
26 24 689 6892
26 25 633 6332
26 27 460 4597
26 28 391 3907
26 29 680 6800
26 30 604 6045
27 1 393 3932
27 2 338 3379
27 3 492 4918
27 4 214 2142
27 5 764 7642
27 6 652 6522
27 7 63 628
27 8 280 2801
27 9 469 4692
27 10 271 2708
27 11 422 4224
27 12 377 3772
27 13 157 1565
27 14 196 1958
27 15 638 6381
27 16 393 3928
27 17 509 5087
27 18 68 681
27 19 574 5739
27 20 370 3695
27 21 654 6541
27 22 399 3986
27 23 654 6540
27 24 460 4599
27 25 175 1749
27 26 460 4597
27 28 99 986
27 29 340 3400
27 30 317 3173
28 1 300 3000
28 2 356 3558
28 3 590 5897
28 4 176 1757
28 5 773 7729
28 6 746 7461
28 7 146 1464
28 8 198 1979
28 9 534 5341
28 10 243 2433
28 11 364 3642
28 12 338 3376
28 13 62 621
28 14 103 1028
28 15 548 5479
28 16 294 2945
28 17 535 5351
28 18 63 632
28 19 612 6115
28 20 468 4681
28 21 587 5874
28 22 306 3056
28 23 574 5744
28 24 537 5373
28 25 250 2505
28 26 391 3907
28 27 99 986
28 29 432 4323
28 30 399 3992
29 1 689 6893
29 2 559 5587
29 3 190 1898
29 4 439 4392
29 5 694 6944
29 6 314 3143
29 7 329 3289
29 8 561 5607
29 9 243 2434
29 10 446 4462
29 11 620 6204
29 12 539 5393
29 13 494 4937
29 14 510 5098
29 15 910 9100
29 16 712 7123
29 17 428 4277
29 18 406 4058
29 19 433 4331
29 20 146 1456
29 21 845 8445
29 22 694 6940
29 23 887 8868
29 24 175 1752
29 25 333 3330
29 26 680 6800
29 27 340 3400
29 28 432 4323
29 30 89 894
30 1 631 6310
30 2 584 5842
30 3 275 2746
30 4 374 3744
30 5 611 6114
30 6 369 3687
30 7 323 3231
30 8 502 5016
30 9 182 1815
30 10 372 3720
30 11 543 5427
30 12 459 4590
30 13 461 4612
30 14 464 4636
30 15 841 8414
30 16 663 6627
30 17 342 3418
30 18 385 3854
30 19 356 3559
30 20 231 2308
30 21 762 7624
30 22 635 6353
30 23 810 8103
30 24 144 1445
30 25 357 3566
30 26 604 6045
30 27 317 3173
30 28 399 3992
30 29 89 894
