40
71
432
39
34
35
20
2
22
9
6
11
37
7
4
39
17
24
25
38
19
29
26
32
16
40
21
36
12
13
30
33
1
8
14
18
15
23
5
3
28
27
31
9
3
35
13
17
10
4
18
23
34
1 2 209 2085
1 3 619 6191
1 4 500 4999
1 5 1132 11322
1 6 381 3811
1 7 995 9951
1 8 3 30
1 9 873 8728
1 10 994 9938
1 11 629 6293
1 12 300 2997
1 13 642 6420
1 14 709 7089
1 15 754 7539
1 16 302 3016
1 17 555 5552
1 18 855 8548
1 19 1011 10112
1 20 623 6228
1 21 743 7433
1 22 485 4855
1 23 634 6340
1 24 747 7472
1 25 1076 10758
1 26 441 4412
1 27 656 6559
1 28 1068 10677
1 29 933 9327
1 30 757 7574
1 31 947 9468
1 32 451 4512
1 33 760 7595
1 34 837 8369
1 35 765 7654
1 36 555 5549
1 37 498 4976
1 38 158 1585
1 39 984 9843
1 40 1132 11316
2 1 209 2085
2 3 493 4925
2 4 312 3123
2 5 926 9259
2 6 318 3181
2 7 890 8897
2 8 211 2113
2 9 697 6969
2 10 832 8316
2 11 421 4210
2 12 188 1882
2 13 539 5391
2 14 530 5300
2 15 548 5476
2 16 346 3458
2 17 358 3575
2 18 730 7297
2 19 825 8254
2 20 429 4290
2 21 535 5348
2 22 290 2897
2 23 444 4437
2 24 539 5388
2 25 867 8674
2 26 293 2926
2 27 465 4654
2 28 859 8593
2 29 737 7368
2 30 556 5557
2 31 742 7423
2 32 418 4176
2 33 566 5657
2 34 639 6392
2 35 564 5637
2 36 503 5031
2 37 346 3456
2 38 67 668
2 39 886 8863
2 40 930 9303
3 1 619 6191
3 2 493 4925
3 4 264 2640
3 5 897 8972
3 6 787 7868
3 7 1250 12496
3 8 622 6218
3 9 911 9114
3 10 1070 10703
3 11 493 4926
3 12 654 6538
3 13 941 9406
3 14 228 2281
3 15 458 4583
3 16 838 8383
3 17 307 3072
3 18 1071 10711
3 19 975 9746
3 20 287 2874
3 21 536 5358
3 22 563 5629
3 23 267 2672
3 24 511 5113
3 25 788 7883
3 26 685 6847
3 27 274 2736
3 28 784 7840
3 29 845 8446
3 30 401 4010
3 31 561 5607
3 32 891 8911
3 33 730 7301
3 34 415 4148
3 35 406 4062
3 36 959 9586
3 37 714 7142
3 38 553 5529
3 39 1258 12584
3 40 961 9615
4 1 500 4999
4 2 312 3123
4 3 264 2640
4 5 728 7278
4 6 554 5541
4 7 986 9856
4 8 503 5029
4 9 660 6596
4 10 817 8171
4 11 250 2504
4 12 428 4279
4 13 681 6810
4 14 219 2188
4 15 289 2893
4 16 640 6404
4 17 73 734
4 18 807 8072
4 19 740 7400
4 20 125 1250
4 21 328 3278
4 22 300 2998
4 23 134 1341
4 24 314 3142
4 25 640 6399
4 26 431 4307
4 27 156 1560
4 28 633 6333
4 29 618 6180
4 30 270 2697
4 31 463 4631
4 32 658 6576
4 33 483 4826
4 34 340 3399
4 35 278 2776
4 36 713 7132
4 37 455 4548
4 38 379 3790
4 39 995 9946
4 40 768 7676
5 1 1132 11322
5 2 926 9259
5 3 897 8972
5 4 728 7278
5 6 927 9273
5 7 851 8511
5 8 1135 11348
5 9 445 4445
5 10 519 5191
5 11 510 5098
5 12 888 8879
5 13 808 8083
5 14 673 6728
5 15 447 4466
5 16 1097 10965
5 17 654 6544
5 18 723 7225
5 19 330 3298
5 20 629 6291
5 21 405 4045
5 22 654 6542
5 23 641 6412
5 24 414 4139
5 25 125 1250
5 26 762 7622
5 27 629 6291
5 28 125 1248
5 29 268 2677
5 30 496 4964
5 31 367 3669
5 32 984 9842
5 33 412 4117
5 34 498 4978
5 35 491 4911
5 36 953 9534
5 37 722 7220
5 38 975 9748
5 39 885 8846
5 40 118 1184
6 1 381 3811
6 2 318 3181
6 3 787 7868
6 4 554 5541
6 5 927 9273
6 7 615 6145
6 8 382 3818
6 9 565 5653
6 10 655 6548
6 11 513 5133
6 12 134 1341
6 13 264 2639
6 14 762 7620
6 15 677 6773
6 16 175 1753
6 17 564 5641
6 18 483 4826
6 19 719 7191
6 20 636 6362
6 21 616 6164
6 22 320 3204
6 23 659 6590
6 24 636 6364
6 25 910 9104
6 26 172 1715
6 27 677 6774
6 28 901 9013
6 29 680 6799
6 30 717 7166
6 31 868 8683
6 32 104 1044
6 33 516 5162
6 34 810 8097
6 35 723 7233
6 36 186 1861
6 37 205 2053
6 38 285 2854
6 39 603 6032
6 40 891 8911
7 1 995 9951
7 2 890 8897
7 3 1250 12496
7 4 986 9856
7 5 851 8511
7 6 615 6145
7 8 996 9960
7 9 432 4320
7 10 334 3340
7 11 788 7877
7 12 711 7115
7 13 355 3546
7 14 1123 11231
7 15 916 9165
7 16 746 7456
7 17 951 9507
7 18 180 1797
7 19 522 5217
7 20 998 9977
7 21 815 8153
7 22 689 6888
7 23 1024 10239
7 24 848 8479
7 25 917 9174
7 26 601 6011
7 27 1032 10321
7 28 910 9096
7 29 609 6090
7 30 986 9857
7 31 1033 10328
7 32 565 5647
7 33 584 5839
7 34 1064 10636
7 35 988 9882
7 36 461 4611
7 37 555 5547
7 38 880 8803
7 39 39 392
7 40 749 7492
8 1 3 30
8 2 211 2113
8 3 622 6218
8 4 503 5029
8 5 1135 11348
8 6 382 3818
8 7 996 9960
8 9 875 8748
8 10 996 9956
8 11 632 6321
8 12 301 3014
8 13 643 6430
8 14 712 7119
8 15 757 7568
8 16 301 3010
8 17 558 5581
8 18 856 8560
8 19 1013 10134
8 20 626 6258
8 21 746 7461
8 22 488 4879
8 23 637 6370
8 24 750 7500
8 25 1079 10786
8 26 443 4430
8 27 659 6589
8 28 1070 10705
8 29 935 9351
8 30 760 7603
8 31 950 9497
8 32 451 4514
8 33 762 7619
8 34 840 8398
8 35 768 7684
8 36 555 5552
8 37 499 4994
8 38 161 1610
8 39 985 9850
8 40 1134 11341
9 1 873 8728
9 2 697 6969
9 3 911 9114
9 4 660 6596
9 5 445 4445
9 6 565 5653
9 7 432 4320
9 8 875 8748
9 10 159 1591
9 11 419 4192
9 12 580 5798
9 13 381 3810
9 14 743 7432
9 15 511 5112
9 16 740 7403
9 17 605 6047
9 18 281 2815
9 19 156 1563
9 20 632 6316
9 21 409 4094
9 22 415 4155
9 23 656 6560
9 24 442 4417
9 25 492 4917
9 26 436 4355
9 27 659 6586
9 28 483 4835
9 29 182 1824
9 30 583 5834
9 31 604 6042
9 32 592 5921
9 33 183 1827
9 34 651 6509
9 35 584 5842
9 36 537 5374
9 37 381 3807
9 38 721 7206
9 39 460 4601
9 40 366 3656
10 1 994 9938
10 2 832 8316
10 3 1070 10703
10 4 817 8171
10 5 519 5191
10 6 655 6548
10 7 334 3340
10 8 996 9956
10 9 159 1591
10 11 578 5782
10 12 695 6949
10 13 424 4238
10 14 901 9011
10 15 666 6658
10 16 824 8244
10 17 763 7634
10 18 242 2423
10 19 189 1894
10 20 791 7906
10 21 565 5648
10 22 561 5607
10 23 815 8150
10 24 597 5967
10 25 594 5944
10 26 553 5527
10 27 817 8172
10 28 587 5873
10 29 296 2962
10 30 738 7382
10 31 742 7419
10 32 658 6584
10 33 342 3416
10 34 801 8014
10 35 739 7386
10 36 583 5828
10 37 496 4963
10 38 848 8478
10 39 369 3693
10 40 415 4153
11 1 629 6293
11 2 421 4210
11 3 493 4926
11 4 250 2504
11 5 510 5098
11 6 513 5133
11 7 788 7877
11 8 632 6321
11 9 419 4192
11 10 578 5782
11 12 427 4272
11 13 537 5372
11 14 336 3356
11 15 165 1655
11 16 655 6552
11 17 188 1876
11 18 609 6086
11 19 490 4899
11 20 214 2144
11 21 115 1150
11 22 193 1930
11 23 240 2398
11 24 126 1262
11 25 446 4465
11 26 346 3462
11 27 246 2456
11 28 438 4383
11 29 368 3683
11 30 217 2168
11 31 356 3555
11 32 602 6020
11 33 238 2375
11 34 308 3083
11 35 222 2219
11 36 621 6210
11 37 337 3374
11 38 475 4755
11 39 803 8033
11 40 531 5308
12 1 300 2997
12 2 188 1882
12 3 654 6538
12 4 428 4279
12 5 888 8879
12 6 134 1341
12 7 711 7115
12 8 301 3014
12 9 580 5798
12 10 695 6949
12 11 427 4272
12 13 357 3575
12 14 641 6410
12 15 584 5845
12 16 229 2291
12 17 446 4459
12 18 561 5605
12 19 724 7245
12 20 519 5195
12 21 538 5385
12 22 240 2405
12 23 541 5406
12 24 553 5534
12 25 854 8539
12 26 144 1443
12 27 560 5602
12 28 845 8451
12 29 661 6612
12 30 615 6147
12 31 780 7805
12 32 238 2377
12 33 489 4886
12 34 706 7065
12 35 622 6219
12 36 316 3160
12 37 200 1999
12 38 169 1688
12 39 705 7054
12 40 869 8685
13 1 642 6420
13 2 539 5391
13 3 941 9406
13 4 681 6810
13 5 808 8083
13 6 264 2639
13 7 355 3546
13 8 643 6430
13 9 381 3810
13 10 424 4238
13 11 537 5372
13 12 357 3575
13 14 854 8539
13 15 695 6948
13 16 415 4148
13 17 663 6625
13 18 221 2211
13 19 535 5350
13 20 723 7228
13 21 606 6062
13 22 384 3841
13 23 749 7488
13 24 635 6351
13 25 827 8266
13 26 261 2606
13 27 762 7620
13 28 818 8175
13 29 541 5414
13 30 754 7535
13 31 858 8577
13 32 239 2387
13 33 419 4189
13 34 843 8432
13 35 758 7582
13 36 160 1599
13 37 226 2265
13 38 526 5262
13 39 348 3480
13 40 743 7432
14 1 709 7089
14 2 530 5300
14 3 228 2281
14 4 219 2188
14 5 673 6728
14 6 762 7620
14 7 1123 11231
14 8 712 7119
14 9 743 7432
14 10 901 9011
14 11 336 3356
14 12 641 6410
14 13 854 8539
14 15 248 2477
14 16 858 8581
14 17 199 1985
14 18 944 9438
14 19 782 7822
14 20 131 1312
14 21 340 3403
14 22 473 4729
14 23 106 1057
14 24 311 3108
14 25 561 5612
14 26 622 6221
14 27 92 922
14 28 557 5573
14 29 648 6479
14 30 181 1813
14 31 333 3330
14 32 864 8636
14 33 561 5612
14 34 187 1872
14 35 185 1850
14 36 909 9089
14 37 634 6344
14 38 597 5968
14 39 1138 11380
14 40 744 7436
15 1 754 7539
15 2 548 5476
15 3 458 4583
15 4 289 2893
15 5 447 4466
15 6 677 6773
15 7 916 9165
15 8 757 7568
15 9 511 5112
15 10 666 6658
15 11 165 1655
15 12 584 5845
15 13 695 6948
15 14 248 2477
15 16 814 8135
15 17 217 2169
15 18 741 7409
15 19 536 5361
15 20 182 1825
15 21 102 1023
15 22 357 3570
15 23 195 1953
15 24 70 696
15 25 351 3514
15 26 511 5115
15 27 185 1852
15 28 345 3452
15 29 401 4012
15 30 72 724
15 31 197 1974
15 32 767 7673
15 33 335 3353
15 34 150 1497
15 35 73 730
15 36 786 7856
15 37 502 5023
15 38 609 6087
15 39 936 9361
15 40 503 5034
16 1 302 3016
16 2 346 3458
16 3 838 8383
16 4 640 6404
16 5 1097 10965
16 6 175 1753
16 7 746 7456
16 8 301 3010
16 9 740 7403
16 10 824 8244
16 11 655 6552
16 12 229 2291
16 13 415 4148
16 14 858 8581
16 15 814 8135
16 17 668 6677
16 18 636 6356
16 19 894 8944
16 20 742 7418
16 21 765 7650
16 22 465 4652
16 23 761 7614
16 24 781 7811
16 25 1073 10727
16 26 334 3344
16 27 782 7818
16 28 1064 10637
16 29 853 8535
16 30 843 8431
16 31 1009 10093
16 32 181 1812
16 33 687 6872
16 34 934 9344
16 35 850 8504
16 36 285 2849
16 37 376 3765
16 38 287 2868
16 39 728 7277
16 40 1064 10644
17 1 555 5552
17 2 358 3575
17 3 307 3072
17 4 73 734
17 5 654 6544
17 6 564 5641
17 7 951 9507
17 8 558 5581
17 9 605 6047
17 10 763 7634
17 11 188 1876
17 12 446 4459
17 13 663 6625
17 14 199 1985
17 15 217 2169
17 16 668 6677
17 18 771 7712
17 19 676 6764
17 20 74 741
17 21 256 2556
17 22 279 2787
17 23 95 950
17 24 241 2410
17 25 567 5668
17 26 424 4243
17 27 114 1144
17 28 560 5602
17 29 551 5514
17 30 204 2038
17 31 396 3965
17 32 665 6653
17 33 424 4244
17 34 282 2821
17 35 212 2118
17 36 711 7109
17 37 440 4396
17 38 423 4231
17 39 962 9622
17 40 696 6957
18 1 855 8548
18 2 730 7297
18 3 1071 10711
18 4 807 8072
18 5 723 7225
18 6 483 4826
18 7 180 1797
18 8 856 8560
18 9 281 2815
18 10 242 2423
18 11 609 6086
18 12 561 5605
18 13 221 2211
18 14 944 9438
18 15 741 7409
18 16 636 6356
18 17 771 7712
18 19 405 4046
18 20 818 8181
18 21 641 6406
18 22 512 5121
18 23 844 8443
18 24 673 6730
18 25 773 7730
18 26 437 4374
18 27 853 8527
18 28 765 7647
18 29 464 4639
18 30 809 8092
18 31 867 8666
18 32 457 4574
18 33 412 4121
18 34 889 8891
18 35 812 8119
18 36 366 3662
18 37 387 3870
18 38 728 7276
18 39 195 1954
18 40 633 6330
19 1 1011 10112
19 2 825 8254
19 3 975 9746
19 4 740 7400
19 5 330 3298
19 6 719 7191
19 7 522 5217
19 8 1013 10134
19 9 156 1563
19 10 189 1894
19 11 490 4899
19 12 724 7245
19 13 535 5350
19 14 782 7822
19 15 536 5361
19 16 894 8944
19 17 676 6764
19 18 405 4046
19 20 688 6875
19 21 443 4427
19 22 537 5366
19 23 709 7092
19 24 471 4714
19 25 408 4082
19 26 581 5813
19 27 707 7070
19 28 402 4015
19 29 135 1355
19 30 607 6072
19 31 577 5770
19 32 748 7484
19 33 266 2661
19 34 657 6566
19 35 606 6059
19 36 693 6926
19 37 528 5284
19 38 856 8557
19 39 556 5558
19 40 230 2297
20 1 623 6228
20 2 429 4290
20 3 287 2874
20 4 125 1250
20 5 629 6291
20 6 636 6362
20 7 998 9977
20 8 626 6258
20 9 632 6316
20 10 791 7906
20 11 214 2144
20 12 519 5195
20 13 723 7228
20 14 131 1312
20 15 182 1825
20 16 742 7418
20 17 74 741
20 18 818 8181
20 19 688 6875
20 21 249 2490
20 22 342 3418
20 23 26 263
20 24 226 2262
20 25 532 5318
20 26 492 4920
20 27 41 412
20 28 526 5261
20 29 557 5572
20 30 148 1480
20 31 340 3404
20 32 737 7366
20 33 449 4490
20 34 215 2150
20 35 156 1557
20 36 779 7789
20 37 503 5033
20 38 495 4950
20 39 1011 10113
20 40 682 6820
21 1 743 7433
21 2 535 5348
21 3 536 5358
21 4 328 3278
21 5 405 4045
21 6 616 6164
21 7 815 8153
21 8 746 7461
21 9 409 4094
21 10 565 5648
21 11 115 1150
21 12 538 5385
21 13 606 6062
21 14 340 3403
21 15 102 1023
21 16 765 7650
21 17 256 2556
21 18 641 6406
21 19 443 4427
21 20 249 2490
21 22 300 2999
21 23 269 2687
21 24 33 328
21 25 333 3330
21 26 446 4460
21 27 265 2648
21 28 325 3251
21 29 310 3099
21 30 174 1741
21 31 256 2559
21 32 700 6997
21 33 233 2331
21 34 249 2486
21 35 175 1752
21 36 708 7078
21 37 428 4281
21 38 590 5902
21 39 836 8356
21 40 440 4401
22 1 485 4855
22 2 290 2897
22 3 563 5629
22 4 300 2998
22 5 654 6542
22 6 320 3204
22 7 689 6888
22 8 488 4879
22 9 415 4155
22 10 561 5607
22 11 193 1930
22 12 240 2405
22 13 384 3841
22 14 473 4729
22 15 357 3570
22 16 465 4652
22 17 279 2787
22 18 512 5121
22 19 537 5366
22 20 342 3418
22 21 300 2999
22 23 367 3672
22 24 317 3174
22 25 614 6142
22 26 156 1564
22 27 382 3820
22 28 605 6054
22 29 448 4481
22 30 399 3994
22 31 548 5484
22 32 411 4113
22 33 276 2761
22 34 493 4927
22 35 406 4057
22 36 440 4403
22 37 162 1615
22 38 327 3271
22 39 696 6961
22 40 646 6465
23 1 634 6340
23 2 444 4437
23 3 267 2672
23 4 134 1341
23 5 641 6412
23 6 659 6590
23 7 1024 10239
23 8 637 6370
23 9 656 6560
23 10 815 8150
23 11 240 2398
23 12 541 5406
23 13 749 7488
23 14 106 1057
23 15 195 1953
23 16 761 7614
23 17 95 950
23 18 844 8443
23 19 709 7092
23 20 26 263
23 21 269 2687
23 22 367 3672
23 24 244 2443
23 25 541 5408
23 26 517 5166
23 27 22 219
23 28 535 5354
23 29 578 5780
23 30 152 1518
23 31 341 3406
23 32 760 7599
23 33 473 4734
23 34 209 2086
23 35 159 1590
23 36 804 8035
23 37 529 5288
23 38 510 5101
23 39 1038 10376
23 40 698 6977
24 1 747 7472
24 2 539 5388
24 3 511 5113
24 4 314 3142
24 5 414 4139
24 6 636 6364
24 7 848 8479
24 8 750 7500
24 9 442 4417
24 10 597 5967
24 11 126 1262
24 12 553 5534
24 13 635 6351
24 14 311 3108
24 15 70 696
24 16 781 7811
24 17 241 2410
24 18 673 6730
24 19 471 4714
24 20 226 2262
24 21 33 328
24 22 317 3174
24 23 244 2443
24 25 334 3336
24 26 467 4671
24 27 239 2387
24 28 326 3262
24 29 337 3375
24 30 142 1417
24 31 232 2324
24 32 722 7219
24 33 266 2658
24 34 216 2162
24 35 143 1426
24 36 733 7334
24 37 452 4520
24 38 596 5962
24 39 868 8681
24 40 457 4572
25 1 1076 10758
25 2 867 8674
25 3 788 7883
25 4 640 6399
25 5 125 1250
25 6 910 9104
25 7 917 9174
25 8 1079 10786
25 9 492 4917
25 10 594 5944
25 11 446 4465
25 12 854 8539
25 13 827 8266
25 14 561 5612
25 15 351 3514
25 16 1073 10727
25 17 567 5668
25 18 773 7730
25 19 408 4082
25 20 532 5318
25 21 333 3330
25 22 614 6142
25 23 541 5408
25 24 334 3336
25 26 740 7402
25 27 527 5265
25 28 9 92
25 29 310 3097
25 30 391 3911
25 31 244 2442
25 32 978 9782
25 33 410 4103
25 34 381 3807
25 35 385 3849
25 36 961 9608
25 37 707 7073
25 38 921 9215
25 39 948 9482
25 40 233 2334
26 1 441 4412
26 2 293 2926
26 3 685 6847
26 4 431 4307
26 5 762 7622
26 6 172 1715
26 7 601 6011
26 8 443 4430
26 9 436 4355
26 10 553 5527
26 11 346 3462
26 12 144 1443
26 13 261 2606
26 14 622 6221
26 15 511 5115
26 16 334 3344
26 17 424 4243
26 18 437 4374
26 19 581 5813
26 20 492 4920
26 21 446 4460
26 22 156 1564
26 23 517 5166
26 24 467 4671
26 25 740 7402
26 27 533 5329
26 28 731 7312
26 29 524 5243
26 30 556 5557
26 31 699 6994
26 32 256 2558
26 33 354 3545
26 34 649 6490
26 35 562 5620
26 36 287 2869
26 37 56 564
26 38 297 2974
26 39 601 6007
26 40 734 7340
27 1 656 6559
27 2 465 4654
27 3 274 2736
27 4 156 1560
27 5 629 6291
27 6 677 6774
27 7 1032 10321
27 8 659 6589
27 9 659 6586
27 10 817 8172
27 11 246 2456
27 12 560 5602
27 13 762 7620
27 14 92 922
27 15 185 1852
27 16 782 7818
27 17 114 1144
27 18 853 8527
27 19 707 7070
27 20 41 412
27 21 265 2648
27 22 382 3820
27 23 22 219
27 24 239 2387
27 25 527 5265
27 26 533 5329
27 28 521 5213
27 29 575 5747
27 30 136 1358
27 31 322 3217
27 32 778 7778
27 33 476 4760
27 34 188 1876
27 35 143 1426
27 36 820 8198
27 37 543 5434
27 38 532 5318
27 39 1047 10466
27 40 689 6886
28 1 1068 10677
28 2 859 8593
28 3 784 7840
28 4 633 6333
28 5 125 1248
28 6 901 9013
28 7 910 9096
28 8 1070 10705
28 9 483 4835
28 10 587 5873
28 11 438 4383
28 12 845 8451
28 13 818 8175
28 14 557 5573
28 15 345 3452
28 16 1064 10637
28 17 560 5602
28 18 765 7647
28 19 402 4015
28 20 526 5261
28 21 325 3251
28 22 605 6054
28 23 535 5354
28 24 326 3262
28 25 9 92
28 26 731 7312
28 27 521 5213
28 29 302 3017
28 30 386 3861
28 31 243 2428
28 32 969 9691
28 33 401 4012
28 34 378 3776
28 35 380 3800
28 36 952 9516
28 37 698 6982
28 38 913 9132
28 39 940 9403
28 40 231 2305
29 1 933 9327
29 2 737 7368
29 3 845 8446
29 4 618 6180
29 5 268 2677
29 6 680 6799
29 7 609 6090
29 8 935 9351
29 9 182 1824
29 10 296 2962
29 11 368 3683
29 12 661 6612
29 13 541 5414
29 14 648 6479
29 15 401 4012
29 16 853 8535
29 17 551 5514
29 18 464 4639
29 19 135 1355
29 20 557 5572
29 21 310 3099
29 22 448 4481
29 23 578 5780
29 24 337 3375
29 25 310 3097
29 26 524 5243
29 27 575 5747
29 28 302 3017
29 30 472 4720
29 31 448 4479
29 32 727 7270
29 33 174 1737
29 34 522 5215
29 35 471 4706
29 36 689 6892
29 37 477 4774
29 38 775 7747
29 39 639 6391
29 40 211 2112
30 1 757 7574
30 2 556 5557
30 3 401 4010
30 4 270 2697
30 5 496 4964
30 6 717 7166
30 7 986 9857
30 8 760 7603
30 9 583 5834
30 10 738 7382
30 11 217 2168
30 12 615 6147
30 13 754 7535
30 14 181 1813
30 15 72 724
30 16 843 8431
30 17 204 2038
30 18 809 8092
30 19 607 6072
30 20 148 1480
30 21 174 1741
30 22 399 3994
30 23 152 1518
30 24 142 1417
30 25 391 3911
30 26 556 5557
30 27 136 1358
30 28 386 3861
30 29 472 4720
30 31 193 1935
30 32 810 8105
30 33 406 4064
30 34 93 933
30 35 8 81
30 36 836 8360
30 37 552 5524
30 38 620 6197
30 39 1005 10046
30 40 563 5628
31 1 947 9468
31 2 742 7423
31 3 561 5607
31 4 463 4631
31 5 367 3669
31 6 868 8683
31 7 1033 10328
31 8 950 9497
31 9 604 6042
31 10 742 7419
31 11 356 3555
31 12 780 7805
31 13 858 8577
31 14 333 3330
31 15 197 1974
31 16 1009 10093
31 17 396 3965
31 18 867 8666
31 19 577 5770
31 20 340 3404
31 21 256 2559
31 22 548 5484
31 23 341 3406
31 24 232 2324
31 25 244 2442
31 26 699 6994
31 27 322 3217
31 28 243 2428
31 29 448 4479
31 30 193 1935
31 32 954 9543
31 33 457 4565
31 34 146 1459
31 35 185 1855
31 36 964 9637
31 37 684 6838
31 38 804 8045
31 39 1058 10577
31 40 462 4617
32 1 451 4512
32 2 418 4176
32 3 891 8911
32 4 658 6576
32 5 984 9842
32 6 104 1044
32 7 565 5647
32 8 451 4514
32 9 592 5921
32 10 658 6584
32 11 602 6020
32 12 238 2377
32 13 239 2387
32 14 864 8636
32 15 767 7673
32 16 181 1812
32 17 665 6653
32 18 457 4574
32 19 748 7484
32 20 737 7366
32 21 700 6997
32 22 411 4113
32 23 760 7599
32 24 722 7219
32 25 978 9782
32 26 256 2558
32 27 778 7778
32 28 969 9691
32 29 727 7270
32 30 810 8105
32 31 954 9543
32 33 573 5734
32 34 904 9038
32 35 817 8169
32 36 106 1058
32 37 274 2737
32 38 379 3785
32 39 548 5477
32 40 937 9372
33 1 760 7595
33 2 566 5657
33 3 730 7301
33 4 483 4826
33 5 412 4117
33 6 516 5162
33 7 584 5839
33 8 762 7619
33 9 183 1827
33 10 342 3416
33 11 238 2375
33 12 489 4886
33 13 419 4189
33 14 561 5612
33 15 335 3353
33 16 687 6872
33 17 424 4244
33 18 412 4121
33 19 266 2661
33 20 449 4490
33 21 233 2331
33 22 276 2761
33 23 473 4734
33 24 266 2658
33 25 410 4103
33 26 354 3545
33 27 476 4760
33 28 401 4012
33 29 174 1737
33 30 406 4064
33 31 457 4565
33 32 573 5734
33 34 480 4804
33 35 408 4080
33 36 551 5506
33 37 311 3111
33 38 602 6017
33 39 606 6057
33 40 380 3802
34 1 837 8369
34 2 639 6392
34 3 415 4148
34 4 340 3399
34 5 498 4978
34 6 810 8097
34 7 1064 10636
34 8 840 8398
34 9 651 6509
34 10 801 8014
34 11 308 3083
34 12 706 7065
34 13 843 8432
34 14 187 1872
34 15 150 1497
34 16 934 9344
34 17 282 2821
34 18 889 8891
34 19 657 6566
34 20 215 2150
34 21 249 2486
34 22 493 4927
34 23 209 2086
34 24 216 2162
34 25 381 3807
34 26 649 6490
34 27 188 1876
34 28 378 3776
34 29 522 5215
34 30 93 933
34 31 146 1459
34 32 904 9038
34 33 480 4804
34 35 87 870
34 36 929 9286
34 37 645 6449
34 38 704 7042
34 39 1084 10842
34 40 580 5802
35 1 765 7654
35 2 564 5637
35 3 406 4062
35 4 278 2776
35 5 491 4911
35 6 723 7233
35 7 988 9882
35 8 768 7684
35 9 584 5842
35 10 739 7386
35 11 222 2219
35 12 622 6219
35 13 758 7582
35 14 185 1850
35 15 73 730
35 16 850 8504
35 17 212 2118
35 18 812 8119
35 19 606 6059
35 20 156 1557
35 21 175 1752
35 22 406 4057
35 23 159 1590
35 24 143 1426
35 25 385 3849
35 26 562 5620
35 27 143 1426
35 28 380 3800
35 29 471 4706
35 30 8 81
35 31 185 1855
35 32 817 8169
35 33 408 4080
35 34 87 870
35 36 842 8417
35 37 558 5580
35 38 628 6276
35 39 1007 10073
35 40 559 5586
36 1 555 5549
36 2 503 5031
36 3 959 9586
36 4 713 7132
36 5 953 9534
36 6 186 1861
36 7 461 4611
36 8 555 5552
36 9 537 5374
36 10 583 5828
36 11 621 6210
36 12 316 3160
36 13 160 1599
36 14 909 9089
36 15 786 7856
36 16 285 2849
36 17 711 7109
36 18 366 3662
36 19 693 6926
36 20 779 7789
36 21 708 7078
36 22 440 4403
36 23 804 8035
36 24 733 7334
36 25 961 9608
36 26 287 2869
36 27 820 8198
36 28 952 9516
36 29 689 6892
36 30 836 8360
36 31 964 9637
36 32 106 1058
36 33 551 5506
36 34 929 9286
36 35 842 8417
36 37 284 2837
36 38 471 4713
36 39 443 4429
36 40 895 8953
37 1 498 4976
37 2 346 3456
37 3 714 7142
37 4 455 4548
37 5 722 7220
37 6 205 2053
37 7 555 5547
37 8 499 4994
37 9 381 3807
37 10 496 4963
37 11 337 3374
37 12 200 1999
37 13 226 2265
37 14 634 6344
37 15 502 5023
37 16 376 3765
37 17 440 4396
37 18 387 3870
37 19 528 5284
37 20 503 5033
37 21 428 4281
37 22 162 1615
37 23 529 5288
37 24 452 4520
37 25 707 7073
37 26 56 564
37 27 543 5434
37 28 698 6982
37 29 477 4774
37 30 552 5524
37 31 684 6838
37 32 274 2737
37 33 311 3111
37 34 645 6449
37 35 558 5580
37 36 284 2837
37 38 353 3532
37 39 557 5567
37 40 688 6881
38 1 158 1585
38 2 67 668
38 3 553 5529
38 4 379 3790
38 5 975 9748
38 6 285 2854
38 7 880 8803
38 8 161 1610
38 9 721 7206
38 10 848 8478
38 11 475 4755
38 12 169 1688
38 13 526 5262
38 14 597 5968
38 15 609 6087
38 16 287 2868
38 17 423 4231
38 18 728 7276
38 19 856 8557
38 20 495 4950
38 21 590 5902
38 22 327 3271
38 23 510 5101
38 24 596 5962
38 25 921 9215
38 26 297 2974
38 27 532 5318
38 28 913 9132
38 29 775 7747
38 30 620 6197
38 31 804 8045
38 32 379 3785
38 33 602 6017
38 34 704 7042
38 35 628 6276
38 36 471 4713
38 37 353 3532
38 39 874 8741
38 40 973 9731
39 1 984 9843
39 2 886 8863
39 3 1258 12584
39 4 995 9946
39 5 885 8846
39 6 603 6032
39 7 39 392
39 8 985 9850
39 9 460 4601
39 10 369 3693
39 11 803 8033
39 12 705 7054
39 13 348 3480
39 14 1138 11380
39 15 936 9361
39 16 728 7277
39 17 962 9622
39 18 195 1954
39 19 556 5558
39 20 1011 10113
39 21 836 8356
39 22 696 6961
39 23 1038 10376
39 24 868 8681
39 25 948 9482
39 26 601 6007
39 27 1047 10466
39 28 940 9403
39 29 639 6391
39 30 1005 10046
39 31 1058 10577
39 32 548 5477
39 33 606 6057
39 34 1084 10842
39 35 1007 10073
39 36 443 4429
39 37 557 5567
39 38 874 8741
39 40 784 7841
40 1 1132 11316
40 2 930 9303
40 3 961 9615
40 4 768 7676
40 5 118 1184
40 6 891 8911
40 7 749 7492
40 8 1134 11341
40 9 366 3656
40 10 415 4153
40 11 531 5308
40 12 869 8685
40 13 743 7432
40 14 744 7436
40 15 503 5034
40 16 1064 10644
40 17 696 6957
40 18 633 6330
40 19 230 2297
40 20 682 6820
40 21 440 4401
40 22 646 6465
40 23 698 6977
40 24 457 4572
40 25 233 2334
40 26 734 7340
40 27 689 6886
40 28 231 2305
40 29 211 2112
40 30 563 5628
40 31 462 4617
40 32 937 9372
40 33 380 3802
40 34 580 5802
40 35 559 5586
40 36 895 8953
40 37 688 6881
40 38 973 9731
40 39 784 7841
