30
286
799
5
15
2
27
29
16
11
14
2
23
4
15
26
5
28
3
27
25
1 2 430 4300
1 3 167 1668
1 4 566 5657
1 5 480 4801
1 6 982 9819
1 7 501 5007
1 8 624 6237
1 9 122 1222
1 10 683 6833
1 11 851 8510
1 12 42 420
1 13 457 4571
1 14 345 3451
1 15 857 8574
1 16 589 5891
1 17 835 8349
1 18 485 4853
1 19 694 6939
1 20 800 8002
1 21 468 4676
1 22 409 4091
1 23 800 7997
1 24 537 5372
1 25 804 8038
1 26 893 8929
1 27 702 7020
1 28 418 4180
1 29 239 2386
1 30 239 2389
2 1 430 4300
2 3 337 3368
2 4 777 7766
2 5 284 2842
2 6 843 8427
2 7 153 1534
2 8 210 2104
2 9 545 5450
2 10 273 2726
2 11 583 5831
2 12 450 4505
2 13 379 3793
2 14 348 3484
2 15 802 8024
2 16 860 8597
2 17 903 9034
2 18 85 849
2 19 272 2724
2 20 476 4764
2 21 731 7313
2 22 501 5008
2 23 591 5914
2 24 513 5135
2 25 1021 10213
2 26 767 7673
2 27 799 7990
2 28 320 3199
2 29 665 6654
2 30 215 2149
3 1 167 1668
3 2 337 3368
3 4 491 4907
3 5 317 3174
3 6 820 8198
3 7 365 3646
3 8 546 5462
3 9 283 2829
3 10 556 5562
3 11 686 6858
3 12 207 2074
3 13 291 2910
3 14 180 1799
3 15 705 7052
3 16 549 5486
3 17 712 7120
3 18 369 3688
3 19 574 5743
3 20 642 6421
3 21 419 4187
3 22 271 2713
3 23 633 6329
3 24 381 3805
3 25 739 7394
3 26 731 7313
3 27 584 5843
3 28 251 2513
3 29 388 3875
3 30 223 2232
4 1 566 5657
4 2 777 7766
4 3 491 4907
4 5 572 5724
4 6 686 6863
4 7 721 7205
4 8 979 9792
4 9 600 6003
4 10 895 8947
4 11 776 7761
4 12 599 5992
4 13 452 4520
4 14 431 4314
4 15 497 4974
4 16 128 1277
4 17 336 3364
4 18 768 7679
4 19 930 9296
4 20 825 8252
4 21 119 1185
4 22 283 2832
4 23 667 6666
4 24 366 3659
4 25 249 2491
4 26 610 6099
4 27 217 2167
4 28 489 4894
4 29 613 6135
4 30 714 7138
5 1 480 4801
5 2 284 2842
5 3 317 3174
5 4 572 5724
5 6 571 5707
5 7 163 1632
5 8 442 4424
5 9 599 5995
5 10 322 3224
5 11 373 3725
5 12 518 5178
5 13 122 1217
5 14 177 1769
5 15 518 5182
5 16 680 6800
5 17 633 6327
5 18 232 2318
5 19 358 3580
5 20 327 3272
5 21 565 5650
5 22 293 2927
5 23 339 3391
5 24 245 2449
5 25 799 7989
5 26 490 4904
5 27 542 5420
5 28 91 906
5 29 704 7043
5 30 389 3889
6 1 982 9819
6 2 843 8427
6 3 820 8198
6 4 686 6863
6 5 571 5707
6 7 694 6943
6 8 943 9434
6 9 1083 10826
6 10 731 7308
6 11 339 3395
6 12 1024 10238
6 13 533 5334
6 14 640 6404
6 15 194 1942
6 16 809 8092
6 17 434 4339
6 18 771 7712
6 19 774 7744
6 20 481 4806
6 21 773 7727
6 22 595 5949
6 23 264 2636
6 24 448 4480
6 25 761 7606
6 26 89 894
6 27 485 4848
6 28 586 5863
6 29 1157 11574
6 30 954 9542
7 1 501 5007
7 2 153 1534
7 3 365 3646
7 4 721 7205
7 5 163 1632
7 6 694 6943
7 8 280 2795
7 9 622 6225
7 10 193 1934
7 11 430 4305
7 12 531 5306
7 13 280 2804
7 14 295 2955
7 15 669 6687
7 16 820 8200
7 17 796 7956
7 18 77 770
7 19 218 2179
7 20 331 3309
7 21 698 6981
7 22 437 4373
7 23 439 4395
7 24 408 4080
7 25 954 9545
7 26 622 6220
7 27 704 7045
7 28 232 2323
7 29 739 7386
7 30 333 3327
8 1 624 6237
8 2 210 2104
8 3 546 5462
8 4 979 9792
8 5 442 4424
8 6 943 9434
8 7 280 2795
8 9 731 7308
8 10 232 2315
8 11 635 6353
8 12 638 6377
8 13 556 5564
8 14 548 5479
8 15 941 9409
8 16 1067 10671
8 17 1075 10751
8 18 215 2148
8 19 198 1978
8 20 500 5005
8 21 940 9396
8 22 699 6988
8 23 680 6803
8 24 687 6866
8 25 1221 12206
8 26 880 8798
8 27 982 9817
8 28 503 5028
8 29 851 8511
8 30 389 3891
9 1 122 1222
9 2 545 5450
9 3 283 2829
9 4 600 6003
9 5 599 5995
9 6 1083 10826
9 7 622 6225
9 8 731 7308
9 10 803 8034
9 11 969 9687
9 12 95 945
9 13 568 5676
9 14 455 4552
9 15 947 9466
9 16 598 5977
9 17 898 8978
9 18 605 6046
9 19 812 8125
9 20 922 9216
9 21 490 4898
9 22 495 4952
9 23 913 9126
9 24 635 6348
9 25 822 8221
9 26 993 9933
9 27 763 7634
9 28 533 5332
9 29 121 1206
9 30 342 3418
10 1 683 6833
10 2 273 2726
10 3 556 5562
10 4 895 8947
10 5 322 3224
10 6 731 7308
10 7 193 1934
10 8 232 2315
10 9 803 8034
10 11 409 4091
10 12 710 7097
10 13 443 4434
10 14 482 4819
10 15 755 7552
10 16 1001 10009
10 17 923 9229
10 18 200 1996
10 19 44 442
10 20 270 2705
10 21 883 8827
10 22 614 6141
10 23 468 4681
10 24 554 5542
10 25 1119 11187
10 26 676 6756
10 27 850 8496
10 28 408 4078
10 29 922 9219
10 30 486 4864
11 1 851 8510
11 2 583 5831
11 3 686 6858
11 4 776 7761
11 5 373 3725
11 6 339 3395
11 7 430 4305
11 8 635 6353
11 9 969 9687
11 10 409 4091
11 12 889 8895
11 13 413 4135
11 14 521 5207
11 15 428 4285
11 16 903 9025
11 17 656 6560
11 18 501 5008
11 19 451 4506
11 20 144 1437
11 21 820 8197
11 22 562 5624
11 23 118 1181
11 24 422 4216
11 25 937 9371
11 26 309 3089
11 27 638 6379
11 28 437 4366
11 29 1068 10684
11 30 747 7467
12 1 42 420
12 2 450 4505
12 3 207 2074
12 4 599 5992
12 5 518 5178
12 6 1024 10238
12 7 531 5306
12 8 638 6377
12 9 95 945
12 10 710 7097
12 11 889 8895
12 13 498 4982
12 14 386 3864
12 15 899 8992
12 16 616 6165
12 17 874 8741
12 18 511 5106
12 19 718 7182
12 20 836 8356
12 21 498 4978
12 22 451 4505
12 23 840 8400
12 24 579 5792
12 25 834 8342
12 26 935 9348
12 27 741 7408
12 28 458 4579
12 29 215 2150
12 30 249 2491
13 1 457 4571
13 2 379 3793
13 3 291 2910
13 4 452 4520
13 5 122 1217
13 6 533 5334
13 7 280 2804
13 8 556 5564
13 9 568 5676
13 10 443 4434
13 11 413 4135
13 12 498 4982
13 14 112 1125
13 15 443 4432
13 16 563 5626
13 17 524 5243
13 18 342 3421
13 19 480 4796
13 20 407 4073
13 21 452 4521
13 22 177 1770
13 23 345 3454
13 24 134 1342
13 25 677 6772
13 26 446 4464
13 27 425 4254
13 28 61 614
13 29 660 6598
13 30 430 4300
14 1 345 3451
14 2 348 3484
14 3 180 1799
14 4 431 4314
14 5 177 1769
14 6 640 6404
14 7 295 2955
14 8 548 5479
14 9 455 4552
14 10 482 4819
14 11 521 5207
14 12 386 3864
14 13 112 1125
14 15 534 5341
14 16 525 5252
14 17 576 5756
14 18 337 3368
14 19 512 5116
14 20 499 4989
14 21 403 4026
14 22 152 1524
14 23 458 4576
14 24 209 2090
14 25 674 6736
14 26 552 5522
14 27 460 4598
14 28 89 890
14 29 549 5488
14 30 345 3449
15 1 857 8574
15 2 802 8024
15 3 705 7052
15 4 497 4974
15 5 518 5182
15 6 194 1942
15 7 669 6687
15 8 941 9409
15 9 947 9466
15 10 755 7552
15 11 428 4285
15 12 899 8992
15 13 443 4432
15 14 534 5341
15 16 618 6180
15 17 247 2474
15 18 744 7440
15 19 799 7992
15 20 548 5477
15 21 591 5908
15 22 452 4515
15 23 316 3164
15 24 326 3256
15 25 569 5686
15 26 139 1392
15 27 291 2912
15 28 504 5035
15 29 1009 10089
15 30 873 8725
16 1 589 5891
16 2 860 8597
16 3 549 5486
16 4 128 1277
16 5 680 6800
16 6 809 8092
16 7 820 8200
16 8 1067 10671
16 9 598 5977
16 10 1001 10009
16 11 903 9025
16 12 616 6165
16 13 563 5626
16 14 525 5252
16 15 618 6180
16 17 432 4323
16 18 861 8606
16 19 1034 10337
16 20 947 9472
16 21 130 1301
16 22 387 3873
16 23 794 7938
16 24 488 4883
16 25 227 2274
16 26 735 7349
16 27 329 3295
16 28 593 5932
16 29 585 5854
16 30 769 7693
17 1 835 8349
17 2 903 9034
17 3 712 7120
17 4 336 3364
17 5 633 6327
17 6 434 4339
17 7 796 7956
17 8 1075 10751
17 9 898 8978
17 10 923 9229
17 11 656 6560
17 12 874 8741
17 13 524 5243
17 14 576 5756
17 15 247 2474
17 16 432 4323
17 18 864 8635
17 19 965 9651
17 20 757 7573
17 21 452 4517
17 22 442 4416
17 23 539 5385
17 24 391 3905
17 25 330 3299
17 26 386 3865
17 27 134 1344
17 28 584 5836
17 29 932 9321
17 30 916 9165
18 1 485 4853
18 2 85 849
18 3 369 3688
18 4 768 7679
18 5 232 2318
18 6 771 7712
18 7 77 770
18 8 215 2148
18 9 605 6046
18 10 200 1996
18 11 501 5008
18 12 511 5106
18 13 342 3421
18 14 337 3368
18 15 744 7440
18 16 861 8606
18 17 864 8635
18 19 209 2088
18 20 392 3916
18 21 735 7352
18 22 486 4859
18 23 515 5154
18 24 474 4737
18 25 1007 10072
18 26 699 6990
18 27 767 7674
18 28 288 2880
18 29 724 7236
18 30 289 2894
19 1 694 6939
19 2 272 2724
19 3 574 5743
19 4 930 9296
19 5 358 3580
19 6 774 7744
19 7 218 2179
19 8 198 1978
19 9 812 8125
19 10 44 442
19 11 451 4506
19 12 718 7182
19 13 480 4796
19 14 512 5116
19 15 799 7992
19 16 1034 10337
19 17 965 9651
19 18 209 2088
19 20 310 3103
19 21 914 9138
19 22 648 6478
19 23 512 5120
19 24 594 5937
19 25 1156 11563
19 26 720 7197
19 27 890 8899
19 28 441 4410
19 29 932 9319
19 30 487 4873
20 1 800 8002
20 2 476 4764
20 3 642 6421
20 4 825 8252
20 5 327 3272
20 6 481 4806
20 7 331 3309
20 8 500 5005
20 9 922 9216
20 10 270 2705
20 11 144 1437
20 12 836 8356
20 13 407 4073
20 14 499 4989
20 15 548 5477
20 16 947 9472
20 17 757 7573
20 18 392 3916
20 19 310 3103
20 21 850 8496
20 22 578 5778
20 23 233 2329
20 24 459 4593
20 25 1012 10123
20 26 441 4412
20 27 718 7181
20 28 410 4099
20 29 1030 10297
20 30 662 6619
21 1 468 4676
21 2 731 7313
21 3 419 4187
21 4 119 1185
21 5 565 5650
21 6 773 7727
21 7 698 6981
21 8 940 9396
21 9 490 4898
21 10 883 8827
21 11 820 8197
21 12 498 4978
21 13 452 4521
21 14 403 4026
21 15 591 5908
21 16 130 1301
21 17 452 4517
21 18 735 7352
21 19 914 9138
21 20 850 8496
21 22 275 2752
21 23 718 7177
21 24 398 3983
21 25 336 3364
21 26 691 6912
21 27 326 3258
21 28 476 4760
21 29 496 4963
21 30 640 6398
22 1 409 4091
22 2 501 5008
22 3 271 2713
22 4 283 2832
22 5 293 2927
22 6 595 5949
22 7 437 4373
22 8 699 6988
22 9 495 4952
22 10 614 6141
22 11 562 5624
22 12 451 4505
22 13 177 1770
22 14 152 1524
22 15 452 4515
22 16 387 3873
22 17 442 4416
22 18 486 4859
22 19 648 6478
22 20 578 5778
22 21 275 2752
22 23 473 4726
22 24 153 1530
22 25 522 5218
22 26 506 5059
22 27 317 3171
22 28 207 2068
22 29 563 5628
22 30 477 4771
23 1 800 7997
23 2 591 5914
23 3 633 6329
23 4 667 6666
23 5 339 3391
23 6 264 2636
23 7 439 4395
23 8 680 6803
23 9 913 9126
23 10 468 4681
23 11 118 1181
23 12 840 8400
23 13 345 3454
23 14 458 4576
23 15 316 3164
23 16 794 7938
23 17 539 5385
23 18 515 5154
23 19 512 5120
23 20 233 2329
23 21 718 7177
23 22 473 4726
23 24 324 3239
23 25 820 8202
23 26 211 2106
23 27 521 5208
23 28 382 3823
23 29 1005 10048
23 30 727 7275
24 1 537 5372
24 2 513 5135
24 3 381 3805
24 4 366 3659
24 5 245 2449
24 6 448 4480
24 7 408 4080
24 8 687 6866
24 9 635 6348
24 10 554 5542
24 11 422 4216
24 12 579 5792
24 13 134 1342
24 14 209 2090
24 15 326 3256
24 16 488 4883
24 17 391 3905
24 18 474 4737
24 19 594 5937
24 20 459 4593
24 21 398 3983
24 22 153 1530
24 23 324 3239
24 25 568 5681
24 26 359 3587
24 27 298 2976
24 28 195 1946
24 29 711 7107
24 30 551 5514
25 1 804 8038
25 2 1021 10213
25 3 739 7394
25 4 249 2491
25 5 799 7989
25 6 761 7606
25 7 954 9545
25 8 1221 12206
25 9 822 8221
25 10 1119 11187
25 11 937 9371
25 12 834 8342
25 13 677 6772
25 14 674 6736
25 15 569 5686
25 16 227 2274
25 17 330 3299
25 18 1007 10072
25 19 1156 11563
25 20 1012 10123
25 21 336 3364
25 22 522 5218
25 23 820 8202
25 24 568 5681
25 26 704 7042
25 27 299 2994
25 28 722 7223
25 29 813 8127
25 30 963 9625
26 1 893 8929
26 2 767 7673
26 3 731 7313
26 4 610 6099
26 5 490 4904
26 6 89 894
26 7 622 6220
26 8 880 8798
26 9 993 9933
26 10 676 6756
26 11 309 3089
26 12 935 9348
26 13 446 4464
26 14 552 5522
26 15 139 1392
26 16 735 7349
26 17 386 3865
26 18 699 6990
26 19 720 7197
26 20 441 4412
26 21 691 6912
26 22 506 5059
26 23 211 2106
26 24 359 3587
26 25 704 7042
26 27 417 4171
26 28 501 5006
26 29 1068 10682
26 30 870 8703
27 1 702 7020
27 2 799 7990
27 3 584 5843
27 4 217 2167
27 5 542 5420
27 6 485 4848
27 7 704 7045
27 8 982 9817
27 9 763 7634
27 10 850 8496
27 11 638 6379
27 12 741 7408
27 13 425 4254
27 14 460 4598
27 15 291 2912
27 16 329 3295
27 17 134 1344
27 18 767 7674
27 19 890 8899
27 20 718 7181
27 21 326 3258
27 22 317 3171
27 23 521 5208
27 24 298 2976
27 25 299 2994
27 26 417 4171
27 28 481 4808
27 29 799 7986
27 30 794 7942
28 1 418 4180
28 2 320 3199
28 3 251 2513
28 4 489 4894
28 5 91 906
28 6 586 5863
28 7 232 2323
28 8 503 5028
28 9 533 5332
28 10 408 4078
28 11 437 4366
28 12 458 4579
28 13 61 614
28 14 89 890
28 15 504 5035
28 16 593 5932
28 17 584 5836
28 18 288 2880
28 19 441 4410
28 20 410 4099
28 21 476 4760
28 22 207 2068
28 23 382 3823
28 24 195 1946
28 25 722 7223
28 26 501 5006
28 27 481 4808
28 29 632 6319
28 30 371 3714
29 1 239 2386
29 2 665 6654
29 3 388 3875
29 4 613 6135
29 5 704 7043
29 6 1157 11574
29 7 739 7386
29 8 851 8511
29 9 121 1206
29 10 922 9219
29 11 1068 10684
29 12 215 2150
29 13 660 6598
29 14 549 5488
29 15 1009 10089
29 16 585 5854
29 17 932 9321
29 18 724 7236
29 19 932 9319
29 20 1030 10297
29 21 496 4963
29 22 563 5628
29 23 1005 10048
29 24 711 7107
29 25 813 8127
29 26 1068 10682
29 27 799 7986
29 28 632 6319
29 30 462 4621
30 1 239 2389
30 2 215 2149
30 3 223 2232
30 4 714 7138
30 5 389 3889
30 6 954 9542
30 7 333 3327
30 8 389 3891
30 9 342 3418
30 10 486 4864
30 11 747 7467
30 12 249 2491
30 13 430 4300
30 14 345 3449
30 15 873 8725
30 16 769 7693
30 17 916 9165
30 18 289 2894
30 19 487 4873
30 20 662 6619
30 21 640 6398
30 22 477 4771
30 23 727 7275
30 24 551 5514
30 25 963 9625
30 26 870 8703
30 27 794 7942
30 28 371 3714
30 29 462 4621
