40
628
546
35
36
25
10
33
4
8
31
35
11
24
19
38
18
9
26
20
3
5
21
12
2
27
14
30
28
23
22
37
17
39
15
1
13
16
29
5
2
23
30
19
33
1 2 83 831
1 3 572 5718
1 4 226 2257
1 5 494 4940
1 6 848 8480
1 7 902 9017
1 8 478 4780
1 9 263 2630
1 10 820 8200
1 11 402 4016
1 12 784 7845
1 13 526 5259
1 14 695 6947
1 15 390 3897
1 16 830 8296
1 17 400 3996
1 18 854 8542
1 19 720 7197
1 20 537 5367
1 21 328 3280
1 22 824 8238
1 23 382 3817
1 24 575 5745
1 25 581 5811
1 26 624 6236
1 27 433 4332
1 28 609 6090
1 29 502 5021
1 30 513 5127
1 31 470 4696
1 32 444 4441
1 33 430 4302
1 34 593 5933
1 35 966 9664
1 36 516 5157
1 37 499 4991
1 38 417 4174
1 39 620 6204
1 40 180 1802
2 1 83 831
2 3 617 6166
2 4 309 3087
2 5 518 5180
2 6 838 8377
2 7 848 8476
2 8 482 4823
2 9 262 2624
2 10 759 7585
2 11 358 3582
2 12 801 8010
2 13 484 4844
2 14 663 6631
2 15 462 4623
2 16 767 7669
2 17 322 3218
2 18 802 8019
2 19 733 7326
2 20 527 5266
2 21 255 2550
2 22 759 7594
2 23 379 3792
2 24 499 4990
2 25 516 5161
2 26 592 5918
2 27 396 3962
2 28 592 5923
2 29 542 5424
2 30 430 4296
2 31 551 5507
2 32 362 3620
2 33 503 5031
2 34 647 6471
2 35 914 9139
2 36 509 5090
2 37 567 5671
2 38 335 3346
2 39 672 6721
2 40 135 1348
3 1 572 5718
3 2 617 6166
3 4 488 4878
3 5 175 1751
3 6 542 5420
3 7 905 9046
3 8 297 2968
3 9 402 4018
3 10 904 9044
3 11 548 5483
3 12 321 3210
3 13 577 5765
3 14 592 5924
3 15 297 2971
3 16 923 9231
3 17 908 9078
3 18 853 8532
3 19 300 3004
3 20 386 3863
3 21 681 6808
3 22 934 9335
3 23 354 3536
3 24 854 8538
3 25 766 7664
3 26 557 5568
3 27 521 5214
3 28 449 4492
3 29 80 803
3 30 934 9345
3 31 425 4246
3 32 841 8413
3 33 290 2897
3 34 86 858
3 35 942 9421
3 36 362 3621
3 37 226 2262
3 38 875 8751
3 39 81 814
3 40 551 5509
4 1 226 2257
4 2 309 3087
4 3 488 4878
4 5 484 4838
4 6 901 9012
4 7 1058 10583
4 8 523 5230
4 9 364 3637
4 10 995 9948
4 11 558 5578
4 12 769 7693
4 13 669 6690
4 14 807 8066
4 15 219 2191
4 16 1007 10071
4 17 621 6205
4 18 1008 10077
4 19 719 7186
4 20 610 6098
4 21 537 5374
4 22 1005 10051
4 23 458 4581
4 24 783 7830
4 25 769 7688
4 26 740 7399
4 27 574 5744
4 28 691 6912
4 29 441 4411
4 30 738 7381
4 31 251 2508
4 32 667 6668
4 33 253 2529
4 34 477 4767
4 35 1118 11180
4 36 583 5829
4 37 337 3366
4 38 643 6431
4 39 509 5091
4 40 370 3705
5 1 494 4940
5 2 518 5180
5 3 175 1751
5 4 484 4838
5 6 433 4327
5 7 738 7376
5 8 122 1218
5 9 268 2681
5 10 731 7311
5 11 380 3802
5 12 293 2933
5 13 401 4015
5 14 429 4291
5 15 357 3569
5 16 750 7495
5 17 778 7777
5 18 686 6856
5 19 236 2357
5 20 215 2154
5 21 530 5303
5 22 759 7594
5 23 189 1895
5 24 685 6847
5 25 593 5928
5 26 387 3869
5 27 350 3496
5 28 286 2859
5 29 111 1106
5 30 782 7821
5 31 510 5099
5 32 688 6881
5 33 369 3694
5 34 256 2558
5 35 779 7792
5 36 189 1895
5 37 341 3406
5 38 733 7326
5 39 256 2565
5 40 425 4246
6 1 848 8480
6 2 838 8377
6 3 542 5420
6 4 901 9012
6 5 433 4327
6 7 495 4951
6 8 380 3802
6 9 585 5851
6 10 567 5673
6 11 522 5218
6 12 269 2691
6 13 426 4258
6 14 259 2588
6 15 789 7891
6 16 587 5874
6 17 989 9893
6 18 458 4579
6 19 248 2479
6 20 312 3118
6 21 714 7141
6 22 609 6089
6 23 467 4667
6 24 722 7217
6 25 592 5918
6 26 304 3038
6 27 473 4726
6 28 249 2487
6 29 522 5221
6 30 910 9098
6 31 940 9402
6 32 827 8273
6 33 799 7991
6 34 624 6235
6 35 500 5000
6 36 332 3324
6 37 758 7578
6 38 909 9089
6 39 604 6044
6 40 708 7083
7 1 902 9017
7 2 848 8476
7 3 905 9046
7 4 1058 10583
7 5 738 7376
7 6 495 4951
7 8 622 6219
7 9 696 6963
7 10 133 1334
7 11 504 5039
7 12 735 7354
7 13 390 3897
7 14 313 3132
7 15 1046 10461
7 16 144 1442
7 17 823 8228
7 18 53 526
7 19 684 6838
7 20 523 5226
7 21 612 6119
7 22 169 1692
7 23 626 6262
7 24 447 4473
7 25 352 3518
7 26 352 3517
7 27 484 4840
7 28 455 4554
7 29 848 8483
7 30 668 6681
7 31 1200 12000
7 32 625 6253
7 33 1073 10727
7 34 990 9895
7 35 70 696
7 36 550 5497
7 37 1068 10676
7 38 723 7227
7 39 983 9835
7 40 722 7217
8 1 478 4780
8 2 482 4823
8 3 297 2968
8 4 523 5230
8 5 122 1218
8 6 380 3802
8 7 622 6219
8 9 220 2200
8 10 610 6101
8 11 272 2719
8 12 327 3265
8 13 280 2802
8 14 319 3194
8 15 441 4409
8 16 628 6284
8 17 704 7041
8 18 569 5695
8 19 254 2542
8 20 102 1015
8 21 441 4411
8 22 638 6379
8 23 106 1061
8 24 572 5717
8 25 474 4741
8 26 270 2702
8 27 235 2354
8 28 181 1812
8 29 230 2299
8 30 687 6866
8 31 597 5971
8 32 593 5930
8 33 461 4612
8 34 377 3773
8 35 667 6667
8 36 73 730
8 37 447 4469
8 38 648 6478
8 39 378 3782
8 40 367 3675
9 1 263 2630
9 2 262 2624
9 3 402 4018
9 4 364 3637
9 5 268 2681
9 6 585 5851
9 7 696 6963
9 8 220 2200
9 10 642 6417
9 11 206 2062
9 12 541 5406
9 13 307 3066
9 14 448 4479
9 15 378 3777
9 16 656 6558
9 17 511 5112
9 18 645 6451
9 19 471 4710
9 20 274 2740
9 21 282 2821
9 22 657 6568
9 23 119 1190
9 24 487 4870
9 25 435 4350
9 26 379 3791
9 27 213 2133
9 28 348 3484
9 29 322 3217
9 30 535 5349
9 31 520 5203
9 32 443 4428
9 33 413 4127
9 34 456 4560
9 35 755 7549
9 36 253 2527
9 37 441 4409
9 38 473 4733
9 39 473 4726
9 40 157 1566
10 1 820 8200
10 2 759 7585
10 3 904 9044
10 4 995 9948
10 5 731 7311
10 6 567 5673
10 7 133 1334
10 8 610 6101
10 9 642 6417
10 11 438 4380
10 12 781 7805
10 13 344 3441
10 14 339 3392
10 15 1009 10089
10 16 20 204
10 17 701 7015
10 18 129 1288
10 19 720 7203
10 20 519 5185
10 21 512 5116
10 22 43 428
10 23 592 5917
10 24 322 3218
10 25 245 2449
10 26 352 3516
10 27 430 4302
10 28 467 4667
10 29 840 8401
10 30 540 5401
10 31 1159 11586
10 32 504 5042
10 33 1039 10391
10 34 987 9868
10 35 198 1981
10 36 542 5423
10 37 1045 10447
10 38 601 6009
10 39 985 9853
10 40 641 6405
11 1 402 4016
11 2 358 3582
11 3 548 5483
11 4 558 5578
11 5 380 3802
11 6 522 5218
11 7 504 5039
11 8 272 2719
11 9 206 2062
11 10 438 4380
11 12 577 5769
11 13 126 1262
11 14 311 3106
11 15 582 5820
11 16 451 4512
11 17 469 4693
11 18 455 4549
11 19 502 5022
11 20 244 2439
11 21 193 1934
11 22 451 4513
11 23 195 1949
11 24 305 3055
11 25 232 2317
11 26 240 2404
11 27 49 495
11 28 276 2765
11 29 471 4709
11 30 420 4200
11 31 726 7264
11 32 328 3280
11 33 616 6155
11 34 618 6184
11 35 567 5668
11 36 244 2441
11 37 635 6352
11 38 396 3959
11 39 627 6274
11 40 225 2249
12 1 784 7845
12 2 801 8010
12 3 321 3210
12 4 769 7693
12 5 293 2933
12 6 269 2691
12 7 735 7354
12 8 327 3265
12 9 541 5406
12 10 781 7805
12 11 577 5769
12 13 533 5328
12 14 442 4416
12 15 608 6083
12 16 801 8009
12 17 1029 10290
12 18 691 6909
12 19 75 747
12 20 335 3345
12 21 761 7608
12 22 819 8186
12 23 432 4324
12 24 849 8493
12 25 731 7308
12 26 446 4463
12 27 531 5313
12 28 336 3358
12 29 335 3345
12 30 997 9967
12 31 745 7447
12 32 905 9049
12 33 607 6070
12 34 390 3900
12 35 752 7524
12 36 333 3330
12 37 547 5473
12 38 968 9679
12 39 364 3643
12 40 693 6929
13 1 526 5259
13 2 484 4844
13 3 577 5765
13 4 669 6690
13 5 401 4015
13 6 426 4258
13 7 390 3897
13 8 280 2802
13 9 307 3066
13 10 344 3441
13 11 126 1262
13 12 533 5328
13 14 191 1909
13 15 665 6654
13 16 360 3604
13 17 569 5686
13 18 339 3387
13 19 460 4604
13 20 208 2082
13 21 299 2985
13 22 366 3661
13 23 248 2478
13 24 317 3168
13 25 201 2009
13 26 126 1255
13 27 95 951
13 28 201 2010
13 29 506 5062
13 30 485 4854
13 31 816 8165
13 32 401 4015
13 33 695 6951
13 34 655 6552
13 35 449 4491
13 36 223 2233
13 37 702 7015
13 38 484 4842
13 39 658 6579
13 40 351 3508
14 1 695 6947
14 2 663 6631
14 3 592 5924
14 4 807 8066
14 5 429 4291
14 6 259 2588
14 7 313 3132
14 8 319 3194
14 9 448 4479
14 10 339 3392
14 11 311 3106
14 12 442 4416
14 13 191 1909
14 15 757 7574
14 16 360 3595
14 17 757 7572
14 18 263 2629
14 19 381 3814
14 20 218 2179
14 21 489 4893
14 22 377 3770
14 23 350 3501
14 24 464 4640
14 25 334 3336
14 26 71 714
14 27 268 2676
14 28 144 1436
14 29 539 5393
14 30 660 6596
14 31 913 9135
14 32 582 5821
14 33 780 7797
14 34 678 6777
14 35 350 3503
14 36 247 2465
14 37 766 7656
14 38 670 6696
14 39 671 6707
14 40 528 5284
15 1 390 3897
15 2 462 4623
15 3 297 2971
15 4 219 2191
15 5 357 3569
15 6 789 7891
15 7 1046 10461
15 8 441 4409
15 9 378 3777
15 10 1009 10089
15 11 582 5820
15 12 608 6083
15 13 665 6654
15 14 757 7574
15 16 1024 10245
15 17 784 7837
15 18 994 9936
15 19 572 5718
15 20 541 5413
15 21 632 6321
15 22 1028 10279
15 23 420 4203
15 24 860 8598
15 25 812 8125
15 26 701 7007
15 27 580 5800
15 28 622 6221
15 29 276 2756
15 30 867 8675
15 31 156 1563
15 32 784 7837
15 33 41 408
15 34 267 2667
15 35 1097 10974
15 36 512 5123
15 37 118 1177
15 38 784 7839
15 39 300 3002
15 40 465 4649
16 1 830 8296
16 2 767 7669
16 3 923 9231
16 4 1007 10071
16 5 750 7495
16 6 587 5874
16 7 144 1442
16 8 628 6284
16 9 656 6558
16 10 20 204
16 11 451 4512
16 12 801 8009
16 13 360 3604
16 14 360 3595
16 15 1024 10245
16 17 701 7012
16 18 145 1454
16 19 741 7406
16 20 537 5374
16 21 518 5181
16 22 25 255
16 23 608 6082
16 24 321 3207
16 25 252 2515
16 26 371 3712
16 27 445 4451
16 28 486 4865
16 29 858 8583
16 30 537 5368
16 31 1174 11736
16 32 504 5044
16 33 1055 10550
16 34 1005 10053
16 35 206 2057
16 36 561 5610
16 37 1062 10616
16 38 601 6006
16 39 1004 10041
16 40 651 6506
17 1 400 3996
17 2 322 3218
17 3 908 9078
17 4 621 6205
17 5 778 7777
17 6 989 9893
17 7 823 8228
17 8 704 7041
17 9 511 5112
17 10 701 7015
17 11 469 4693
17 12 1029 10290
17 13 569 5686
17 14 757 7572
17 15 784 7837
17 16 701 7012
17 18 791 7909
17 19 955 9551
17 20 707 7070
17 21 276 2759
17 22 684 6842
17 23 600 6003
17 24 381 3806
17 25 476 4756
17 26 694 6941
17 27 519 5188
17 28 746 7457
17 29 829 8289
17 30 186 1855
17 31 869 8685
17 32 198 1976
17 33 825 8245
17 34 951 9507
17 35 892 8922
17 36 701 7008
17 37 886 8861
17 38 101 1007
17 39 972 9722
17 40 357 3571
18 1 854 8542
18 2 802 8019
18 3 853 8532
18 4 1008 10077
18 5 686 6856
18 6 458 4579
18 7 53 526
18 8 569 5695
18 9 645 6451
18 10 129 1288
18 11 455 4549
18 12 691 6909
18 13 339 3387
18 14 263 2629
18 15 994 9936
18 16 145 1454
18 17 791 7909
18 19 637 6373
18 20 470 4704
18 21 571 5706
18 22 171 1705
18 23 574 5737
18 24 421 4209
18 25 316 3162
18 26 299 2993
18 27 433 4333
18 28 404 4043
18 29 796 7962
18 30 643 6426
18 31 1148 11476
18 32 594 5941
18 33 1020 10200
18 34 938 9380
18 35 112 1122
18 36 497 4974
18 37 1015 10151
18 38 691 6914
18 39 932 9323
18 40 675 6745
19 1 720 7197
19 2 733 7326
19 3 300 3004
19 4 719 7186
19 5 236 2357
19 6 248 2479
19 7 684 6838
19 8 254 2542
19 9 471 4710
19 10 720 7203
19 11 502 5022
19 12 75 747
19 13 460 4604
19 14 381 3814
19 15 572 5718
19 16 741 7406
19 17 955 9551
19 18 637 6373
19 20 260 2601
19 21 686 6863
19 22 757 7573
19 23 360 3603
19 24 777 7765
19 25 659 6595
19 26 379 3793
19 27 457 4567
19 28 266 2661
19 29 296 2964
19 30 922 9220
19 31 715 7152
19 32 830 8301
19 33 575 5751
19 34 379 3786
19 35 706 7060
19 36 258 2583
19 37 523 5234
19 38 893 8933
19 39 358 3577
19 40 622 6215
20 1 537 5367
20 2 527 5266
20 3 386 3863
20 4 610 6098
20 5 215 2154
20 6 312 3118
20 7 523 5226
20 8 102 1015
20 9 274 2740
20 10 519 5185
20 11 244 2439
20 12 335 3345
20 13 208 2082
20 14 218 2179
20 15 541 5413
20 16 537 5374
20 17 707 7070
20 18 470 4704
20 19 260 2601
20 21 433 4332
20 22 549 5488
20 23 157 1573
20 24 520 5198
20 25 409 4090
20 26 171 1715
20 27 197 1971
20 28 82 823
20 29 326 3259
20 30 663 6626
20 31 698 6976
20 32 571 5715
20 33 562 5624
20 34 470 4697
20 35 566 5659
20 36 29 289
20 37 548 5480
20 38 639 6387
20 39 467 4669
20 40 399 3994
21 1 328 3280
21 2 255 2550
21 3 681 6808
21 4 537 5374
21 5 530 5303
21 6 714 7141
21 7 612 6119
21 8 441 4411
21 9 282 2821
21 10 512 5116
21 11 193 1934
21 12 761 7608
21 13 299 2985
21 14 489 4893
21 15 632 6321
21 16 518 5181
21 17 276 2759
21 18 571 5706
21 19 686 6863
21 20 433 4332
21 22 509 5087
21 23 343 3430
21 24 247 2469
21 25 267 2668
21 26 423 4231
21 27 243 2429
21 28 470 4698
21 29 601 6005
21 30 254 2537
21 31 754 7540
21 32 161 1608
21 33 671 6710
21 34 738 7379
21 35 680 6805
21 36 429 4291
21 37 713 7129
21 38 207 2071
21 39 754 7537
21 40 171 1706
22 1 824 8238
22 2 759 7594
22 3 934 9335
22 4 1005 10051
22 5 759 7594
22 6 609 6089
22 7 169 1692
22 8 638 6379
22 9 657 6568
22 10 43 428
22 11 451 4513
22 12 819 8186
22 13 366 3661
22 14 377 3770
22 15 1028 10279
22 16 25 255
22 17 684 6842
22 18 171 1705
22 19 757 7573
22 20 549 5488
22 21 509 5087
22 23 614 6136
22 24 304 3036
22 25 243 2433
22 26 385 3848
22 27 448 4479
22 28 501 5006
22 29 868 8675
22 30 517 5173
22 31 1176 11759
22 32 488 4880
22 33 1059 10590
22 34 1015 10151
22 35 229 2294
22 36 572 5716
22 37 1068 10676
22 38 584 5836
22 39 1015 10147
22 40 646 6456
23 1 382 3817
23 2 379 3792
23 3 354 3536
23 4 458 4581
23 5 189 1895
23 6 467 4667
23 7 626 6262
23 8 106 1061
23 9 119 1190
23 10 592 5917
23 11 195 1949
23 12 432 4324
23 13 248 2478
23 14 350 3501
23 15 420 4203
23 16 608 6082
23 17 600 6003
23 18 574 5737
23 19 360 3603
23 20 157 1573
23 21 343 3430
23 22 614 6136
23 24 500 5003
23 25 419 4193
23 26 286 2865
23 27 173 1731
23 28 236 2355
23 29 276 2760
23 30 593 5933
23 31 574 5738
23 32 499 4993
23 33 448 4484
23 34 424 4238
23 35 679 6791
23 36 134 1343
23 37 454 4542
23 38 548 5479
23 39 432 4325
23 40 262 2615
24 1 575 5745
24 2 499 4990
24 3 854 8538
24 4 783 7830
24 5 685 6847
24 6 722 7217
24 7 447 4473
24 8 572 5717
24 9 487 4870
24 10 322 3218
24 11 305 3055
24 12 849 8493
24 13 317 3168
24 14 464 4640
24 15 860 8598
24 16 321 3207
24 17 381 3806
24 18 421 4209
24 19 777 7765
24 20 520 5198
24 21 247 2469
24 22 304 3036
24 23 500 5003
24 25 131 1306
24 26 422 4219
24 27 336 3364
24 28 517 5170
24 29 776 7763
24 30 222 2217
24 31 991 9912
24 32 185 1848
24 33 897 8968
24 34 923 9232
24 35 516 5160
24 36 530 5296
24 37 928 9278
24 38 280 2800
24 39 933 9328
24 40 413 4130
25 1 581 5811
25 2 516 5161
25 3 766 7664
25 4 769 7688
25 5 593 5928
25 6 592 5918
25 7 352 3518
25 8 474 4741
25 9 435 4350
25 10 245 2449
25 11 232 2317
25 12 731 7308
25 13 201 2009
25 14 334 3336
25 15 812 8125
25 16 252 2515
25 17 476 4756
25 18 316 3162
25 19 659 6595
25 20 409 4090
25 21 267 2668
25 22 243 2433
25 23 419 4193
25 24 131 1306
25 26 294 2945
25 27 246 2465
25 28 396 3956
25 29 692 6922
25 30 341 3405
25 31 954 9542
25 32 280 2803
25 33 847 8467
25 34 841 8413
25 35 421 4213
25 36 423 4228
25 37 867 8667
25 38 377 3771
25 39 847 8471
25 40 404 4042
26 1 624 6236
26 2 592 5918
26 3 557 5568
26 4 740 7399
26 5 387 3869
26 6 304 3038
26 7 352 3517
26 8 270 2702
26 9 379 3791
26 10 352 3516
26 11 240 2404
26 12 446 4463
26 13 126 1255
26 14 71 714
26 15 701 7007
26 16 371 3712
26 17 694 6941
26 18 299 2993
26 19 379 3793
26 20 171 1715
26 21 423 4231
26 22 385 3848
26 23 286 2865
26 24 422 4219
26 25 294 2945
26 27 196 1965
26 28 116 1161
26 29 497 4974
26 30 606 6061
26 31 856 8562
26 32 525 5248
26 33 725 7250
26 34 641 6408
26 35 398 3978
26 36 198 1981
26 37 716 7165
26 38 609 6092
26 39 637 6369
26 40 457 4570
27 1 433 4332
27 2 396 3962
27 3 521 5214
27 4 574 5744
27 5 350 3496
27 6 473 4726
27 7 484 4840
27 8 235 2354
27 9 213 2133
27 10 430 4302
27 11 49 495
27 12 531 5313
27 13 95 951
27 14 268 2676
27 15 580 5800
27 16 445 4451
27 17 519 5188
27 18 433 4333
27 19 457 4567
27 20 197 1971
27 21 243 2429
27 22 448 4479
27 23 173 1731
27 24 336 3364
27 25 246 2465
27 26 196 1965
27 28 227 2270
27 29 446 4462
27 30 466 4656
27 31 729 7285
27 32 375 3746
27 33 611 6115
27 34 595 5951
27 35 544 5440
27 36 200 1998
27 37 625 6245
27 38 445 4447
27 39 602 6017
27 40 262 2615
28 1 609 6090
28 2 592 5923
28 3 449 4492
28 4 691 6912
28 5 286 2859
28 6 249 2487
28 7 455 4554
28 8 181 1812
28 9 348 3484
28 10 467 4667
28 11 276 2765
28 12 336 3358
28 13 201 2010
28 14 144 1436
28 15 622 6221
28 16 486 4865
28 17 746 7457
28 18 404 4043
28 19 266 2661
28 20 82 823
28 21 470 4698
28 22 501 5006
28 23 236 2355
28 24 517 5170
28 25 396 3956
28 26 116 1161
28 27 227 2270
28 29 396 3959
28 30 682 6819
28 31 778 7784
28 32 594 5944
28 33 642 6422
28 34 534 5344
28 35 494 4939
28 36 111 1108
28 37 624 6241
28 38 670 6699
28 39 528 5281
28 40 461 4611
29 1 502 5021
29 2 542 5424
29 3 80 803
29 4 441 4411
29 5 111 1106
29 6 522 5221
29 7 848 8483
29 8 230 2299
29 9 322 3217
29 10 840 8401
29 11 471 4709
29 12 335 3345
29 13 506 5062
29 14 539 5393
29 15 276 2756
29 16 858 8583
29 17 829 8289
29 18 796 7962
29 19 296 2964
29 20 326 3259
29 21 601 6005
29 22 868 8675
29 23 276 2760
29 24 776 7763
29 25 692 6922
29 26 497 4974
29 27 446 4462
29 28 396 3959
29 30 854 8542
29 31 420 4202
29 32 761 7611
29 33 279 2794
29 34 149 1493
29 35 890 8896
29 36 300 2996
29 37 237 2370
29 38 795 7951
29 39 157 1565
29 40 472 4719
30 1 513 5127
30 2 430 4296
30 3 934 9345
30 4 738 7381
30 5 782 7821
30 6 910 9098
30 7 668 6681
30 8 687 6866
30 9 535 5349
30 10 540 5401
30 11 420 4200
30 12 997 9967
30 13 485 4854
30 14 660 6596
30 15 867 8675
30 16 537 5368
30 17 186 1855
30 18 643 6426
30 19 922 9220
30 20 663 6626
30 21 254 2537
30 22 517 5173
30 23 593 5933
30 24 222 2217
30 25 341 3405
30 26 606 6061
30 27 466 4656
30 28 682 6819
30 29 854 8542
30 31 975 9748
30 32 94 940
30 33 908 9076
30 34 991 9908
30 35 736 7363
30 36 664 6641
30 37 957 9568
30 38 103 1028
30 39 1007 10072
30 40 405 4048
31 1 470 4696
31 2 551 5507
31 3 425 4246
31 4 251 2508
31 5 510 5099
31 6 940 9402
31 7 1200 12000
31 8 597 5971
31 9 520 5203
31 10 1159 11586
31 11 726 7264
31 12 745 7447
31 13 816 8165
31 14 913 9135
31 15 156 1563
31 16 1174 11736
31 17 869 8685
31 18 1148 11476
31 19 715 7152
31 20 698 6976
31 21 754 7540
31 22 1176 11759
31 23 574 5738
31 24 991 9912
31 25 954 9542
31 26 856 8562
31 27 729 7285
31 28 778 7784
31 29 420 4202
31 30 975 9748
31 32 897 8971
31 33 141 1412
31 34 371 3709
31 35 1252 12523
31 36 669 6686
31 37 201 2012
31 38 884 8840
31 39 404 4036
31 40 584 5835
32 1 444 4441
32 2 362 3620
32 3 841 8413
32 4 667 6668
32 5 688 6881
32 6 827 8273
32 7 625 6253
32 8 593 5930
32 9 443 4428
32 10 504 5042
32 11 328 3280
32 12 905 9049
32 13 401 4015
32 14 582 5821
32 15 784 7837
32 16 504 5044
32 17 198 1976
32 18 594 5941
32 19 830 8301
32 20 571 5715
32 21 161 1608
32 22 488 4880
32 23 499 4993
32 24 185 1848
32 25 280 2803
32 26 525 5248
32 27 375 3746
32 28 594 5944
32 29 761 7611
32 30 94 940
32 31 897 8971
32 33 823 8234
32 34 899 8987
32 35 695 6947
32 36 572 5720
32 37 870 8695
32 38 97 974
32 39 915 9145
32 40 319 3190
33 1 430 4302
33 2 503 5031
33 3 290 2897
33 4 253 2529
33 5 369 3694
33 6 799 7991
33 7 1073 10727
33 8 461 4612
33 9 413 4127
33 10 1039 10391
33 11 616 6155
33 12 607 6070
33 13 695 6951
33 14 780 7797
33 15 41 408
33 16 1055 10550
33 17 825 8245
33 18 1020 10200
33 19 575 5751
33 20 562 5624
33 21 671 6710
33 22 1059 10590
33 23 448 4484
33 24 897 8968
33 25 847 8467
33 26 725 7250
33 27 611 6115
33 28 642 6422
33 29 279 2794
33 30 908 9076
33 31 141 1412
33 32 823 8234
33 34 248 2483
33 35 1123 11226
33 36 534 5336
33 37 86 861
33 38 824 8245
33 39 282 2820
33 40 504 5045
34 1 593 5933
34 2 647 6471
34 3 86 858
34 4 477 4767
34 5 256 2558
34 6 624 6235
34 7 990 9895
34 8 377 3773
34 9 456 4560
34 10 987 9868
34 11 618 6184
34 12 390 3900
34 13 655 6552
34 14 678 6777
34 15 267 2667
34 16 1005 10053
34 17 951 9507
34 18 938 9380
34 19 379 3786
34 20 470 4697
34 21 738 7379
34 22 1015 10151
34 23 424 4238
34 24 923 9232
34 25 841 8413
34 26 641 6408
34 27 595 5951
34 28 534 5344
34 29 149 1493
34 30 991 9908
34 31 371 3709
34 32 899 8987
34 33 248 2483
34 35 1028 10276
34 36 445 4448
34 37 170 1702
34 38 926 9256
34 39 34 337
34 40 597 5970
35 1 966 9664
35 2 914 9139
35 3 942 9421
35 4 1118 11180
35 5 779 7792
35 6 500 5000
35 7 70 696
35 8 667 6667
35 9 755 7549
35 10 198 1981
35 11 567 5668
35 12 752 7524
35 13 449 4491
35 14 350 3503
35 15 1097 10974
35 16 206 2057
35 17 892 8922
35 18 112 1122
35 19 706 7060
35 20 566 5659
35 21 680 6805
35 22 229 2294
35 23 679 6791
35 24 516 5160
35 25 421 4213
35 26 398 3978
35 27 544 5440
35 28 494 4939
35 29 890 8896
35 30 736 7363
35 31 1252 12523
35 32 695 6947
35 33 1123 11226
35 34 1028 10276
35 36 594 5938
35 37 1114 11136
35 38 792 7920
35 39 1020 10196
35 40 787 7867
36 1 516 5157
36 2 509 5090
36 3 362 3621
36 4 583 5829
36 5 189 1895
36 6 332 3324
36 7 550 5497
36 8 73 730
36 9 253 2527
36 10 542 5423
36 11 244 2441
36 12 333 3330
36 13 223 2233
36 14 247 2465
36 15 512 5123
36 16 561 5610
36 17 701 7008
36 18 497 4974
36 19 258 2583
36 20 29 289
36 21 429 4291
36 22 572 5716
36 23 134 1343
36 24 530 5296
36 25 423 4228
36 26 198 1981
36 27 200 1998
36 28 111 1108
36 29 300 2996
36 30 664 6641
36 31 669 6686
36 32 572 5720
36 33 534 5336
36 34 445 4448
36 35 594 5938
36 37 520 5198
36 38 636 6357
36 39 443 4431
36 40 384 3843
37 1 499 4991
37 2 567 5671
37 3 226 2262
37 4 337 3366
37 5 341 3406
37 6 758 7578
37 7 1068 10676
37 8 447 4469
37 9 441 4409
37 10 1045 10447
37 11 635 6352
37 12 547 5473
37 13 702 7015
37 14 766 7656
37 15 118 1177
37 16 1062 10616
37 17 886 8861
37 18 1015 10151
37 19 523 5234
37 20 548 5480
37 21 713 7129
37 22 1068 10676
37 23 454 4542
37 24 928 9278
37 25 867 8667
37 26 716 7165
37 27 625 6245
37 28 624 6241
37 29 237 2370
37 30 957 9568
37 31 201 2012
37 32 870 8695
37 33 86 861
37 34 170 1702
37 35 1114 11136
37 36 520 5198
37 38 879 8786
37 39 203 2033
37 40 552 5520
38 1 417 4174
38 2 335 3346
38 3 875 8751
38 4 643 6431
38 5 733 7326
38 6 909 9089
38 7 723 7227
38 8 648 6478
38 9 473 4733
38 10 601 6009
38 11 396 3959
38 12 968 9679
38 13 484 4842
38 14 670 6696
38 15 784 7839
38 16 601 6006
38 17 101 1007
38 18 691 6914
38 19 893 8933
38 20 639 6387
38 21 207 2071
38 22 584 5836
38 23 548 5479
38 24 280 2800
38 25 377 3771
38 26 609 6092
38 27 445 4447
38 28 670 6699
38 29 795 7951
38 30 103 1028
38 31 884 8840
38 32 97 974
38 33 824 8245
38 34 926 9256
38 35 792 7920
38 36 636 6357
38 37 879 8786
38 39 944 9443
38 40 330 3298
39 1 620 6204
39 2 672 6721
39 3 81 814
39 4 509 5091
39 5 256 2565
39 6 604 6044
39 7 983 9835
39 8 378 3782
39 9 473 4726
39 10 985 9853
39 11 627 6274
39 12 364 3643
39 13 658 6579
39 14 671 6707
39 15 300 3002
39 16 1004 10041
39 17 972 9722
39 18 932 9323
39 19 358 3577
39 20 467 4669
39 21 754 7537
39 22 1015 10147
39 23 432 4325
39 24 933 9328
39 25 847 8471
39 26 637 6369
39 27 602 6017
39 28 528 5281
39 29 157 1565
39 30 1007 10072
39 31 404 4036
39 32 915 9145
39 33 282 2820
39 34 34 337
39 35 1020 10196
39 36 443 4431
39 37 203 2033
39 38 944 9443
39 40 617 6170
40 1 180 1802
40 2 135 1348
40 3 551 5509
40 4 370 3705
40 5 425 4246
40 6 708 7083
40 7 722 7217
40 8 367 3675
40 9 157 1566
40 10 641 6405
40 11 225 2249
40 12 693 6929
40 13 351 3508
40 14 528 5284
40 15 465 4649
40 16 651 6506
40 17 357 3571
40 18 675 6745
40 19 622 6215
40 20 399 3994
40 21 171 1706
40 22 646 6456
40 23 262 2615
40 24 413 4130
40 25 404 4042
40 26 457 4570
40 27 262 2615
40 28 461 4611
40 29 472 4719
40 30 405 4048
40 31 584 5835
40 32 319 3190
40 33 504 5045
40 34 597 5970
40 35 787 7867
40 36 384 3843
40 37 552 5520
40 38 330 3298
40 39 617 6170
