30
458
829
27
29
7
12
8
5
1
10
11
24
22
25
18
3
16
23
4
13
20
30
9
17
14
27
26
6
21
15
29
15
3
12
2
8
30
10
27
28
23
25
21
22
7
17
19
16
5
9
4
18
26
14
11
29
6
20
1
13
1 2 134 1336
1 3 609 6085
1 4 158 1585
1 5 101 1005
1 6 844 8438
1 7 644 6438
1 8 614 6139
1 9 788 7878
1 10 660 6596
1 11 631 6309
1 12 528 5275
1 13 405 4052
1 14 250 2496
1 15 622 6216
1 16 241 2411
1 17 570 5703
1 18 439 4389
1 19 616 6161
1 20 414 4143
1 21 1031 10309
1 22 434 4338
1 23 577 5772
1 24 292 2915
1 25 708 7078
1 26 572 5724
1 27 568 5681
1 28 922 9220
1 29 739 7390
1 30 698 6984
2 1 134 1336
2 3 500 5003
2 4 291 2910
2 5 202 2016
2 6 715 7153
2 7 593 5930
2 8 512 5121
2 9 697 6966
2 10 554 5538
2 11 527 5268
2 12 399 3991
2 13 353 3530
2 14 209 2090
2 15 575 5751
2 16 131 1306
2 17 444 4444
2 18 311 3106
2 19 511 5109
2 20 380 3798
2 21 911 9114
2 22 435 4346
2 23 491 4911
2 24 197 1972
2 25 582 5816
2 26 491 4911
2 27 436 4364
2 28 811 8113
2 29 609 6090
2 30 592 5916
3 1 609 6085
3 2 500 5003
3 4 758 7578
3 5 610 6101
3 6 320 3202
3 7 326 3257
3 8 44 442
3 9 225 2249
3 10 55 553
3 11 683 6833
3 12 196 1963
3 13 301 3014
3 14 396 3961
3 15 336 3359
3 16 514 5138
3 17 158 1578
3 18 238 2378
3 19 23 226
3 20 351 3506
3 21 434 4340
3 22 464 4638
3 23 133 1330
3 24 318 3176
3 25 195 1953
3 26 752 7519
3 27 244 2442
3 28 314 3136
3 29 520 5204
3 30 711 7114
4 1 158 1585
4 2 291 2910
4 3 758 7578
4 5 159 1590
4 6 1002 10018
4 7 752 7518
4 8 759 7594
4 9 924 9244
4 10 807 8070
4 11 752 7516
4 12 686 6857
4 13 525 5248
4 14 376 3762
4 15 727 7268
4 16 383 3830
4 17 728 7278
4 18 597 5972
4 19 764 7636
4 20 520 5202
4 21 1185 11848
4 22 507 5070
4 23 713 7135
4 24 440 4405
4 25 865 8652
4 26 672 6719
4 27 727 7265
4 28 1071 10710
4 29 888 8879
4 30 821 8206
5 1 101 1005
5 2 202 2016
5 3 610 6101
5 4 159 1590
5 6 873 8729
5 7 594 5938
5 8 608 6082
5 9 768 7678
5 10 657 6572
5 11 722 7220
5 12 561 5609
5 13 366 3660
5 14 220 2199
5 15 569 5692
5 16 326 3263
5 17 598 5979
5 18 475 4746
5 19 614 6141
5 20 362 3619
5 21 1042 10417
5 22 358 3584
5 23 557 5574
5 24 297 2973
5 25 734 7335
5 26 670 6701
5 27 610 6096
5 28 922 9216
5 29 808 8077
5 30 788 7884
6 1 844 8438
6 2 715 7153
6 3 320 3202
6 4 1002 10018
6 5 873 8729
6 7 625 6255
6 8 354 3539
6 9 408 4079
6 10 311 3111
6 11 646 6464
6 12 316 3164
6 13 615 6154
6 14 680 6800
6 15 642 6416
6 16 672 6720
6 17 275 2751
6 18 405 4050
6 19 333 3332
6 20 668 6677
6 21 250 2502
6 22 783 7826
6 23 449 4486
6 24 579 5790
6 25 141 1408
6 26 762 7616
6 27 286 2856
6 28 272 2723
6 29 379 3793
6 30 642 6423
7 1 644 6438
7 2 593 5930
7 3 326 3257
7 4 752 7518
7 5 594 5938
7 6 625 6255
7 8 283 2830
7 9 273 2728
7 10 316 3164
7 11 954 9537
7 12 489 4893
7 13 241 2413
7 14 396 3958
7 15 29 290
7 16 671 6710
7 17 469 4687
7 18 483 4827
7 19 306 3058
7 20 232 2320
7 21 648 6480
7 22 276 2756
7 23 197 1966
7 24 407 4069
7 25 517 5174
7 26 991 9910
7 27 551 5507
7 28 491 4906
7 29 837 8366
7 30 994 9943
8 1 614 6139
8 2 512 5121
8 3 44 442
8 4 759 7594
8 5 608 6082
8 6 354 3539
8 7 283 2830
8 9 194 1943
8 10 52 518
8 11 723 7230
8 12 236 2362
8 13 281 2812
8 14 390 3905
8 15 294 2944
8 16 536 5358
8 17 201 2006
8 18 269 2689
8 19 23 229
8 20 326 3265
8 21 446 4456
8 22 436 4365
8 23 95 947
8 24 322 3225
8 25 235 2353
8 26 788 7878
8 27 287 2869
8 28 314 3138
8 29 565 5645
8 30 753 7526
9 1 788 7878
9 2 697 6966
9 3 225 2249
9 4 924 9244
9 5 768 7678
9 6 408 4079
9 7 273 2728
9 8 194 1943
9 10 174 1738
9 11 902 9024
9 12 418 4182
9 13 409 4087
9 14 548 5482
9 15 299 2985
9 16 729 7289
9 17 374 3735
9 18 462 4618
9 19 205 2053
9 20 435 4351
9 21 378 3779
9 22 521 5210
9 23 211 2110
9 24 501 5012
9 25 345 3451
9 26 976 9761
9 27 457 4574
9 28 219 2194
9 29 711 7108
9 30 926 9257
10 1 660 6596
10 2 554 5538
10 3 55 553
10 4 807 8070
10 5 657 6572
10 6 311 3111
10 7 316 3164
10 8 52 518
10 9 174 1738
10 11 729 7295
10 12 244 2444
10 13 333 3329
10 14 440 4405
10 15 331 3310
10 16 569 5690
10 17 201 2006
10 18 292 2920
10 19 43 435
10 20 378 3776
10 21 394 3938
10 22 487 4865
10 23 141 1407
10 24 368 3681
10 25 204 2035
10 26 802 8024
10 27 286 2858
10 28 264 2644
10 29 552 5518
10 30 755 7547
11 1 631 6309
11 2 527 5268
11 3 683 6833
11 4 752 7516
11 5 722 7220
11 6 646 6464
11 7 954 9537
11 8 723 7230
11 9 902 9024
11 10 729 7295
11 12 487 4871
11 13 766 7662
11 14 685 6853
11 15 949 9493
11 16 397 3969
11 17 529 5290
11 18 472 4716
11 19 705 7053
11 20 816 8165
11 21 897 8966
11 22 910 9104
11 23 773 7729
11 24 596 5960
11 25 593 5926
11 26 140 1400
11 27 446 4457
11 28 885 8851
11 29 290 2904
11 30 69 693
12 1 528 5275
12 2 399 3991
12 3 196 1963
12 4 686 6857
12 5 561 5609
12 6 316 3164
12 7 489 4893
12 8 236 2362
12 9 418 4182
12 10 244 2444
12 11 487 4871
12 13 368 3677
12 14 385 3845
12 15 492 4915
12 16 368 3678
12 17 53 528
12 18 89 886
12 19 218 2182
12 20 425 4249
12 21 523 5227
12 22 540 5403
12 23 296 2962
12 24 276 2756
12 25 184 1840
12 26 559 5585
12 27 66 663
12 28 449 4493
12 29 351 3514
12 30 517 5168
13 1 405 4052
13 2 353 3530
13 3 301 3014
13 4 525 5248
13 5 366 3660
13 6 615 6154
13 7 241 2413
13 8 281 2812
13 9 409 4087
13 10 333 3329
13 11 766 7662
13 12 368 3677
13 14 156 1558
13 15 222 2222
13 16 441 4410
13 17 374 3738
13 18 321 3209
13 19 295 2955
13 20 57 572
13 21 726 7261
13 22 173 1734
13 23 206 2056
13 24 179 1786
13 25 479 4794
13 26 782 7819
13 27 434 4338
13 28 587 5870
13 29 711 7111
13 30 816 8162
14 1 250 2496
14 2 209 2090
14 3 396 3961
14 4 376 3762
14 5 220 2199
14 6 680 6800
14 7 396 3958
14 8 390 3905
14 9 548 5482
14 10 440 4405
14 11 685 6853
14 12 385 3845
14 13 156 1558
14 15 375 3750
14 16 318 3178
14 17 411 4107
14 18 309 3093
14 19 398 3980
14 20 172 1723
14 21 830 8299
14 22 232 2316
14 23 338 3376
14 24 111 1113
14 25 539 5392
14 26 677 6769
14 27 444 4438
14 28 704 7043
14 29 690 6898
14 30 743 7431
15 1 622 6216
15 2 575 5751
15 3 336 3359
15 4 727 7268
15 5 569 5692
15 6 642 6416
15 7 29 290
15 8 294 2944
15 9 299 2985
15 10 331 3310
15 11 949 9493
15 12 492 4915
15 13 222 2222
15 14 375 3750
15 16 657 6572
15 17 474 4738
15 18 480 4796
15 19 317 3171
15 20 208 2081
15 21 672 6720
15 22 247 2469
15 23 204 2041
15 24 393 3925
15 25 530 5296
15 26 983 9826
15 27 554 5542
15 28 515 5152
15 29 841 8409
15 30 992 9915
16 1 241 2411
16 2 131 1306
16 3 514 5138
16 4 383 3830
16 5 326 3263
16 6 672 6720
16 7 671 6710
16 8 536 5358
16 9 729 7289
16 10 569 5690
16 11 397 3969
16 12 368 3678
16 13 441 4410
16 14 318 3178
16 15 657 6572
16 17 419 4192
16 18 287 2873
16 19 529 5290
16 20 478 4783
16 21 890 8904
16 22 549 5492
16 23 538 5376
16 24 265 2647
16 25 550 5498
16 26 363 3632
16 27 386 3863
16 28 810 8101
16 29 505 5054
16 30 462 4625
17 1 570 5703
17 2 444 4444
17 3 158 1578
17 4 728 7278
17 5 598 5979
17 6 275 2751
17 7 469 4687
17 8 201 2006
17 9 374 3735
17 10 201 2006
17 11 529 5290
17 12 53 528
17 13 374 3738
17 14 411 4107
17 15 474 4738
17 16 419 4192
17 18 135 1352
17 19 180 1803
17 20 430 4303
17 21 472 4720
17 22 547 5471
17 23 272 2724
17 24 306 3057
17 25 138 1375
17 26 606 6064
17 27 86 864
17 28 396 3965
17 29 368 3681
17 30 554 5545
18 1 439 4389
18 2 311 3106
18 3 238 2378
18 4 597 5972
18 5 475 4746
18 6 405 4050
18 7 483 4827
18 8 269 2689
18 9 462 4618
18 10 292 2920
18 11 472 4716
18 12 89 886
18 13 321 3209
18 14 309 3093
18 15 480 4796
18 16 287 2873
18 17 135 1352
18 19 257 2566
18 20 377 3771
18 21 607 6068
18 22 488 4880
18 23 303 3032
18 24 198 1982
18 25 271 2715
18 26 522 5221
18 27 137 1365
18 28 523 5231
18 29 392 3918
18 30 512 5119
19 1 616 6161
19 2 511 5109
19 3 23 226
19 4 764 7636
19 5 614 6141
19 6 333 3332
19 7 306 3058
19 8 23 229
19 9 205 2053
19 10 43 435
19 11 705 7053
19 12 218 2182
19 13 295 2955
19 14 398 3980
19 15 317 3171
19 16 529 5290
19 17 180 1803
19 18 257 2566
19 20 343 3426
19 21 434 4341
19 22 454 4541
19 23 116 1162
19 24 325 3246
19 25 213 2128
19 26 773 7727
19 27 267 2668
19 28 308 3076
19 29 543 5426
19 30 734 7337
20 1 414 4143
20 2 380 3798
20 3 351 3506
20 4 520 5202
20 5 362 3619
20 6 668 6677
20 7 232 2320
20 8 326 3265
20 9 435 4351
20 10 378 3776
20 11 816 8165
20 12 425 4249
20 13 57 572
20 14 172 1723
20 15 208 2081
20 16 478 4783
20 17 430 4303
20 18 377 3771
20 19 343 3426
20 21 768 7680
20 22 117 1169
20 23 243 2432
20 24 223 2228
20 25 533 5331
20 26 827 8266
20 27 491 4909
20 28 625 6245
20 29 768 7679
20 30 868 8679
21 1 1031 10309
21 2 911 9114
21 3 434 4340
21 4 1185 11848
21 5 1042 10417
21 6 250 2502
21 7 648 6480
21 8 446 4456
21 9 378 3779
21 10 394 3938
21 11 897 8966
21 12 523 5227
21 13 726 7261
21 14 830 8299
21 15 672 6720
21 16 890 8904
21 17 472 4720
21 18 607 6068
21 19 434 4341
21 20 768 7680
21 22 871 8713
21 23 525 5251
21 24 746 7455
21 25 342 3419
21 26 1011 10110
21 27 512 5118
21 28 159 1587
21 29 625 6249
21 30 891 8912
22 1 434 4338
22 2 435 4346
22 3 464 4638
22 4 507 5070
22 5 358 3584
22 6 783 7826
22 7 276 2756
22 8 436 4365
22 9 521 5210
22 10 487 4865
22 11 910 9104
22 12 540 5403
22 13 173 1734
22 14 232 2316
22 15 247 2469
22 16 549 5492
22 17 547 5471
22 18 488 4880
22 19 454 4541
22 20 117 1169
22 21 871 8713
22 23 348 3477
22 24 316 3155
22 25 649 6492
22 26 908 9081
22 27 606 6061
22 28 723 7229
22 29 880 8798
22 30 965 9653
23 1 577 5772
23 2 491 4911
23 3 133 1330
23 4 713 7135
23 5 557 5574
23 6 449 4486
23 7 197 1966
23 8 95 947
23 9 211 2110
23 10 141 1407
23 11 773 7729
23 12 296 2962
23 13 206 2056
23 14 338 3376
23 15 204 2041
23 16 538 5376
23 17 272 2724
23 18 303 3032
23 19 116 1162
23 20 243 2432
23 21 525 5251
23 22 348 3477
23 24 294 2941
23 25 328 3282
23 26 824 8239
23 27 356 3556
23 28 382 3820
23 29 641 6406
23 30 809 8088
24 1 292 2915
24 2 197 1972
24 3 318 3176
24 4 440 4405
24 5 297 2973
24 6 579 5790
24 7 407 4069
24 8 322 3225
24 9 501 5012
24 10 368 3681
24 11 596 5960
24 12 276 2756
24 13 179 1786
24 14 111 1113
24 15 393 3925
24 16 265 2647
24 17 306 3057
24 18 198 1982
24 19 325 3246
24 20 223 2228
24 21 746 7455
24 22 316 3155
24 23 294 2941
24 25 439 4386
24 26 604 6042
24 27 333 3333
24 28 631 6311
24 29 580 5803
24 30 650 6498
25 1 708 7078
25 2 582 5816
25 3 195 1953
25 4 865 8652
25 5 734 7335
25 6 141 1408
25 7 517 5174
25 8 235 2353
25 9 345 3451
25 10 204 2035
25 11 593 5926
25 12 184 1840
25 13 479 4794
25 14 539 5392
25 15 530 5296
25 16 550 5498
25 17 138 1375
25 18 271 2715
25 19 213 2128
25 20 533 5331
25 21 342 3419
25 22 649 6492
25 23 328 3282
25 24 439 4386
25 26 691 6909
25 27 171 1709
25 28 294 2938
25 29 368 3683
25 30 603 6033
26 1 572 5724
26 2 491 4911
26 3 752 7519
26 4 672 6719
26 5 670 6701
26 6 762 7616
26 7 991 9910
26 8 788 7878
26 9 976 9761
26 10 802 8024
26 11 140 1400
26 12 559 5585
26 13 782 7819
26 14 677 6769
26 15 983 9826
26 16 363 3632
26 17 606 6064
26 18 522 5221
26 19 773 7727
26 20 827 8266
26 21 1011 10110
26 22 908 9081
26 23 824 8239
26 24 604 6042
26 25 691 6909
26 27 530 5301
26 28 984 9845
26 29 424 4243
26 30 195 1949
27 1 568 5681
27 2 436 4364
27 3 244 2442
27 4 727 7265
27 5 610 6096
27 6 286 2856
27 7 551 5507
27 8 287 2869
27 9 457 4574
27 10 286 2858
27 11 446 4457
27 12 66 663
27 13 434 4338
27 14 444 4438
27 15 554 5542
27 16 386 3863
27 17 86 864
27 18 137 1365
27 19 267 2668
27 20 491 4909
27 21 512 5118
27 22 606 6061
27 23 356 3556
27 24 333 3333
27 25 171 1709
27 26 530 5301
27 28 458 4583
27 29 287 2869
27 30 469 4689
28 1 922 9220
28 2 811 8113
28 3 314 3136
28 4 1071 10710
28 5 922 9216
28 6 272 2723
28 7 491 4906
28 8 314 3138
28 9 219 2194
28 10 264 2644
28 11 885 8851
28 12 449 4493
28 13 587 5870
28 14 704 7043
28 15 515 5152
28 16 810 8101
28 17 396 3965
28 18 523 5231
28 19 308 3076
28 20 625 6245
28 21 159 1587
28 22 723 7229
28 23 382 3820
28 24 631 6311
28 25 294 2938
28 26 984 9845
28 27 458 4583
28 29 641 6410
28 30 892 8921
29 1 739 7390
29 2 609 6090
29 3 520 5204
29 4 888 8879
29 5 808 8077
29 6 379 3793
29 7 837 8366
29 8 565 5645
29 9 711 7108
29 10 552 5518
29 11 290 2904
29 12 351 3514
29 13 711 7111
29 14 690 6898
29 15 841 8409
29 16 505 5054
29 17 368 3681
29 18 392 3918
29 19 543 5426
29 20 768 7679
29 21 625 6249
29 22 880 8798
29 23 641 6406
29 24 580 5803
29 25 368 3683
29 26 424 4243
29 27 287 2869
29 28 641 6410
29 30 270 2700
30 1 698 6984
30 2 592 5916
30 3 711 7114
30 4 821 8206
30 5 788 7884
30 6 642 6423
30 7 994 9943
30 8 753 7526
30 9 926 9257
30 10 755 7547
30 11 69 693
30 12 517 5168
30 13 816 8162
30 14 743 7431
30 15 992 9915
30 16 462 4625
30 17 554 5545
30 18 512 5119
30 19 734 7337
30 20 868 8679
30 21 891 8912
30 22 965 9653
30 23 809 8088
30 24 650 6498
30 25 603 6033
30 26 195 1949
30 27 469 4689
30 28 892 8921
30 29 270 2700
