40
747
528
32
36
2
25
32
30
1
26
8
21
13
35
18
11
12
34
38
27
9
6
7
29
24
20
28
17
40
15
31
16
39
22
4
4
5
2
9
35
1 2 329 3293
1 3 268 2685
1 4 376 3764
1 5 276 2765
1 6 401 4015
1 7 324 3235
1 8 257 2571
1 9 754 7539
1 10 257 2571
1 11 176 1757
1 12 767 7673
1 13 467 4667
1 14 582 5815
1 15 539 5387
1 16 716 7155
1 17 296 2964
1 18 398 3985
1 19 18 176
1 20 384 3841
1 21 461 4611
1 22 600 6000
1 23 570 5700
1 24 753 7532
1 25 136 1357
1 26 237 2372
1 27 748 7481
1 28 321 3213
1 29 409 4092
1 30 427 4271
1 31 514 5142
1 32 661 6613
1 33 780 7801
1 34 486 4857
1 35 294 2943
1 36 707 7071
1 37 494 4940
1 38 250 2503
1 39 723 7228
1 40 471 4708
2 1 329 3293
2 3 451 4510
2 4 706 7057
2 5 346 3465
2 6 123 1235
2 7 119 1187
2 8 156 1562
2 9 439 4389
2 10 244 2443
2 11 225 2246
2 12 768 7679
2 13 562 5621
2 14 502 5024
2 15 557 5570
2 16 572 5724
2 17 126 1256
2 18 325 3255
2 19 331 3309
2 20 698 6978
2 21 663 6632
2 22 687 6875
2 23 647 6474
2 24 470 4696
2 25 434 4343
2 26 229 2295
2 27 672 6719
2 28 24 236
2 29 81 809
2 30 221 2210
2 31 217 2167
2 32 719 7190
2 33 476 4765
2 34 486 4863
2 35 494 4944
2 36 378 3778
2 37 188 1878
2 38 578 5784
2 39 541 5410
2 40 175 1753
3 1 268 2685
3 2 451 4510
3 4 434 4339
3 5 133 1335
3 6 449 4492
3 7 509 5092
3 8 301 3012
3 9 883 8835
3 10 501 5009
3 11 415 4151
3 12 1035 10351
3 13 734 7344
3 14 835 8353
3 15 806 8058
3 16 956 9558
3 17 489 4890
3 18 284 2838
3 19 286 2858
3 20 528 5277
3 21 706 7058
3 22 867 8667
3 23 838 8377
3 24 920 9202
3 25 178 1782
3 26 478 4777
3 27 1006 10061
3 28 431 4312
3 29 525 5251
3 30 629 6293
3 31 544 5445
3 32 929 9294
3 33 926 9260
3 34 276 2755
3 35 552 5523
3 36 785 7853
3 37 639 6388
3 38 316 3164
3 39 949 9493
3 40 625 6250
4 1 376 3764
4 2 706 7057
4 3 434 4339
4 5 541 5412
4 6 771 7706
4 7 688 6881
4 8 616 6161
4 9 1124 11238
4 10 582 5818
4 11 523 5233
4 12 923 9227
4 13 608 6082
4 14 837 8369
4 15 729 7290
4 16 993 9934
4 17 660 6599
4 18 697 6969
4 19 376 3756
4 20 157 1572
4 21 466 4664
4 22 704 7038
4 23 694 6937
4 24 1108 11083
4 25 300 2996
4 26 571 5705
4 27 973 9732
4 28 697 6973
4 29 785 7854
4 30 775 7747
4 31 883 8825
4 32 781 7810
4 33 1144 11444
4 34 709 7086
4 35 414 4136
4 36 1083 10835
4 37 865 8648
4 38 133 1326
4 39 1024 10243
4 40 840 8397
5 1 276 2765
5 2 346 3465
5 3 133 1335
5 4 541 5412
5 6 324 3239
5 7 426 4258
5 8 190 1903
5 9 766 7657
5 10 454 4536
5 11 373 3727
5 12 1010 10102
5 13 729 7295
5 14 785 7846
5 15 781 7809
5 16 889 8891
5 17 411 4107
5 18 157 1568
5 19 293 2933
5 20 611 6114
5 21 738 7375
5 22 865 8647
5 23 831 8315
5 24 814 8138
5 25 250 2503
5 26 430 4297
5 27 958 9584
5 28 324 3244
5 29 413 4134
5 30 547 5468
5 31 414 4137
5 32 920 9198
5 33 812 8123
5 34 209 2093
5 35 570 5699
5 36 658 6578
5 37 531 5314
5 38 414 4136
5 39 872 8722
5 40 521 5215
6 1 401 4015
6 2 123 1235
6 3 449 4492
6 4 771 7706
6 5 324 3239
6 7 240 2403
6 8 159 1585
6 9 445 4453
6 10 366 3660
6 11 335 3354
6 12 888 8877
6 13 685 6850
6 14 618 6176
6 15 680 6797
6 16 673 6728
6 17 249 2491
6 18 249 2488
6 19 408 4077
6 20 784 7835
6 21 779 7785
6 22 811 8109
6 23 771 7709
6 24 510 5101
6 25 480 4801
6 26 350 3497
6 27 784 7836
6 28 110 1096
6 29 126 1262
6 30 328 3278
6 31 113 1127
6 32 842 8423
6 33 497 4965
6 34 413 4127
6 35 607 6067
6 36 336 3363
6 37 239 2394
6 38 639 6390
6 39 631 6313
6 40 242 2421
7 1 324 3235
7 2 119 1187
7 3 509 5092
7 4 688 6881
7 5 426 4258
7 6 240 2403
7 8 246 2459
7 9 436 4361
7 10 147 1474
7 11 167 1673
7 12 649 6492
7 13 453 4531
7 14 386 3858
7 15 440 4395
7 16 467 4673
7 17 28 282
7 18 434 4337
7 19 319 3187
7 20 654 6542
7 21 573 5729
7 22 574 5743
7 23 534 5338
7 24 430 4302
7 25 450 4499
7 26 141 1411
7 27 557 5570
7 28 139 1386
7 29 147 1469
7 30 121 1213
7 31 320 3199
7 32 603 6026
7 33 458 4576
7 34 589 5892
7 35 413 4133
7 36 424 4235
7 37 179 1795
7 38 570 5700
7 39 446 4464
7 40 153 1525
8 1 257 2571
8 2 156 1562
8 3 301 3012
8 4 616 6161
8 5 190 1903
8 6 159 1585
8 7 246 2459
8 9 582 5822
8 10 312 3124
8 11 249 2494
8 12 871 8710
8 13 623 6227
8 14 624 6237
8 15 647 6474
8 16 713 7132
8 17 236 2363
8 18 196 1962
8 19 267 2666
8 20 641 6409
8 21 680 6796
8 22 756 7561
8 23 719 7187
8 24 624 6241
8 25 322 3224
8 26 290 2900
8 27 797 7972
8 28 134 1341
8 29 225 2249
8 30 364 3643
8 31 268 2677
8 32 800 8002
8 33 626 6256
8 34 344 3444
8 35 505 5045
8 36 492 4916
8 37 342 3416
8 38 484 4839
8 39 690 6895
8 40 331 3312
9 1 754 7539
9 2 439 4389
9 3 883 8835
9 4 1124 11238
9 5 766 7657
9 6 445 4453
9 7 436 4361
9 8 582 5822
9 10 561 5613
9 11 603 6027
9 12 817 8165
9 13 780 7795
9 14 553 5529
9 15 698 6980
9 16 489 4894
9 17 464 4643
9 18 687 6870
9 19 751 7513
9 20 1086 10860
9 21 951 9510
9 22 859 8587
9 23 819 8195
9 24 140 1395
9 25 870 8703
9 26 565 5651
9 27 648 6481
9 28 456 4556
9 29 360 3601
9 30 371 3712
9 31 390 3898
9 32 849 8493
9 33 68 684
9 34 846 8462
9 35 819 8187
9 36 178 1779
9 37 260 2600
9 38 1003 10034
9 39 408 4075
9 40 284 2842
10 1 257 2571
10 2 244 2443
10 3 501 5009
10 4 582 5818
10 5 454 4536
10 6 366 3660
10 7 147 1474
10 8 312 3124
10 9 561 5613
10 11 86 859
10 12 561 5609
10 13 320 3198
10 14 335 3348
10 15 335 3352
10 16 460 4596
10 17 125 1254
10 18 508 5082
10 19 245 2452
10 20 526 5261
10 21 426 4257
10 22 449 4490
10 23 410 4102
10 24 528 5285
10 25 393 3927
10 26 24 240
10 27 507 5071
10 28 256 2565
10 29 292 2922
10 30 195 1953
10 31 459 4591
10 32 489 4888
10 33 571 5715
10 34 646 6462
10 35 267 2670
10 36 568 5682
10 37 317 3172
10 38 477 4771
10 39 466 4661
10 40 288 2879
11 1 176 1757
11 2 225 2246
11 3 415 4151
11 4 523 5233
11 5 373 3727
11 6 335 3354
11 7 167 1673
11 8 249 2494
11 9 603 6027
11 10 86 859
11 12 638 6378
11 13 373 3735
11 14 420 4203
11 15 409 4091
11 16 545 5447
11 17 139 1392
11 18 441 4408
11 19 166 1659
11 20 488 4877
11 21 443 4434
11 22 507 5075
11 23 471 4709
11 24 587 5868
11 25 311 3109
11 26 63 634
11 27 592 5920
11 28 229 2292
11 29 291 2909
11 30 255 2552
11 31 440 4396
11 32 555 5548
11 33 621 6212
11 34 571 5705
11 35 271 2714
11 36 585 5848
11 37 347 3466
11 38 410 4097
11 39 548 5479
11 40 320 3198
12 1 767 7673
12 2 768 7679
12 3 1035 10351
12 4 923 9227
12 5 1010 10102
12 6 888 8877
12 7 649 6492
12 8 871 8710
12 9 817 8165
12 10 561 5609
12 11 638 6378
12 13 320 3196
12 14 281 2811
12 15 230 2299
12 16 339 3389
12 17 646 6464
12 18 1067 10672
12 19 750 7504
12 20 785 7851
12 21 473 4731
12 22 226 2263
12 23 229 2293
12 24 694 6939
12 25 886 8859
12 26 584 5845
12 27 183 1830
12 28 787 7874
12 29 775 7750
12 30 570 5699
12 31 949 9493
12 32 150 1498
12 33 776 7761
12 34 1207 12070
12 35 523 5226
12 36 933 9332
12 37 715 7145
12 38 884 8840
12 39 425 4249
12 40 691 6914
13 1 467 4667
13 2 562 5621
13 3 734 7344
13 4 608 6082
13 5 729 7295
13 6 685 6850
13 7 453 4531
13 8 623 6227
13 9 780 7795
13 10 320 3198
13 11 373 3735
13 12 320 3196
13 14 281 2815
13 15 131 1309
13 16 439 4393
13 17 438 4380
13 18 814 8138
13 19 449 4492
13 20 480 4798
13 21 200 2002
13 22 135 1353
13 23 103 1033
13 24 696 6960
13 25 575 5750
13 26 338 3385
13 27 375 3748
13 28 576 5757
13 29 599 5991
13 30 431 4310
13 31 773 7729
13 32 195 1954
13 33 764 7644
13 34 935 9355
13 35 203 2031
13 36 839 8390
13 37 587 5868
13 38 564 5644
13 39 500 4997
13 40 558 5576
14 1 582 5815
14 2 502 5024
14 3 835 8353
14 4 837 8369
14 5 785 7846
14 6 618 6176
14 7 386 3858
14 8 624 6237
14 9 553 5529
14 10 335 3348
14 11 420 4203
14 12 281 2811
14 13 281 2815
14 15 162 1619
14 16 161 1611
14 17 389 3889
14 18 817 8171
14 19 567 5670
14 20 732 7319
14 21 481 4812
14 22 317 3169
14 23 282 2817
14 24 445 4448
14 25 714 7143
14 26 358 3584
14 27 174 1740
14 28 524 5237
14 29 500 4998
14 30 293 2928
14 31 672 6716
14 32 297 2971
14 33 522 5223
14 34 967 9674
14 35 429 4286
14 36 656 6558
14 37 434 4336
14 38 761 7615
14 39 219 2187
14 40 411 4109
15 1 539 5387
15 2 557 5570
15 3 806 8058
15 4 729 7290
15 5 781 7809
15 6 680 6797
15 7 440 4395
15 8 647 6474
15 9 698 6980
15 10 335 3352
15 11 409 4091
15 12 230 2299
15 13 131 1309
15 14 162 1619
15 16 313 3129
15 17 432 4321
15 18 843 8433
15 19 522 5219
15 20 607 6071
15 21 329 3291
15 22 161 1608
15 23 122 1224
15 24 600 5998
15 25 660 6603
15 26 358 3582
15 27 246 2460
15 28 575 5746
15 29 577 5767
15 30 383 3833
15 31 753 7535
15 32 165 1652
15 33 674 6740
15 34 979 9794
15 35 316 3161
15 36 781 7807
15 37 539 5387
15 38 673 6734
15 39 379 3794
15 40 512 5117
16 1 716 7155
16 2 572 5724
16 3 956 9558
16 4 993 9934
16 5 889 8891
16 6 673 6728
16 7 467 4673
16 8 713 7132
16 9 489 4894
16 10 460 4596
16 11 545 5447
16 12 339 3389
16 13 439 4393
16 14 161 1611
16 15 313 3129
16 17 479 4791
16 18 897 8975
16 19 703 7026
16 20 892 8922
16 21 639 6395
16 22 453 4526
16 23 423 4232
16 24 359 3593
16 25 851 8507
16 26 481 4813
16 27 160 1604
16 28 596 5956
16 29 547 5472
16 30 352 3515
16 31 702 7023
16 32 413 4131
16 33 443 4426
16 34 1056 10559
16 35 588 5883
16 36 627 6270
16 37 452 4522
16 38 912 9121
16 39 86 861
16 40 438 4381
17 1 296 2964
17 2 126 1256
17 3 489 4890
17 4 660 6599
17 5 411 4107
17 6 249 2491
17 7 28 282
17 8 236 2363
17 9 464 4643
17 10 125 1254
17 11 139 1392
17 12 646 6464
17 13 438 4380
17 14 389 3889
17 15 432 4321
17 16 479 4791
17 18 428 4282
17 19 291 2912
17 20 626 6264
17 21 551 5509
17 22 562 5621
17 23 522 5219
17 24 457 4569
17 25 424 4240
17 26 116 1165
17 27 562 5617
17 28 142 1425
17 29 167 1668
17 30 140 1404
17 31 336 3355
17 32 594 5936
17 33 485 4854
17 34 581 5807
17 35 389 3890
17 36 450 4497
17 37 207 2075
17 38 542 5422
17 39 463 4626
17 40 181 1807
18 1 398 3985
18 2 325 3255
18 3 284 2838
18 4 697 6969
18 5 157 1568
18 6 249 2488
18 7 434 4337
18 8 196 1962
18 9 687 6870
18 10 508 5082
18 11 441 4408
18 12 1067 10672
18 13 814 8138
18 14 817 8171
18 15 843 8433
18 16 897 8975
18 17 428 4282
18 19 413 4131
18 20 759 7592
18 21 852 8524
18 22 948 9482
18 23 912 9117
18 24 759 7588
18 25 402 4018
18 26 485 4854
18 27 990 9898
18 28 302 3021
18 29 368 3675
18 30 546 5460
18 31 305 3048
18 32 995 9948
18 33 742 7420
18 34 164 1643
18 35 679 6790
18 36 554 5540
18 37 486 4858
18 38 568 5679
18 39 866 8658
18 40 485 4847
19 1 18 176
19 2 331 3309
19 3 286 2858
19 4 376 3756
19 5 293 2933
19 6 408 4077
19 7 319 3187
19 8 267 2666
19 9 751 7513
19 10 245 2452
19 11 166 1659
19 12 750 7504
19 13 449 4492
19 14 567 5670
19 15 522 5219
19 16 703 7026
19 17 291 2912
19 18 413 4131
19 20 376 3762
19 21 445 4446
19 22 582 5824
19 23 552 5525
19 24 747 7474
19 25 148 1482
19 26 226 2261
19 27 733 7328
19 28 324 3240
19 29 410 4100
19 30 419 4194
19 31 520 5203
19 32 644 6438
19 33 776 7761
19 34 503 5026
19 35 277 2770
19 36 709 7086
19 37 491 4914
19 38 252 2521
19 39 711 7113
19 40 468 4676
20 1 384 3841
20 2 698 6978
20 3 528 5277
20 4 157 1572
20 5 611 6114
20 6 784 7835
20 7 654 6542
20 8 641 6409
20 9 1086 10860
20 10 526 5261
20 11 488 4877
20 12 785 7851
20 13 480 4798
20 14 732 7319
20 15 607 6071
20 16 892 8922
20 17 626 6264
20 18 759 7592
20 19 376 3762
20 21 318 3177
20 22 562 5616
20 23 556 5561
20 24 1052 10517
20 25 362 3617
20 26 521 5209
20 27 853 8530
20 28 695 6946
20 29 773 7728
20 30 721 7209
20 31 896 8960
20 32 639 6395
20 33 1098 10976
20 34 801 8009
20 35 304 3041
20 36 1071 10706
20 37 834 8336
20 38 215 2151
20 39 933 9332
20 40 806 8060
21 1 461 4611
21 2 663 6632
21 3 706 7058
21 4 466 4664
21 5 738 7375
21 6 779 7785
21 7 573 5729
21 8 680 6796
21 9 951 9510
21 10 426 4257
21 11 443 4434
21 12 473 4731
21 13 200 2002
21 14 481 4812
21 15 329 3291
21 16 639 6395
21 17 551 5509
21 18 852 8524
21 19 445 4446
21 20 318 3177
21 22 247 2471
21 23 248 2485
21 24 880 8803
21 25 530 5297
21 26 436 4358
21 27 566 5661
21 28 671 6708
21 29 718 7177
21 30 585 5855
21 31 880 8799
21 32 325 3248
21 33 943 9435
21 34 946 9465
21 35 175 1751
21 36 987 9874
21 37 733 7327
21 38 462 4621
21 39 699 6987
21 40 703 7029
22 1 600 6000
22 2 687 6875
22 3 867 8667
22 4 704 7038
22 5 865 8647
22 6 811 8109
22 7 574 5743
22 8 756 7561
22 9 859 8587
22 10 449 4490
22 11 507 5075
22 12 226 2263
22 13 135 1353
22 14 317 3169
22 15 161 1608
22 16 453 4526
22 17 562 5621
22 18 948 9482
22 19 582 5824
22 20 562 5616
22 21 247 2471
22 23 41 412
22 24 760 7595
22 25 704 7035
22 26 469 4691
22 27 343 3429
22 28 702 7025
22 29 718 7177
22 30 535 5347
22 31 894 8936
22 32 78 779
22 33 834 8345
22 34 1071 10708
22 35 323 3228
22 36 938 9378
22 37 691 6915
22 38 677 6773
22 39 528 5276
22 40 663 6635
23 1 570 5700
23 2 647 6474
23 3 838 8377
23 4 694 6937
23 5 831 8315
23 6 771 7709
23 7 534 5338
23 8 719 7187
23 9 819 8195
23 10 410 4102
23 11 471 4709
23 12 229 2293
23 13 103 1033
23 14 282 2817
23 15 122 1224
23 16 423 4232
23 17 522 5219
23 18 912 9117
23 19 552 5525
23 20 556 5561
23 21 248 2485
23 22 41 412
23 24 722 7222
23 25 678 6775
23 26 431 4307
23 27 324 3240
23 28 663 6627
23 29 677 6768
23 30 494 4935
23 31 853 8528
23 32 93 929
23 33 796 7963
23 34 1037 10366
23 35 301 3009
23 36 897 8969
23 37 650 6503
23 38 660 6598
23 39 496 4956
23 40 622 6223
24 1 753 7532
24 2 470 4696
24 3 920 9202
24 4 1108 11083
24 5 814 8138
24 6 510 5101
24 7 430 4302
24 8 624 6241
24 9 140 1395
24 10 528 5285
24 11 587 5868
24 12 694 6939
24 13 696 6960
24 14 445 4448
24 15 600 5998
24 16 359 3593
24 17 457 4569
24 18 759 7588
24 19 747 7474
24 20 1052 10517
24 21 880 8803
24 22 760 7595
24 23 722 7222
24 25 880 8798
24 26 538 5380
24 27 520 5196
24 28 490 4904
24 29 401 4009
24 30 334 3338
24 31 481 4811
24 32 741 7412
24 33 83 834
24 34 922 9222
24 35 766 7663
24 36 308 3085
24 37 282 2825
24 38 996 9963
24 39 275 2748
24 40 295 2953
25 1 136 1357
25 2 434 4343
25 3 178 1782
25 4 300 2996
25 5 250 2503
25 6 480 4801
25 7 450 4499
25 8 322 3224
25 9 870 8703
25 10 393 3927
25 11 311 3109
25 12 886 8859
25 13 575 5750
25 14 714 7143
25 15 660 6603
25 16 851 8507
25 17 424 4240
25 18 402 4018
25 19 148 1482
25 20 362 3617
25 21 530 5297
25 22 704 7035
25 23 678 6775
25 24 880 8798
25 26 373 3728
25 27 878 8784
25 28 421 4212
25 29 515 5151
25 30 559 5590
25 31 590 5900
25 32 770 7702
25 33 901 9014
25 34 442 4420
25 35 383 3831
25 36 806 8058
25 37 612 6118
25 38 168 1677
25 39 858 8584
25 40 591 5911
26 1 237 2372
26 2 229 2295
26 3 478 4777
26 4 571 5705
26 5 430 4297
26 6 350 3497
26 7 141 1411
26 8 290 2900
26 9 565 5651
26 10 24 240
26 11 63 634
26 12 584 5845
26 13 338 3385
26 14 358 3584
26 15 358 3582
26 16 481 4813
26 17 116 1165
26 18 485 4854
26 19 226 2261
26 20 521 5209
26 21 436 4358
26 22 469 4691
26 23 431 4307
26 24 538 5380
26 25 373 3728
26 27 531 5309
26 28 240 2401
26 29 282 2824
26 30 204 2043
26 31 446 4456
26 32 510 5105
26 33 578 5781
26 34 623 6225
26 35 273 2725
26 36 564 5644
26 37 316 3163
26 38 463 4627
26 39 486 4856
26 40 288 2876
27 1 748 7481
27 2 672 6719
27 3 1006 10061
27 4 973 9732
27 5 958 9584
27 6 784 7836
27 7 557 5570
27 8 797 7972
27 9 648 6481
27 10 507 5071
27 11 592 5920
27 12 183 1830
27 13 375 3748
27 14 174 1740
27 15 246 2460
27 16 160 1604
27 17 562 5617
27 18 990 9898
27 19 733 7328
27 20 853 8530
27 21 566 5661
27 22 343 3429
27 23 324 3240
27 24 520 5196
27 25 878 8784
27 26 531 5309
27 28 694 6938
27 29 662 6621
27 30 456 4558
27 31 829 8285
27 32 286 2856
27 33 603 6028
27 34 1141 11411
27 35 560 5596
27 36 779 7786
27 37 582 5823
27 38 911 9107
27 39 246 2462
27 40 563 5634
28 1 321 3213
28 2 24 236
28 3 431 4312
28 4 697 6973
28 5 324 3244
28 6 110 1096
28 7 139 1386
28 8 134 1341
28 9 456 4556
28 10 256 2565
28 11 229 2292
28 12 787 7874
28 13 576 5757
28 14 524 5237
28 15 575 5746
28 16 596 5956
28 17 142 1425
28 18 302 3021
28 19 324 3240
28 20 695 6946
28 21 671 6708
28 22 702 7025
28 23 663 6627
28 24 490 4904
28 25 421 4212
28 26 240 2401
28 27 694 6938
28 29 96 956
28 30 244 2441
28 31 210 2105
28 32 736 7358
28 33 495 4951
28 34 463 4627
28 35 500 5003
28 36 387 3868
28 37 208 2081
28 38 569 5688
28 39 565 5646
28 40 197 1971
29 1 409 4092
29 2 81 809
29 3 525 5251
29 4 785 7854
29 5 413 4134
29 6 126 1262
29 7 147 1469
29 8 225 2249
29 9 360 3601
29 10 292 2922
29 11 291 2909
29 12 775 7750
29 13 599 5991
29 14 500 4998
29 15 577 5767
29 16 547 5472
29 17 167 1668
29 18 368 3675
29 19 410 4100
29 20 773 7728
29 21 718 7177
29 22 718 7177
29 23 677 6768
29 24 401 4009
29 25 515 5151
29 26 282 2824
29 27 662 6621
29 28 96 956
29 30 207 2072
29 31 177 1768
29 32 741 7415
29 33 401 4009
29 34 532 5317
29 35 554 5541
29 36 299 2991
29 37 120 1199
29 38 659 6588
29 39 505 5051
29 40 117 1173
30 1 427 4271
30 2 221 2210
30 3 629 6293
30 4 775 7747
30 5 547 5468
30 6 328 3278
30 7 121 1213
30 8 364 3643
30 9 371 3712
30 10 195 1953
30 11 255 2552
30 12 570 5699
30 13 431 4310
30 14 293 2928
30 15 383 3833
30 16 352 3515
30 17 140 1404
30 18 546 5460
30 19 419 4194
30 20 721 7209
30 21 585 5855
30 22 535 5347
30 23 494 4935
30 24 334 3338
30 25 559 5590
30 26 204 2043
30 27 456 4558
30 28 244 2441
30 29 207 2072
30 31 380 3795
30 32 548 5481
30 33 377 3769
30 34 705 7050
30 35 447 4475
30 36 408 4081
30 37 157 1569
30 38 665 6646
30 39 326 3256
30 40 129 1288
31 1 514 5142
31 2 217 2167
31 3 544 5445
31 4 883 8825
31 5 414 4137
31 6 113 1127
31 7 320 3199
31 8 268 2677
31 9 390 3898
31 10 459 4591
31 11 440 4396
31 12 949 9493
31 13 773 7729
31 14 672 6716
31 15 753 7535
31 16 702 7023
31 17 336 3355
31 18 305 3048
31 19 520 5203
31 20 896 8960
31 21 880 8799
31 22 894 8936
31 23 853 8528
31 24 481 4811
31 25 590 5900
31 26 446 4456
31 27 829 8285
31 28 210 2105
31 29 177 1768
31 30 380 3795
31 32 918 9182
31 33 450 4499
31 34 459 4586
31 35 710 7105
31 36 249 2495
31 37 250 2502
31 38 751 7507
31 39 649 6489
31 40 266 2656
32 1 661 6613
32 2 719 7190
32 3 929 9294
32 4 781 7810
32 5 920 9198
32 6 842 8423
32 7 603 6026
32 8 800 8002
32 9 849 8493
32 10 489 4888
32 11 555 5548
32 12 150 1498
32 13 195 1954
32 14 297 2971
32 15 165 1652
32 16 413 4131
32 17 594 5936
32 18 995 9948
32 19 644 6438
32 20 639 6395
32 21 325 3248
32 22 78 779
32 23 93 929
32 24 741 7412
32 25 770 7702
32 26 510 5105
32 27 286 2856
32 28 736 7358
32 29 741 7415
32 30 548 5481
32 31 918 9182
32 33 819 8193
32 34 1124 11235
32 35 394 3935
32 36 942 9419
32 37 703 7030
32 38 751 7514
32 39 493 4935
32 40 676 6764
33 1 780 7801
33 2 476 4765
33 3 926 9260
33 4 1144 11444
33 5 812 8123
33 6 497 4965
33 7 458 4576
33 8 626 6256
33 9 68 684
33 10 571 5715
33 11 621 6212
33 12 776 7761
33 13 764 7644
33 14 522 5223
33 15 674 6740
33 16 443 4426
33 17 485 4854
33 18 742 7420
33 19 776 7761
33 20 1098 10976
33 21 943 9435
33 22 834 8345
33 23 796 7963
33 24 83 834
33 25 901 9014
33 26 578 5781
33 27 603 6028
33 28 495 4951
33 29 401 4009
33 30 377 3769
33 31 450 4499
33 32 819 8193
33 34 903 9030
33 35 820 8205
33 36 246 2462
33 37 291 2906
33 38 1028 10276
33 39 358 3582
33 40 310 3104
34 1 486 4857
34 2 486 4863
34 3 276 2755
34 4 709 7086
34 5 209 2093
34 6 413 4127
34 7 589 5892
34 8 344 3444
34 9 846 8462
34 10 646 6462
34 11 571 5705
34 12 1207 12070
34 13 935 9355
34 14 967 9674
34 15 979 9794
34 16 1056 10559
34 17 581 5807
34 18 164 1643
34 19 503 5026
34 20 801 8009
34 21 946 9465
34 22 1071 10708
34 23 1037 10366
34 24 922 9222
34 25 442 4420
34 26 623 6225
34 27 1141 11411
34 28 463 4627
34 29 532 5317
34 30 705 7050
34 31 459 4586
34 32 1124 11235
34 33 903 9030
34 35 779 7793
34 36 704 7045
34 37 650 6501
34 38 592 5916
34 39 1027 10273
34 40 649 6487
35 1 294 2943
35 2 494 4944
35 3 552 5523
35 4 414 4136
35 5 570 5699
35 6 607 6067
35 7 413 4133
35 8 505 5045
35 9 819 8187
35 10 267 2670
35 11 271 2714
35 12 523 5226
35 13 203 2031
35 14 429 4286
35 15 316 3161
35 16 588 5883
35 17 389 3890
35 18 679 6790
35 19 277 2770
35 20 304 3041
35 21 175 1751
35 22 323 3228
35 23 301 3009
35 24 766 7663
35 25 383 3831
35 26 273 2725
35 27 560 5596
35 28 500 5003
35 29 554 5541
35 30 447 4475
35 31 710 7105
35 32 394 3935
35 33 820 8205
35 34 779 7793
35 36 835 8352
35 37 583 5833
35 38 361 3614
35 39 630 6296
35 40 554 5537
36 1 707 7071
36 2 378 3778
36 3 785 7853
36 4 1083 10835
36 5 658 6578
36 6 336 3363
36 7 424 4235
36 8 492 4916
36 9 178 1779
36 10 568 5682
36 11 585 5848
36 12 933 9332
36 13 839 8390
36 14 656 6558
36 15 781 7807
36 16 627 6270
36 17 450 4497
36 18 554 5540
36 19 709 7086
36 20 1071 10706
36 21 987 9874
36 22 938 9378
36 23 897 8969
36 24 308 3085
36 25 806 8058
36 26 564 5644
36 27 779 7786
36 28 387 3868
36 29 299 2991
36 30 408 4081
36 31 249 2495
36 32 942 9419
36 33 246 2462
36 34 704 7045
36 35 835 8352
36 37 255 2548
36 38 956 9555
36 39 553 5526
36 40 285 2846
37 1 494 4940
37 2 188 1878
37 3 639 6388
37 4 865 8648
37 5 531 5314
37 6 239 2394
37 7 179 1795
37 8 342 3416
37 9 260 2600
37 10 317 3172
37 11 347 3466
37 12 715 7145
37 13 587 5868
37 14 434 4336
37 15 539 5387
37 16 452 4522
37 17 207 2075
37 18 486 4858
37 19 491 4914
37 20 834 8336
37 21 733 7327
37 22 691 6915
37 23 650 6503
37 24 282 2825
37 25 612 6118
37 26 316 3163
37 27 582 5823
37 28 208 2081
37 29 120 1199
37 30 157 1569
37 31 250 2502
37 32 703 7030
37 33 291 2906
37 34 650 6501
37 35 583 5833
37 36 255 2548
37 38 744 7435
37 39 400 4001
37 40 30 299
38 1 250 2503
38 2 578 5784
38 3 316 3164
38 4 133 1326
38 5 414 4136
38 6 639 6390
38 7 570 5700
38 8 484 4839
38 9 1003 10034
38 10 477 4771
38 11 410 4097
38 12 884 8840
38 13 564 5644
38 14 761 7615
38 15 673 6734
38 16 912 9121
38 17 542 5422
38 18 568 5679
38 19 252 2521
38 20 215 2151
38 21 462 4621
38 22 677 6773
38 23 660 6598
38 24 996 9963
38 25 168 1677
38 26 463 4627
38 27 911 9107
38 28 569 5688
38 29 659 6588
38 30 665 6646
38 31 751 7507
38 32 751 7514
38 33 1028 10276
38 34 592 5916
38 35 361 3614
38 36 956 9555
38 37 744 7435
38 39 934 9344
38 40 720 7197
39 1 723 7228
39 2 541 5410
39 3 949 9493
39 4 1024 10243
39 5 872 8722
39 6 631 6313
39 7 446 4464
39 8 690 6895
39 9 408 4075
39 10 466 4661
39 11 548 5479
39 12 425 4249
39 13 500 4997
39 14 219 2187
39 15 379 3794
39 16 86 861
39 17 463 4626
39 18 866 8658
39 19 711 7113
39 20 933 9332
39 21 699 6987
39 22 528 5276
39 23 496 4956
39 24 275 2748
39 25 858 8584
39 26 486 4856
39 27 246 2462
39 28 565 5646
39 29 505 5051
39 30 326 3256
39 31 649 6489
39 32 493 4935
39 33 358 3582
39 34 1027 10273
39 35 630 6296
39 36 553 5526
39 37 400 4001
39 38 934 9344
39 40 391 3906
40 1 471 4708
40 2 175 1753
40 3 625 6250
40 4 840 8397
40 5 521 5215
40 6 242 2421
40 7 153 1525
40 8 331 3312
40 9 284 2842
40 10 288 2879
40 11 320 3198
40 12 691 6914
40 13 558 5576
40 14 411 4109
40 15 512 5117
40 16 438 4381
40 17 181 1807
40 18 485 4847
40 19 468 4676
40 20 806 8060
40 21 703 7029
40 22 663 6635
40 23 622 6223
40 24 295 2953
40 25 591 5911
40 26 288 2876
40 27 563 5634
40 28 197 1971
40 29 117 1173
40 30 129 1288
40 31 266 2656
40 32 676 6764
40 33 310 3104
40 34 649 6487
40 35 554 5537
40 36 285 2846
40 37 30 299
40 38 720 7197
40 39 391 3906
