30
319
311
6
22
13
23
20
25
30
7
10
2
21
28
1
18
27
1 2 263 2634
1 3 747 7473
1 4 630 6304
1 5 461 4612
1 6 173 1731
1 7 873 8731
1 8 734 7344
1 9 802 8016
1 10 313 3126
1 11 791 7908
1 12 799 7986
1 13 721 7205
1 14 638 6377
1 15 594 5944
1 16 279 2788
1 17 767 7665
1 18 916 9157
1 19 96 961
1 20 613 6135
1 21 854 8543
1 22 678 6785
1 23 520 5198
1 24 177 1770
1 25 836 8360
1 26 278 2782
1 27 640 6395
1 28 323 3234
1 29 780 7800
1 30 770 7697
2 1 263 2634
2 3 745 7455
2 4 582 5821
2 5 718 7181
2 6 116 1164
2 7 908 9084
2 8 842 8423
2 9 938 9381
2 10 527 5271
2 11 867 8667
2 12 981 9812
2 13 674 6736
2 14 875 8751
2 15 852 8521
2 16 26 259
2 17 798 7983
2 18 1035 10347
2 19 225 2246
2 20 822 8223
2 21 900 9001
2 22 610 6096
2 23 638 6380
2 24 429 4287
2 25 980 9801
2 26 219 2193
2 27 646 6465
2 28 275 2752
2 29 744 7440
2 30 974 9738
3 1 747 7473
3 2 745 7455
3 4 186 1861
3 5 840 8403
3 6 676 6765
3 7 186 1860
3 8 329 3291
3 9 456 4556
3 10 611 6113
3 11 249 2489
3 12 630 6298
3 13 134 1338
3 14 801 8010
3 15 923 9232
3 16 727 7270
3 17 104 1042
3 18 463 4634
3 19 660 6601
3 20 650 6498
3 21 198 1977
3 22 207 2065
3 23 351 3512
3 24 867 8666
3 25 502 5022
3 26 531 5314
3 27 108 1078
3 28 473 4730
3 29 99 993
3 30 707 7066
4 1 630 6304
4 2 582 5821
4 3 186 1861
4 5 823 8234
4 6 529 5291
4 7 371 3714
4 8 453 4525
4 9 582 5824
4 10 573 5727
4 11 404 4041
4 12 730 7298
4 13 93 928
4 14 834 8343
4 15 927 9266
4 16 561 5614
4 17 276 2759
4 18 619 6188
4 19 536 5364
4 20 697 6969
4 21 379 3791
4 22 63 633
4 23 379 3789
4 24 774 7738
4 25 631 6314
4 26 380 3801
4 27 137 1367
4 28 322 3224
4 29 162 1620
4 30 788 7876
5 1 461 4612
5 2 718 7181
5 3 840 8403
5 4 823 8234
5 6 610 6101
5 7 874 8744
5 8 634 6344
5 9 621 6213
5 10 256 2556
5 11 738 7377
5 12 509 5093
5 13 888 8876
5 14 223 2228
5 15 134 1340
5 16 729 7291
5 17 799 7995
5 18 747 7474
5 19 499 4992
5 20 303 3034
5 21 841 8411
5 22 886 8860
5 23 492 4916
5 24 353 3530
5 25 630 6301
5 26 636 6357
5 27 751 7509
5 28 645 6447
5 29 917 9174
5 30 430 4297
6 1 173 1731
6 2 116 1164
6 3 676 6765
6 4 529 5291
6 5 610 6101
6 7 828 8281
6 8 741 7405
6 9 831 8307
6 10 411 4111
6 11 774 7735
6 12 867 8668
6 13 622 6219
6 14 760 7602
6 15 744 7440
6 16 121 1210
6 17 718 7180
6 18 932 9316
6 19 111 1114
6 20 706 7059
6 21 816 8163
6 22 567 5667
6 23 532 5317
6 24 349 3494
6 25 872 8715
6 26 149 1490
6 27 573 5725
6 28 207 2069
6 29 689 6887
6 30 858 8577
7 1 873 8731
7 2 908 9084
7 3 186 1860
7 4 371 3714
7 5 874 8744
7 6 828 8281
7 8 262 2616
7 9 359 3587
7 10 679 6792
7 11 150 1495
7 12 552 5517
7 13 315 3147
7 14 787 7871
7 15 934 9339
7 16 892 8920
7 17 110 1102
7 18 321 3215
7 19 794 7943
7 20 631 6312
7 21 38 383
7 22 391 3909
7 23 395 3950
7 24 968 9685
7 25 397 3965
7 26 690 6899
7 27 264 2644
7 28 633 6331
7 29 258 2581
7 30 646 6460
8 1 734 7344
8 2 842 8423
8 3 329 3291
8 4 453 4525
8 5 634 6344
8 6 741 7405
8 7 262 2616
8 9 130 1302
8 10 478 4780
8 11 112 1123
8 12 303 3029
8 13 449 4486
8 14 527 5273
8 15 680 6803
8 16 832 8325
8 17 236 2355
8 18 193 1929
8 19 675 6752
8 20 372 3718
8 21 224 2239
8 22 502 5018
8 23 215 2147
8 24 790 7901
8 25 179 1790
8 26 630 6299
8 27 316 3163
8 28 584 5836
8 29 428 4285
8 30 389 3889
9 1 802 8016
9 2 938 9381
9 3 456 4556
9 4 582 5824
9 5 621 6213
9 6 831 8307
9 7 359 3587
9 8 130 1302
9 10 516 5157
9 11 217 2169
9 12 194 1944
9 13 578 5780
9 14 473 4733
9 15 642 6415
9 16 931 9306
9 17 357 3574
9 18 127 1269
9 19 754 7541
9 20 327 3275
9 21 321 3208
9 22 632 6320
9 23 300 3002
9 24 832 8317
9 25 49 492
9 26 733 7328
9 27 446 4463
9 28 691 6909
9 29 555 5546
9 30 295 2950
10 1 313 3126
10 2 527 5271
10 3 611 6113
10 4 573 5727
10 5 256 2556
10 6 411 4111
10 7 679 6792
10 8 478 4780
10 9 516 5157
10 11 562 5616
10 12 488 4878
10 13 642 6425
10 14 352 3519
10 15 375 3750
10 16 531 5314
10 17 589 5888
10 18 638 6383
10 19 304 3042
10 20 302 3018
10 21 651 6509
10 22 635 6346
10 23 285 2846
10 24 316 3162
10 25 543 5432
10 26 398 3984
10 27 514 5136
10 28 398 3981
10 29 679 6791
10 30 458 4577
11 1 791 7908
11 2 867 8667
11 3 249 2489
11 4 404 4041
11 5 738 7377
11 6 774 7735
11 7 150 1495
11 8 112 1123
11 9 217 2169
11 10 562 5616
11 12 406 4060
11 13 379 3794
11 14 639 6392
11 15 790 7898
11 16 854 8539
11 17 146 1456
11 18 216 2163
11 19 722 7218
11 20 483 4835
11 21 112 1116
11 22 444 4435
11 23 280 2804
11 24 865 8654
11 25 260 2598
11 26 649 6486
11 27 270 2703
11 28 597 5966
11 29 345 3453
11 30 498 4976
12 1 799 7986
12 2 981 9812
12 3 630 6298
12 4 730 7298
12 5 509 5093
12 6 867 8668
12 7 552 5517
12 8 303 3029
12 9 194 1944
12 10 488 4878
12 11 406 4060
12 13 742 7419
12 14 319 3187
12 15 495 4952
12 16 979 9788
12 17 538 5385
12 18 288 2878
12 19 773 7731
12 20 210 2098
12 21 514 5135
12 22 786 7857
12 23 380 3802
12 24 786 7862
12 25 168 1679
12 26 797 7974
12 27 600 5997
12 28 767 7668
12 29 729 7289
12 30 107 1074
13 1 721 7205
13 2 674 6736
13 3 134 1338
13 4 93 928
13 5 888 8876
13 6 622 6219
13 7 315 3147
13 8 449 4486
13 9 578 5780
13 10 642 6425
13 11 379 3794
13 12 742 7419
13 14 879 8791
13 15 984 9839
13 16 653 6525
13 17 237 2372
13 18 595 5953
13 19 627 6273
13 20 735 7347
13 21 330 3303
13 22 79 788
13 23 420 4197
13 24 860 8599
13 25 626 6259
13 26 473 4729
13 27 148 1480
13 28 415 4151
13 29 73 728
13 30 810 8100
14 1 638 6377
14 2 875 8751
14 3 801 8010
14 4 834 8343
14 5 223 2228
14 6 760 7602
14 7 787 7871
14 8 527 5273
14 9 473 4733
14 10 352 3519
14 11 639 6392
14 12 319 3187
14 13 879 8791
14 15 177 1767
14 16 881 8811
14 17 736 7358
14 18 591 5910
14 19 651 6506
14 20 156 1559
14 21 750 7502
14 22 897 8971
14 23 459 4594
14 24 562 5624
14 25 468 4677
14 26 747 7466
14 27 732 7321
14 28 739 7389
14 29 891 8915
14 30 222 2223
15 1 594 5944
15 2 852 8521
15 3 923 9232
15 4 927 9266
15 5 134 1340
15 6 744 7440
15 7 934 9339
15 8 680 6803
15 9 642 6415
15 10 375 3750
15 11 790 7898
15 12 495 4952
15 13 984 9839
15 14 177 1767
15 16 863 8630
15 17 870 8704
15 18 763 7626
15 19 633 6329
15 20 315 3146
15 21 898 8983
15 22 990 9898
15 23 572 5722
15 24 476 4763
15 25 640 6400
15 26 765 7653
15 27 842 8417
15 28 771 7711
15 29 1007 10067
15 30 398 3983
16 1 279 2788
16 2 26 259
16 3 727 7270
16 4 561 5614
16 5 729 7291
16 6 121 1210
16 7 892 8920
16 8 832 8325
16 9 931 9306
16 10 531 5314
16 11 854 8539
16 12 979 9788
16 13 653 6525
16 14 881 8811
16 15 863 8630
16 17 782 7822
16 18 1025 10251
16 19 232 2319
16 20 824 8239
16 21 885 8846
16 22 587 5874
16 23 630 6305
16 24 447 4474
16 25 973 9733
16 26 205 2053
16 27 629 6293
16 28 260 2595
16 29 723 7233
16 30 974 9743
17 1 767 7665
17 2 798 7983
17 3 104 1042
17 4 276 2759
17 5 799 7995
17 6 718 7180
17 7 110 1102
17 8 236 2355
17 9 357 3574
17 10 589 5888
17 11 146 1456
17 12 538 5385
17 13 237 2372
17 14 736 7358
17 15 870 8704
17 16 782 7822
17 18 359 3592
17 19 686 6860
17 20 581 5812
17 21 106 1058
17 22 306 3064
17 23 310 3096
17 24 868 8682
17 25 403 4026
17 26 580 5797
17 27 157 1569
17 28 523 5231
17 29 200 1997
17 30 622 6217
18 1 916 9157
18 2 1035 10347
18 3 463 4634
18 4 619 6188
18 5 747 7474
18 6 932 9316
18 7 321 3215
18 8 193 1929
18 9 127 1269
18 10 638 6383
18 11 216 2163
18 12 288 2878
18 13 595 5953
18 14 591 5910
18 15 763 7626
18 16 1025 10251
18 17 359 3592
18 19 862 8621
18 20 451 4506
18 21 288 2881
18 22 660 6597
18 23 401 4012
18 24 954 9545
18 25 124 1236
18 26 823 8228
18 27 483 4833
18 28 776 7763
18 29 557 5573
18 30 395 3949
19 1 96 961
19 2 225 2246
19 3 660 6601
19 4 536 5364
19 5 499 4992
19 6 111 1114
19 7 794 7943
19 8 675 6752
19 9 754 7541
19 10 304 3042
19 11 722 7218
19 12 773 7731
19 13 627 6273
19 14 651 6506
19 15 633 6329
19 16 232 2319
19 17 686 6860
19 18 862 8621
19 20 603 6031
19 21 778 7778
19 22 583 5834
19 23 461 4613
19 24 265 2651
19 25 792 7920
19 26 184 1837
19 27 553 5527
19 28 227 2274
19 29 688 6883
19 30 757 7569
20 1 613 6135
20 2 822 8223
20 3 650 6498
20 4 697 6969
20 5 303 3034
20 6 706 7059
20 7 631 6312
20 8 372 3718
20 9 327 3275
20 10 302 3018
20 11 483 4835
20 12 210 2098
20 13 735 7347
20 14 156 1559
20 15 315 3146
20 16 824 8239
20 17 581 5812
20 18 451 4506
20 19 603 6031
20 21 594 5943
20 22 759 7588
20 23 318 3180
20 24 582 5822
20 25 330 3298
20 26 664 6638
20 27 587 5867
20 28 646 6455
20 29 742 7424
20 30 156 1563
21 1 854 8543
21 2 900 9001
21 3 198 1977
21 4 379 3791
21 5 841 8411
21 6 816 8163
21 7 38 383
21 8 224 2239
21 9 321 3208
21 10 651 6509
21 11 112 1116
21 12 514 5135
21 13 330 3303
21 14 750 7502
21 15 898 8983
21 16 885 8846
21 17 106 1058
21 18 288 2881
21 19 778 7778
21 20 594 5943
21 22 404 4042
21 23 366 3663
21 24 944 9444
21 25 359 3592
21 26 681 6810
21 27 263 2625
21 28 625 6252
21 29 279 2793
21 30 608 6077
22 1 678 6785
22 2 610 6096
22 3 207 2065
22 4 63 633
22 5 886 8860
22 6 567 5667
22 7 391 3909
22 8 502 5018
22 9 632 6320
22 10 635 6346
22 11 444 4435
22 12 786 7857
22 13 79 788
22 14 897 8971
22 15 990 9898
22 16 587 5874
22 17 306 3064
22 18 660 6597
22 19 583 5834
22 20 759 7588
22 21 404 4042
22 23 441 4408
22 24 827 8272
22 25 681 6807
22 26 418 4183
22 27 187 1868
22 28 362 3625
22 29 150 1497
22 30 846 8465
23 1 520 5198
23 2 638 6380
23 3 351 3512
23 4 379 3789
23 5 492 4916
23 6 532 5317
23 7 395 3950
23 8 215 2147
23 9 300 3002
23 10 285 2846
23 11 280 2804
23 12 380 3802
23 13 420 4197
23 14 459 4594
23 15 572 5722
23 16 630 6305
23 17 310 3096
23 18 401 4012
23 19 461 4613
23 20 318 3180
23 21 366 3663
23 22 441 4408
23 24 585 5850
23 25 343 3433
23 26 434 4340
23 27 273 2731
23 28 395 3953
23 29 436 4356
23 30 418 4179
24 1 177 1770
24 2 429 4287
24 3 867 8666
24 4 774 7738
24 5 353 3530
24 6 349 3494
24 7 968 9685
24 8 790 7901
24 9 832 8317
24 10 316 3162
24 11 865 8654
24 12 786 7862
24 13 860 8599
24 14 562 5624
24 15 476 4763
24 16 447 4474
24 17 868 8682
24 18 954 9545
24 19 265 2651
24 20 582 5822
24 21 944 9444
24 22 827 8272
24 23 585 5850
24 25 858 8579
24 26 448 4482
24 27 760 7600
24 28 487 4871
24 29 913 9130
24 30 735 7347
25 1 836 8360
25 2 980 9801
25 3 502 5022
25 4 631 6314
25 5 630 6301
25 6 872 8715
25 7 397 3965
25 8 179 1790
25 9 49 492
25 10 543 5432
25 11 260 2598
25 12 168 1679
25 13 626 6259
25 14 468 4677
25 15 640 6400
25 16 973 9733
25 17 403 4026
25 18 124 1236
25 19 792 7920
25 20 330 3298
25 21 359 3592
25 22 681 6807
25 23 343 3433
25 24 858 8579
25 26 777 7770
25 27 495 4953
25 28 736 7363
25 29 601 6009
25 30 274 2737
26 1 278 2782
26 2 219 2193
26 3 531 5314
26 4 380 3801
26 5 636 6357
26 6 149 1490
26 7 690 6899
26 8 630 6299
26 9 733 7328
26 10 398 3984
26 11 649 6486
26 12 797 7974
26 13 473 4729
26 14 747 7466
26 15 765 7653
26 16 205 2053
26 17 580 5797
26 18 823 8228
26 19 184 1837
26 20 664 6638
26 21 681 6810
26 22 418 4183
26 23 434 4340
26 24 448 4482
26 25 777 7770
26 27 430 4297
26 28 59 586
26 29 540 5401
26 30 806 8059
27 1 640 6395
27 2 646 6465
27 3 108 1078
27 4 137 1367
27 5 751 7509
27 6 573 5725
27 7 264 2644
27 8 316 3163
27 9 446 4463
27 10 514 5136
27 11 270 2703
27 12 600 5997
27 13 148 1480
27 14 732 7321
27 15 842 8417
27 16 629 6293
27 17 157 1569
27 18 483 4833
27 19 553 5527
27 20 587 5867
27 21 263 2625
27 22 187 1868
27 23 273 2731
27 24 760 7600
27 25 495 4953
27 26 430 4297
27 28 372 3719
27 29 167 1665
27 30 664 6639
28 1 323 3234
28 2 275 2752
28 3 473 4730
28 4 322 3224
28 5 645 6447
28 6 207 2069
28 7 633 6331
28 8 584 5836
28 9 691 6909
28 10 398 3981
28 11 597 5966
28 12 767 7668
28 13 415 4151
28 14 739 7389
28 15 771 7711
28 16 260 2595
28 17 523 5231
28 18 776 7763
28 19 227 2274
28 20 646 6455
28 21 625 6252
28 22 362 3625
28 23 395 3953
28 24 487 4871
28 25 736 7363
28 26 59 586
28 27 372 3719
28 29 482 4818
28 30 782 7823
29 1 780 7800
29 2 744 7440
29 3 99 993
29 4 162 1620
29 5 917 9174
29 6 689 6887
29 7 258 2581
29 8 428 4285
29 9 555 5546
29 10 679 6791
29 11 345 3453
29 12 729 7289
29 13 73 728
29 14 891 8915
29 15 1007 10067
29 16 723 7233
29 17 200 1997
29 18 557 5573
29 19 688 6883
29 20 742 7424
29 21 279 2793
29 22 150 1497
29 23 436 4356
29 24 913 9130
29 25 601 6009
29 26 540 5401
29 27 167 1665
29 28 482 4818
29 30 805 8045
30 1 770 7697
30 2 974 9738
30 3 707 7066
30 4 788 7876
30 5 430 4297
30 6 858 8577
30 7 646 6460
30 8 389 3889
30 9 295 2950
30 10 458 4577
30 11 498 4976
30 12 107 1074
30 13 810 8100
30 14 222 2223
30 15 398 3983
30 16 974 9743
30 17 622 6217
30 18 395 3949
30 19 757 7569
30 20 156 1563
30 21 608 6077
30 22 846 8465
30 23 418 4179
30 24 735 7347
30 25 274 2737
30 26 806 8059
30 27 664 6639
30 28 782 7823
30 29 805 8045
