30
975
446
23
6
16
28
4
23
30
7
3
5
13
20
8
25
15
24
22
29
26
14
27
10
9
1
21
25
10
4
1
8
26
9
30
5
13
12
11
14
6
7
2
15
3
28
27
29
1 2 478 4778
1 3 431 4308
1 4 358 3581
1 5 317 3173
1 6 553 5529
1 7 315 3148
1 8 586 5856
1 9 710 7102
1 10 640 6397
1 11 367 3666
1 12 595 5951
1 13 828 8278
1 14 199 1989
1 15 169 1687
1 16 756 7556
1 17 214 2136
1 18 117 1173
1 19 639 6390
1 20 264 2638
1 21 546 5457
1 22 438 4384
1 23 703 7025
1 24 640 6404
1 25 200 2000
1 26 321 3208
1 27 762 7619
1 28 513 5126
1 29 753 7527
1 30 607 6073
2 1 478 4778
2 3 781 7806
2 4 592 5920
2 5 414 4140
2 6 181 1808
2 7 755 7554
2 8 240 2397
2 9 431 4305
2 10 164 1644
2 11 538 5376
2 12 158 1579
2 13 436 4363
2 14 468 4676
2 15 341 3414
2 16 301 3010
2 17 678 6784
2 18 594 5943
2 19 306 3061
2 20 588 5880
2 21 236 2362
2 22 230 2295
2 23 228 2281
2 24 812 8119
2 25 626 6256
2 26 219 2188
2 27 326 3261
2 28 281 2813
2 29 351 3508
2 30 250 2498
3 1 431 4308
3 2 781 7806
3 4 212 2119
3 5 385 3849
3 6 757 7573
3 7 567 5665
3 8 962 9615
3 9 778 7783
3 10 939 9386
3 11 282 2825
3 12 830 8303
3 13 962 9623
3 14 626 6260
3 15 581 5807
3 16 975 9746
3 17 292 2919
3 18 374 3744
3 19 778 7775
3 20 657 6566
3 21 711 7113
3 22 833 8333
3 23 1001 10008
3 24 319 3186
3 25 538 5376
3 26 709 7090
3 27 1104 11039
3 28 644 6436
3 29 1115 11152
3 30 777 7773
4 1 358 3581
4 2 592 5920
4 3 212 2119
4 5 181 1808
4 6 550 5498
4 7 603 6026
4 8 794 7941
4 9 570 5698
4 10 744 7435
4 11 71 708
4 12 625 6252
4 13 751 7507
4 14 552 5521
4 15 463 4631
4 16 765 7655
4 17 337 3373
4 18 364 3641
4 19 566 5656
4 20 620 6197
4 21 501 5009
4 22 683 6825
4 23 804 8042
4 24 283 2834
4 25 529 5287
4 26 561 5613
4 27 918 9181
4 28 432 4323
4 29 937 9373
4 30 566 5664
5 1 317 3173
5 2 414 4140
5 3 385 3849
5 4 181 1808
5 6 373 3725
5 7 620 6197
5 8 626 6263
5 9 434 4342
5 10 563 5630
5 11 124 1237
5 12 446 4459
5 13 595 5954
5 14 477 4769
5 15 355 3548
5 16 590 5903
5 17 404 4039
5 18 380 3801
5 19 404 4039
5 20 572 5720
5 21 329 3292
5 22 529 5289
5 23 623 6235
5 24 413 4134
5 25 516 5159
5 26 415 4150
5 27 740 7399
5 28 266 2663
5 29 762 7624
5 30 396 3962
6 1 553 5529
6 2 181 1808
6 3 757 7573
6 4 550 5498
6 5 373 3725
6 7 858 8582
6 8 407 4069
6 9 250 2500
6 10 237 2367
6 11 484 4838
6 12 82 820
6 13 282 2824
6 14 599 5986
6 15 457 4575
6 16 219 2189
6 17 725 7248
6 18 660 6604
6 19 126 1257
6 20 720 7199
6 21 69 693
6 22 409 4091
6 23 283 2833
6 24 718 7178
6 25 731 7310
6 26 375 3746
6 27 430 4299
6 28 139 1391
6 29 478 4781
6 30 71 707
7 1 315 3148
7 2 755 7554
7 3 567 5665
7 4 603 6026
7 5 620 6197
7 6 858 8582
7 8 794 7936
7 9 1025 10250
7 10 906 9064
7 11 637 6368
7 12 891 8909
7 13 1137 11374
7 14 306 3061
7 15 414 4140
7 16 1049 10494
7 17 279 2790
7 18 243 2435
7 19 951 9513
7 20 217 2174
7 21 857 8572
7 22 640 6399
7 23 965 9654
7 24 857 8574
7 25 130 1298
7 26 555 5546
7 27 990 9898
7 28 827 8271
7 29 961 9612
7 30 917 9166
8 1 586 5856
8 2 240 2397
8 3 962 9615
8 4 794 7941
8 5 626 6263
8 6 407 4069
8 7 794 7936
8 9 653 6530
8 10 224 2236
8 11 749 7488
8 12 352 3524
8 13 608 6084
8 14 488 4878
8 15 418 4183
8 16 429 4287
8 17 799 7992
8 18 699 6992
8 19 526 5255
8 20 588 5884
8 21 470 4701
8 22 154 1544
8 23 247 2466
8 24 1036 10361
8 25 671 6712
8 26 265 2649
8 27 200 2000
8 28 521 5206
8 29 169 1693
8 30 469 4687
9 1 710 7102
9 2 431 4305
9 3 778 7783
9 4 570 5698
9 5 434 4342
9 6 250 2500
9 7 1025 10250
9 8 653 6530
9 10 457 4574
9 11 499 4994
9 12 303 3028
9 13 202 2025
9 14 804 8039
9 15 659 6593
9 16 323 3226
9 17 837 8366
9 18 799 7990
9 19 127 1275
9 20 921 9213
9 21 201 2010
9 22 657 6572
9 23 484 4845
9 24 634 6339
9 25 906 9058
9 26 609 6087
9 27 641 6411
9 28 201 2010
9 29 701 7011
9 30 184 1843
10 1 640 6397
10 2 164 1644
10 3 939 9386
10 4 744 7435
10 5 563 5630
10 6 237 2367
10 7 906 9064
10 8 224 2236
10 9 457 4574
10 11 684 6845
10 12 160 1600
10 13 387 3866
10 14 609 6086
10 15 495 4947
10 16 205 2053
10 17 842 8424
10 18 757 7567
10 19 333 3328
10 20 725 7252
10 21 306 3060
10 22 310 3097
10 23 64 637
10 24 943 9429
10 25 777 7771
10 26 354 3540
10 27 193 1933
10 28 373 3734
10 29 245 2448
10 30 280 2803
11 1 367 3666
11 2 538 5376
11 3 282 2825
11 4 71 708
11 5 124 1237
11 6 484 4838
11 7 637 6368
11 8 749 7488
11 9 499 4994
11 10 684 6845
11 12 561 5607
11 13 680 6799
11 14 551 5512
11 15 447 4471
11 16 698 6978
11 17 384 3840
11 18 394 3939
11 19 495 4954
11 20 630 6304
11 21 433 4327
11 22 646 6462
11 23 744 7441
11 24 298 2985
11 25 551 5514
11 26 529 5285
11 27 863 8632
11 28 363 3630
11 29 886 8861
11 30 498 4976
12 1 595 5951
12 2 158 1579
12 3 830 8303
12 4 625 6252
12 5 446 4459
12 6 82 820
12 7 891 8909
12 8 352 3524
12 9 303 3028
12 10 160 1600
12 11 561 5607
12 13 279 2786
12 14 615 6154
12 15 481 4805
12 16 161 1606
12 17 779 7789
12 18 707 7071
12 19 176 1758
12 20 737 7368
12 21 149 1495
12 22 383 3827
12 23 202 2023
12 24 800 7996
12 25 762 7618
12 26 374 3739
12 27 352 3520
12 28 221 2210
12 29 404 4044
12 30 121 1211
13 1 828 8278
13 2 436 4363
13 3 962 9623
13 4 751 7507
13 5 595 5954
13 6 282 2824
13 7 1137 11374
13 8 608 6084
13 9 202 2025
13 10 387 3866
13 11 680 6799
13 12 279 2786
13 14 881 8808
13 15 740 7399
13 16 191 1911
13 17 983 9834
13 18 930 9299
13 19 193 1934
13 20 1002 10022
13 21 283 2828
13 22 660 6601
13 23 387 3868
13 24 836 8359
13 25 1011 10114
13 26 649 6493
13 27 536 5362
13 28 331 3308
13 29 607 6069
13 30 221 2209
14 1 199 1989
14 2 468 4676
14 3 626 6260
14 4 552 5521
14 5 477 4769
14 6 599 5986
14 7 306 3061
14 8 488 4878
14 9 804 8039
14 10 609 6086
14 11 551 5512
14 12 615 6154
14 13 881 8808
14 15 145 1447
14 16 768 7680
14 17 373 3727
14 18 267 2668
14 19 708 7084
14 20 122 1216
14 21 614 6142
14 22 334 3338
14 23 665 6654
14 24 835 8354
14 25 185 1845
14 26 255 2547
14 27 684 6836
14 28 604 6038
14 29 656 6560
14 30 664 6644
15 1 169 1687
15 2 341 3414
15 3 581 5807
15 4 463 4631
15 5 355 3548
15 6 457 4575
15 7 414 4140
15 8 418 4183
15 9 659 6593
15 10 495 4947
15 11 447 4471
15 12 481 4805
15 13 740 7399
15 14 145 1447
15 16 637 6371
15 17 382 3819
15 18 281 2808
15 19 565 5646
15 20 264 2639
15 21 470 4702
15 22 270 2697
15 23 555 5553
15 24 743 7426
15 25 284 2843
15 26 155 1548
15 27 600 5999
15 28 459 4592
15 29 586 5864
15 30 522 5218
16 1 756 7556
16 2 301 3010
16 3 975 9746
16 4 765 7655
16 5 590 5903
16 6 219 2189
16 7 1049 10494
16 8 429 4287
16 9 323 3226
16 10 205 2053
16 11 698 6978
16 12 161 1606
16 13 191 1911
16 14 768 7680
16 15 637 6371
16 17 938 9382
16 18 868 8676
16 19 228 2277
16 20 889 8888
16 21 265 2654
16 22 503 5032
16 23 197 1966
16 24 910 9098
16 25 920 9200
16 26 519 5193
16 27 345 3454
16 28 338 3376
16 29 416 4158
16 30 204 2036
17 1 214 2136
17 2 678 6784
17 3 292 2919
17 4 337 3373
17 5 404 4039
17 6 725 7248
17 7 279 2790
17 8 799 7992
17 9 837 8366
17 10 842 8424
17 11 384 3840
17 12 779 7789
17 13 983 9834
17 14 373 3727
17 15 382 3819
17 16 938 9382
17 18 107 1067
17 19 790 7901
17 20 376 3755
17 21 703 7029
17 22 652 6516
17 23 906 9059
17 24 579 5791
17 25 249 2494
17 26 534 5344
17 27 974 9735
17 28 654 6541
17 29 966 9660
17 30 769 7689
18 1 117 1173
18 2 594 5943
18 3 374 3744
18 4 364 3641
18 5 380 3801
18 6 660 6604
18 7 243 2435
18 8 699 6992
18 9 799 7990
18 10 757 7567
18 11 394 3939
18 12 707 7071
18 13 930 9299
18 14 267 2668
18 15 281 2808
18 16 868 8676
18 17 107 1067
18 19 738 7384
18 20 282 2822
18 21 647 6471
18 22 549 5494
18 23 820 8196
18 24 632 6319
18 25 169 1688
18 26 435 4351
18 27 878 8782
18 28 607 6068
18 29 867 8671
18 30 711 7109
19 1 639 6390
19 2 306 3061
19 3 778 7775
19 4 566 5656
19 5 404 4039
19 6 126 1257
19 7 951 9513
19 8 526 5255
19 9 127 1275
19 10 333 3328
19 11 495 4954
19 12 176 1758
19 13 193 1934
19 14 708 7084
19 15 565 5646
19 16 228 2277
19 17 790 7901
19 18 738 7384
19 20 828 8285
19 21 95 948
19 22 535 5348
19 23 365 3648
19 24 685 6846
19 25 827 8272
19 26 496 4960
19 27 520 5203
19 28 138 1379
19 29 577 5775
19 30 57 571
20 1 264 2638
20 2 588 5880
20 3 657 6566
20 4 620 6197
20 5 572 5720
20 6 720 7199
20 7 217 2174
20 8 588 5884
20 9 921 9213
20 10 725 7252
20 11 630 6304
20 12 737 7368
20 13 1002 10022
20 14 122 1216
20 15 264 2639
20 16 889 8888
20 17 376 3755
20 18 282 2822
20 19 828 8285
20 21 734 7340
20 22 438 4377
20 23 780 7802
20 24 899 8995
20 25 132 1320
20 26 372 3725
20 27 787 7874
20 28 721 7206
20 29 753 7531
20 30 785 7853
21 1 546 5457
21 2 236 2362
21 3 711 7113
21 4 501 5009
21 5 329 3292
21 6 69 693
21 7 857 8572
21 8 470 4701
21 9 201 2010
21 10 306 3060
21 11 433 4327
21 12 149 1495
21 13 283 2828
21 14 614 6142
21 15 470 4702
21 16 265 2654
21 17 703 7029
21 18 647 6471
21 19 95 948
21 20 734 7340
21 22 458 4584
21 23 352 3517
21 24 654 6538
21 25 733 7326
21 26 408 4082
21 27 499 4992
21 28 74 740
21 29 547 5470
21 30 67 673
22 1 438 4384
22 2 230 2295
22 3 833 8333
22 4 683 6825
22 5 529 5289
22 6 409 4091
22 7 640 6399
22 8 154 1544
22 9 657 6572
22 10 310 3097
22 11 646 6462
22 12 383 3827
22 13 660 6601
22 14 334 3338
22 15 270 2697
22 16 503 5032
22 17 652 6516
22 18 549 5494
22 19 535 5348
22 20 438 4377
22 21 458 4584
22 23 355 3554
22 24 942 9421
22 25 517 5168
22 26 124 1243
22 27 350 3504
22 28 489 4895
22 29 324 3235
22 30 479 4789
23 1 703 7025
23 2 228 2281
23 3 1001 10008
23 4 804 8042
23 5 623 6235
23 6 283 2833
23 7 965 9654
23 8 247 2466
23 9 484 4845
23 10 64 637
23 11 744 7441
23 12 202 2023
23 13 387 3868
23 14 665 6654
23 15 555 5553
23 16 197 1966
23 17 906 9059
23 18 820 8196
23 19 365 3648
23 20 780 7802
23 21 352 3517
23 22 355 3554
23 24 997 9973
23 25 836 8364
23 26 411 4114
23 27 157 1568
23 28 422 4222
23 29 222 2217
23 30 317 3167
24 1 640 6404
24 2 812 8119
24 3 319 3186
24 4 283 2834
24 5 413 4134
24 6 718 7178
24 7 857 8574
24 8 1036 10361
24 9 634 6339
24 10 943 9429
24 11 298 2985
24 12 800 7996
24 13 836 8359
24 14 835 8354
24 15 743 7426
24 16 910 9098
24 17 579 5791
24 18 632 6319
24 19 685 6846
24 20 899 8995
24 21 654 6538
24 22 942 9421
24 23 997 9973
24 25 800 8003
24 26 826 8262
24 27 1131 11309
24 28 580 5800
24 29 1163 11625
24 30 708 7078
25 1 200 2000
25 2 626 6256
25 3 538 5376
25 4 529 5287
25 5 516 5159
25 6 731 7310
25 7 130 1298
25 8 671 6712
25 9 906 9058
25 10 777 7771
25 11 551 5514
25 12 762 7618
25 13 1011 10114
25 14 185 1845
25 15 284 2843
25 16 920 9200
25 17 249 2494
25 18 169 1688
25 19 827 8272
25 20 132 1320
25 21 733 7326
25 22 517 5168
25 23 836 8364
25 24 800 8003
25 26 426 4264
25 27 865 8652
25 28 706 7062
25 29 840 8398
25 30 791 7907
26 1 321 3208
26 2 219 2188
26 3 709 7090
26 4 561 5613
26 5 415 4150
26 6 375 3746
26 7 555 5546
26 8 265 2649
26 9 609 6087
26 10 354 3540
26 11 529 5285
26 12 374 3739
26 13 649 6493
26 14 255 2547
26 15 155 1548
26 16 519 5193
26 17 534 5344
26 18 435 4351
26 19 496 4960
26 20 372 3725
26 21 408 4082
26 22 124 1243
26 23 411 4114
26 24 826 8262
26 25 426 4264
26 27 445 4455
26 28 422 4219
26 29 432 4321
26 30 445 4447
27 1 762 7619
27 2 326 3261
27 3 1104 11039
27 4 918 9181
27 5 740 7399
27 6 430 4299
27 7 990 9898
27 8 200 2000
27 9 641 6411
27 10 193 1933
27 11 863 8632
27 12 352 3520
27 13 536 5362
27 14 684 6836
27 15 600 5999
27 16 345 3454
27 17 974 9735
27 18 878 8782
27 19 520 5203
27 20 787 7874
27 21 499 4992
27 22 350 3504
27 23 157 1568
27 24 1131 11309
27 25 865 8652
27 26 445 4455
27 28 566 5663
27 29 76 759
27 30 470 4704
28 1 513 5126
28 2 281 2813
28 3 644 6436
28 4 432 4323
28 5 266 2663
28 6 139 1391
28 7 827 8271
28 8 521 5206
28 9 201 2010
28 10 373 3734
28 11 363 3630
28 12 221 2210
28 13 331 3308
28 14 604 6038
28 15 459 4592
28 16 338 3376
28 17 654 6541
28 18 607 6068
28 19 138 1379
28 20 721 7206
28 21 74 740
28 22 489 4895
28 23 422 4222
28 24 580 5800
28 25 706 7062
28 26 422 4219
28 27 566 5663
28 29 610 6104
28 30 135 1349
29 1 753 7527
29 2 351 3508
29 3 1115 11152
29 4 937 9373
29 5 762 7624
29 6 478 4781
29 7 961 9612
29 8 169 1693
29 9 701 7011
29 10 245 2448
29 11 886 8861
29 12 404 4044
29 13 607 6069
29 14 656 6560
29 15 586 5864
29 16 416 4158
29 17 966 9660
29 18 867 8671
29 19 577 5775
29 20 753 7531
29 21 547 5470
29 22 324 3235
29 23 222 2217
29 24 1163 11625
29 25 840 8398
29 26 432 4321
29 27 76 759
29 28 610 6104
29 30 525 5251
30 1 607 6073
30 2 250 2498
30 3 777 7773
30 4 566 5664
30 5 396 3962
30 6 71 707
30 7 917 9166
30 8 469 4687
30 9 184 1843
30 10 280 2803
30 11 498 4976
30 12 121 1211
30 13 221 2209
30 14 664 6644
30 15 522 5218
30 16 204 2036
30 17 769 7689
30 18 711 7109
30 19 57 571
30 20 785 7853
30 21 67 673
30 22 479 4789
30 23 317 3167
30 24 708 7078
30 25 791 7907
30 26 445 4447
30 27 470 4704
30 28 135 1349
30 29 525 5251
