40
936
193
27
4
35
2
23
3
14
30
33
9
34
8
21
15
40
24
32
39
19
31
27
12
38
22
16
29
10
25
30
4
34
9
10
8
2
25
17
18
16
13
6
27
40
23
20
33
14
12
3
39
35
21
11
28
26
32
15
37
38
1 2 371 3709
1 3 215 2148
1 4 442 4424
1 5 283 2827
1 6 377 3768
1 7 594 5938
1 8 140 1396
1 9 418 4183
1 10 267 2667
1 11 714 7143
1 12 307 3068
1 13 191 1907
1 14 692 6923
1 15 390 3904
1 16 289 2886
1 17 399 3993
1 18 406 4058
1 19 499 4992
1 20 253 2525
1 21 484 4841
1 22 459 4594
1 23 332 3319
1 24 205 2048
1 25 424 4241
1 26 524 5238
1 27 257 2572
1 28 574 5740
1 29 650 6503
1 30 362 3617
1 31 366 3661
1 32 389 3886
1 33 348 3483
1 34 421 4212
1 35 458 4582
1 36 561 5615
1 37 645 6453
1 38 624 6238
1 39 599 5988
1 40 251 2515
2 1 371 3709
2 3 409 4091
2 4 727 7270
2 5 641 6414
2 6 514 5141
2 7 957 9573
2 8 317 3167
2 9 718 7183
2 10 564 5638
2 11 891 8914
2 12 435 4351
2 13 374 3740
2 14 819 8189
2 15 114 1139
2 16 659 6588
2 17 266 2658
2 18 149 1491
2 19 782 7822
2 20 119 1186
2 21 640 6403
2 22 311 3106
2 23 507 5068
2 24 190 1903
2 25 526 5264
2 26 805 8047
2 27 137 1370
2 28 932 9317
2 29 1018 10185
2 30 68 675
2 31 633 6327
2 32 241 2412
2 33 150 1496
2 34 755 7549
2 35 796 7964
2 36 759 7587
2 37 862 8615
2 38 885 8846
2 39 963 9633
2 40 463 4629
3 1 215 2148
3 2 409 4091
3 4 637 6366
3 5 429 4286
3 6 163 1626
3 7 699 6986
3 8 335 3348
3 9 607 6068
3 10 170 1695
3 11 926 9264
3 12 95 945
3 13 37 372
3 14 907 9071
3 15 480 4804
3 16 362 3620
3 17 287 2865
3 18 508 5077
3 19 691 6914
3 20 318 3184
3 21 699 6989
3 22 612 6117
3 23 123 1229
3 24 225 2247
3 25 209 2095
3 26 716 7159
3 27 358 3582
3 28 694 6942
3 29 734 7344
3 30 435 4351
3 31 571 5705
3 32 532 5322
3 33 306 3057
3 34 585 5854
3 35 615 6152
3 36 773 7732
3 37 853 8528
3 38 820 8201
3 39 700 7003
3 40 55 548
4 1 442 4424
4 2 727 7270
4 3 637 6366
4 5 248 2476
4 6 785 7849
4 7 373 3733
4 8 415 4153
4 9 41 410
4 10 589 5893
4 11 337 3371
4 12 731 7309
4 13 623 6227
4 14 384 3838
4 15 681 6810
4 16 382 3821
4 17 836 8360
4 18 673 6732
4 19 57 573
4 20 623 6229
4 21 247 2466
4 22 605 6050
4 23 732 7315
4 24 623 6227
4 25 839 8386
4 26 82 817
4 27 590 5901
4 28 321 3214
4 29 458 4585
4 30 683 6834
4 31 96 957
4 32 587 5866
4 33 765 7646
4 34 138 1377
4 35 165 1645
4 36 206 2057
4 37 238 2381
4 38 184 1835
4 39 384 3845
4 40 654 6540
5 1 283 2827
5 2 641 6414
5 3 429 4286
5 4 248 2476
5 6 560 5603
5 7 316 3161
5 8 338 3380
5 9 208 2084
5 10 349 3494
5 11 582 5818
5 12 519 5186
5 13 425 4245
5 14 611 6106
5 15 635 6348
5 16 136 1363
5 17 674 6741
5 18 640 6401
5 19 291 2915
5 20 524 5237
5 21 429 4285
5 22 634 6340
5 23 505 5052
5 24 487 4874
5 25 616 6156
5 26 314 3138
5 27 513 5126
5 28 292 2920
5 29 382 3816
5 30 618 6184
5 31 232 2317
5 32 586 5855
5 33 631 6310
5 34 159 1587
5 35 187 1866
5 36 439 4391
5 37 486 4856
5 38 420 4204
5 39 322 3224
5 40 433 4334
6 1 377 3768
6 2 514 5141
6 3 163 1626
6 4 785 7849
6 5 560 5603
6 7 794 7943
6 8 496 4961
6 9 752 7523
6 10 228 2277
6 11 1085 10848
6 12 83 832
6 13 193 1928
6 14 1069 10688
6 15 604 6039
6 16 467 4665
6 17 308 3084
6 18 635 6350
6 19 838 8378
6 20 447 4471
6 21 861 8607
6 22 756 7560
6 23 55 554
6 24 353 3533
6 25 56 558
6 26 862 8620
6 27 495 4954
6 28 799 7994
6 29 816 8157
6 30 555 5546
6 31 725 7250
6 32 675 6752
6 33 380 3803
6 34 719 7189
6 35 744 7438
6 36 932 9315
6 37 1008 10077
6 38 968 9678
6 39 794 7939
6 40 131 1313
7 1 594 5938
7 2 957 9573
7 3 699 6986
7 4 373 3733
7 5 316 3161
7 6 794 7943
7 8 652 6520
7 9 343 3435
7 10 567 5666
7 11 656 6556
7 12 776 7763
7 13 705 7050
7 14 737 7367
7 15 949 9488
7 16 337 3366
7 17 969 9695
7 18 952 9521
7 19 367 3666
7 20 839 8395
7 21 620 6197
7 22 928 9284
7 23 740 7402
7 24 798 7981
7 25 849 8490
7 26 371 3707
7 27 829 8285
7 28 55 552
7 29 85 853
7 30 934 9341
7 31 437 4368
7 32 889 8892
7 33 939 9393
7 34 249 2495
7 35 212 2117
7 36 563 5630
7 37 548 5477
7 38 436 4359
7 39 12 117
7 40 686 6856
8 1 140 1396
8 2 317 3167
8 3 335 3348
8 4 415 4153
8 5 338 3380
8 6 496 4961
8 7 652 6520
8 9 403 4033
8 10 406 4063
8 11 632 6323
8 12 419 4186
8 13 303 3034
8 14 591 5909
8 15 297 2969
8 16 391 3909
8 17 439 4386
8 18 303 3026
8 19 472 4718
8 20 208 2078
8 21 386 3864
8 22 326 3261
8 23 457 4571
8 24 219 2185
8 25 538 5378
8 26 495 4952
8 27 181 1809
8 28 622 6218
8 29 720 7196
8 30 284 2837
8 31 324 3237
8 32 262 2615
8 33 353 3532
8 34 439 4388
8 35 481 4807
8 36 485 4846
8 37 580 5799
8 38 583 5831
8 39 659 6591
8 40 380 3796
9 1 418 4183
9 2 718 7183
9 3 607 6068
9 4 41 410
9 5 208 2084
9 6 752 7523
9 7 343 3435
9 8 403 4033
9 10 553 5530
9 11 378 3780
9 12 701 7006
9 13 594 5945
9 14 424 4237
9 15 678 6784
9 16 342 3420
9 17 815 8152
9 18 673 6726
9 19 86 856
9 20 611 6110
9 21 278 2776
9 22 614 6141
9 23 699 6985
9 24 605 6049
9 25 807 8065
9 26 110 1096
9 27 581 5813
9 28 293 2934
9 29 428 4281
9 30 678 6777
9 31 101 1009
9 32 590 5905
9 33 748 7481
9 34 100 1003
9 35 132 1320
9 36 246 2458
9 37 278 2782
9 38 216 2158
9 39 354 3544
9 40 622 6219
10 1 267 2667
10 2 564 5638
10 3 170 1695
10 4 589 5893
10 5 349 3494
10 6 228 2277
10 7 567 5666
10 8 406 4063
10 9 553 5530
10 11 910 9100
10 12 219 2191
10 13 197 1967
10 14 914 9139
10 15 620 6198
10 16 241 2414
10 17 454 4538
10 18 643 6428
10 19 638 6381
10 20 460 4604
10 21 710 7103
10 22 721 7209
10 23 174 1736
10 24 374 3738
10 25 283 2828
10 26 661 6613
10 27 489 4887
10 28 572 5721
10 29 590 5902
10 30 580 5796
10 31 545 5453
10 32 646 6461
10 33 473 4732
10 34 506 5056
10 35 526 5262
10 36 759 7590
10 37 823 8226
10 38 768 7681
10 39 566 5664
10 40 132 1322
11 1 714 7143
11 2 891 8914
11 3 926 9264
11 4 337 3371
11 5 582 5818
11 6 1085 10848
11 7 656 6556
11 8 632 6323
11 9 378 3780
11 10 910 9100
11 12 1020 10201
11 13 905 9048
11 14 126 1257
11 15 809 8088
11 16 718 7176
11 17 1070 10695
11 18 787 7873
11 19 308 3085
11 20 816 8158
11 21 252 2520
11 22 657 6571
11 23 1035 10347
11 24 850 8497
11 25 1135 11353
11 26 295 2949
11 27 767 7671
11 28 600 6004
11 29 737 7372
11 30 832 8316
11 31 365 3647
11 32 681 6809
11 33 975 9748
11 34 466 4659
11 35 478 4785
11 36 153 1532
11 37 108 1082
11 38 222 2218
11 39 667 6672
11 40 954 9542
12 1 307 3068
12 2 435 4351
12 3 95 945
12 4 731 7309
12 5 519 5186
12 6 83 832
12 7 776 7763
12 8 419 4186
12 9 701 7006
12 10 219 2191
12 11 1020 10201
12 13 117 1169
12 14 998 9984
12 15 522 5221
12 16 441 4412
12 17 252 2519
12 18 553 5527
12 19 785 7854
12 20 364 3643
12 21 790 7903
12 22 673 6728
12 23 76 758
12 24 270 2702
12 25 119 1192
12 26 810 8099
12 27 412 4122
12 28 776 7757
12 29 806 8060
12 30 473 4733
12 31 665 6650
12 32 592 5920
12 33 307 3074
12 34 676 6765
12 35 705 7048
12 36 867 8670
12 37 947 9473
12 38 914 9144
12 39 777 7771
12 40 91 907
13 1 191 1907
13 2 374 3740
13 3 37 372
13 4 623 6227
13 5 425 4245
13 6 193 1928
13 7 705 7050
13 8 303 3034
13 9 594 5945
13 10 197 1967
13 11 905 9048
13 12 117 1169
13 14 882 8816
13 15 443 4435
13 16 369 3694
13 17 269 2692
13 18 471 4707
13 19 678 6783
13 20 281 2814
13 21 674 6735
13 22 575 5750
13 23 158 1577
13 24 188 1882
13 25 236 2357
13 26 703 7029
13 27 321 3210
13 28 698 6978
13 29 745 7447
13 30 399 3986
13 31 553 5528
13 32 495 4953
13 33 277 2766
13 34 579 5791
13 35 611 6107
13 36 752 7519
13 37 834 8341
13 38 806 8060
13 39 707 7074
13 40 92 918
14 1 692 6923
14 2 819 8189
14 3 907 9071
14 4 384 3838
14 5 611 6106
14 6 1069 10688
14 7 737 7367
14 8 591 5909
14 9 424 4237
14 10 914 9139
14 11 126 1257
14 12 998 9984
14 13 882 8816
14 15 727 7273
14 16 746 7460
14 17 1019 10186
14 18 702 7025
14 19 373 3725
14 20 756 7558
14 21 208 2082
14 22 560 5604
14 23 1022 10220
14 24 802 8018
14 25 1116 11164
14 26 366 3660
14 27 703 7033
14 28 682 6816
14 29 821 8208
14 30 756 7557
14 31 380 3799
14 32 595 5947
14 33 916 9165
14 34 521 5210
14 35 542 5423
14 36 178 1783
14 37 205 2047
14 38 320 3203
14 39 748 7483
14 40 941 9409
15 1 390 3904
15 2 114 1139
15 3 480 4804
15 4 681 6810
15 5 635 6348
15 6 604 6039
15 7 949 9488
15 8 297 2969
15 9 678 6784
15 10 620 6198
15 11 809 8088
15 12 522 5221
15 13 443 4435
15 14 727 7273
15 16 675 6755
15 17 378 3776
15 18 35 353
15 19 733 7335
15 20 162 1621
15 21 562 5616
15 22 198 1980
15 23 589 5894
15 24 256 2561
15 25 622 6225
15 26 754 7544
15 27 134 1341
15 28 917 9174
15 29 1016 10164
15 30 51 513
15 31 585 5853
15 32 135 1352
15 33 260 2599
15 34 729 7286
15 35 771 7713
15 36 685 6850
15 37 789 7894
15 38 825 8250
15 39 956 9559
15 40 535 5352
16 1 289 2886
16 2 659 6588
16 3 362 3620
16 4 382 3821
16 5 136 1363
16 6 467 4665
16 7 337 3366
16 8 391 3909
16 9 342 3420
16 10 241 2414
16 11 718 7176
16 12 441 4412
16 13 369 3694
16 14 746 7460
16 15 675 6755
16 17 636 6363
16 18 687 6874
16 19 422 4225
16 20 541 5408
16 21 560 5595
16 22 711 7111
16 23 411 4113
16 24 482 4825
16 25 522 5222
16 26 443 4435
16 27 544 5441
16 28 335 3347
16 29 376 3765
16 30 650 6496
16 31 366 3663
16 32 652 6518
16 33 617 6169
16 34 275 2752
16 35 290 2896
16 36 575 5753
16 37 620 6202
16 38 549 5488
16 39 338 3384
16 40 351 3508
17 1 399 3993
17 2 266 2658
17 3 287 2865
17 4 836 8360
17 5 674 6741
17 6 308 3084
17 7 969 9695
17 8 439 4386
17 9 815 8152
17 10 454 4538
17 11 1070 10695
17 12 252 2519
17 13 269 2692
17 14 1019 10186
17 15 378 3776
17 16 636 6363
17 18 413 4129
17 19 893 8933
17 20 269 2688
17 21 820 8204
17 22 568 5676
17 23 326 3261
17 24 220 2201
17 25 299 2992
17 26 918 9177
17 27 326 3255
17 28 958 9583
17 29 1013 10126
17 30 327 3272
17 31 752 7519
17 32 491 4911
17 33 118 1181
17 34 820 8197
17 35 856 8557
17 36 923 9231
17 37 1018 10180
17 38 1013 10133
17 39 972 9725
17 40 323 3235
18 1 406 4058
18 2 149 1491
18 3 508 5077
18 4 673 6732
18 5 640 6401
18 6 635 6350
18 7 952 9521
18 8 303 3026
18 9 673 6726
18 10 643 6428
18 11 787 7873
18 12 553 5527
18 13 471 4707
18 14 702 7025
18 15 35 353
18 16 687 6874
18 17 413 4129
18 19 724 7244
18 20 190 1898
18 21 542 5425
18 22 164 1644
18 23 619 6188
18 24 285 2846
18 25 655 6548
18 26 745 7447
18 27 154 1542
18 28 919 9191
18 29 1021 10215
18 30 86 860
18 31 578 5775
18 32 108 1078
18 33 295 2951
18 34 727 7272
18 35 770 7700
18 36 667 6671
18 37 772 7719
18 38 812 8119
18 39 960 9595
18 40 562 5625
19 1 499 4992
19 2 782 7822
19 3 691 6914
19 4 57 573
19 5 291 2915
19 6 838 8378
19 7 367 3666
19 8 472 4718
19 9 86 856
19 10 638 6381
19 11 308 3085
19 12 785 7854
19 13 678 6783
19 14 373 3725
19 15 733 7335
19 16 422 4225
19 17 893 8933
19 18 724 7244
19 20 679 6792
19 21 266 2662
19 22 649 6493
19 23 784 7841
19 24 680 6799
19 25 892 8919
19 26 25 247
19 27 645 6454
19 28 312 3123
19 29 452 4516
19 30 737 7374
19 31 150 1496
19 32 635 6352
19 33 822 8217
19 34 158 1579
19 35 171 1714
19 36 197 1966
19 37 203 2033
19 38 130 1303
19 39 378 3782
19 40 707 7072
20 1 253 2525
20 2 119 1186
20 3 318 3184
20 4 623 6229
20 5 524 5237
20 6 447 4471
20 7 839 8395
20 8 208 2078
20 9 611 6110
20 10 460 4604
20 11 816 8158
20 12 364 3643
20 13 281 2814
20 14 756 7558
20 15 162 1621
20 16 541 5408
20 17 269 2688
20 18 190 1898
20 19 679 6792
20 21 564 5640
20 22 315 3153
20 23 429 4292
20 24 95 949
20 25 470 4704
20 26 702 7024
20 27 57 572
20 28 815 8148
20 29 900 9000
20 30 119 1192
20 31 530 5305
20 32 235 2348
20 33 161 1607
20 34 642 6416
20 35 683 6825
20 36 675 6753
20 37 775 7753
20 38 788 7878
20 39 845 8453
20 40 373 3732
21 1 484 4841
21 2 640 6403
21 3 699 6989
21 4 247 2466
21 5 429 4285
21 6 861 8607
21 7 620 6197
21 8 386 3864
21 9 278 2776
21 10 710 7103
21 11 252 2520
21 12 790 7903
21 13 674 6735
21 14 208 2082
21 15 562 5616
21 16 560 5595
21 17 820 8204
21 18 542 5425
21 19 266 2662
21 20 564 5640
21 22 427 4275
21 23 814 8140
21 24 601 6014
21 25 908 9082
21 26 274 2740
21 27 515 5150
21 28 568 5680
21 29 705 7048
21 30 582 5817
21 31 201 2006
21 32 439 4386
21 33 723 7235
21 34 377 3769
21 35 409 4093
21 36 127 1269
21 37 231 2313
21 38 296 2960
21 39 631 6308
21 40 733 7330
22 1 459 4594
22 2 311 3106
22 3 612 6117
22 4 605 6050
22 5 634 6340
22 6 756 7560
22 7 928 9284
22 8 326 3261
22 9 614 6141
22 10 721 7209
22 11 657 6571
22 12 673 6728
22 13 575 5750
22 14 560 5604
22 15 198 1980
22 16 711 7111
22 17 568 5676
22 18 164 1644
22 19 649 6493
22 20 315 3153
22 21 427 4275
22 23 731 7312
22 24 405 4046
22 25 784 7835
22 26 666 6662
22 27 262 2620
22 28 888 8881
22 29 1005 10051
22 30 244 2438
22 31 514 5136
22 32 81 810
22 33 450 4498
22 34 687 6866
22 35 729 7290
22 36 554 5544
22 37 658 6582
22 38 716 7164
22 39 937 9373
22 40 665 6646
23 1 332 3319
23 2 507 5068
23 3 123 1229
23 4 732 7315
23 5 505 5052
23 6 55 554
23 7 740 7402
23 8 457 4571
23 9 699 6985
23 10 174 1736
23 11 1035 10347
23 12 76 758
23 13 158 1577
23 14 1022 10220
23 15 589 5894
23 16 411 4113
23 17 326 3261
23 18 619 6188
23 19 784 7841
23 20 429 4292
23 21 814 8140
23 22 731 7312
23 24 334 3343
23 25 111 1112
23 26 808 8081
23 27 474 4737
23 28 745 7446
23 29 763 7631
23 30 542 5417
23 31 674 6736
23 32 651 6510
23 33 383 3825
23 34 664 6638
23 35 688 6885
23 36 882 8816
23 37 956 9560
23 38 914 9142
23 39 740 7400
23 40 81 811
24 1 205 2048
24 2 190 1903
24 3 225 2247
24 4 623 6227
24 5 487 4874
24 6 353 3533
24 7 798 7981
24 8 219 2185
24 9 605 6049
24 10 374 3738
24 11 850 8497
24 12 270 2702
24 13 188 1882
24 14 802 8018
24 15 256 2561
24 16 482 4825
24 17 220 2201
24 18 285 2846
24 19 680 6799
24 20 95 949
24 21 601 6014
24 22 405 4046
24 23 334 3343
24 25 379 3790
24 26 704 7041
24 27 143 1427
24 28 779 7789
24 29 852 8524
24 30 210 2104
24 31 536 5356
24 32 324 3236
24 33 145 1449
24 34 621 6207
24 35 659 6594
24 36 703 7030
24 37 798 7982
24 38 797 7969
24 39 803 8029
24 40 279 2795
25 1 424 4241
25 2 526 5264
25 3 209 2095
25 4 839 8386
25 5 616 6156
25 6 56 558
25 7 849 8490
25 8 538 5378
25 9 807 8065
25 10 283 2828
25 11 1135 11353
25 12 119 1192
25 13 236 2357
25 14 1116 11164
25 15 622 6225
25 16 522 5222
25 17 299 2992
25 18 655 6548
25 19 892 8919
25 20 470 4704
25 21 908 9082
25 22 784 7835
25 23 111 1112
25 24 379 3790
25 26 916 9161
25 27 522 5216
25 28 855 8548
25 29 869 8691
25 30 572 5721
25 31 777 7771
25 32 703 7025
25 33 385 3854
25 34 774 7743
25 35 799 7995
25 36 982 9821
25 37 1060 10598
25 38 1022 10217
25 39 849 8485
25 40 185 1847
26 1 524 5238
26 2 805 8047
26 3 716 7159
26 4 82 817
26 5 314 3138
26 6 862 8620
26 7 371 3707
26 8 495 4952
26 9 110 1096
26 10 661 6613
26 11 295 2949
26 12 810 8099
26 13 703 7029
26 14 366 3660
26 15 754 7544
26 16 443 4435
26 17 918 9177
26 18 745 7447
26 19 25 247
26 20 702 7024
26 21 274 2740
26 22 666 6662
26 23 808 8081
26 24 704 7041
26 25 916 9161
26 27 668 6680
26 28 316 3158
26 29 455 4552
26 30 759 7591
26 31 172 1722
26 32 654 6542
26 33 846 8456
26 34 175 1750
26 35 184 1837
26 36 193 1935
26 37 188 1880
26 38 107 1068
26 39 382 3824
26 40 732 7315
27 1 257 2572
27 2 137 1370
27 3 358 3582
27 4 590 5901
27 5 513 5126
27 6 495 4954
27 7 829 8285
27 8 181 1809
27 9 581 5813
27 10 489 4887
27 11 767 7671
27 12 412 4122
27 13 321 3210
27 14 703 7033
27 15 134 1341
27 16 544 5441
27 17 326 3255
27 18 154 1542
27 19 645 6454
27 20 57 572
27 21 515 5150
27 22 262 2620
27 23 474 4737
27 24 143 1427
27 25 522 5216
27 26 668 6680
27 28 801 8005
27 29 893 8928
27 30 106 1064
27 31 496 4959
27 32 181 1810
27 33 215 2150
27 34 620 6197
27 35 662 6616
27 36 629 6294
27 37 731 7308
27 38 749 7494
27 39 835 8350
27 40 413 4125
28 1 574 5740
28 2 932 9317
28 3 694 6942
28 4 321 3214
28 5 292 2920
28 6 799 7994
28 7 55 552
28 8 622 6218
28 9 293 2934
28 10 572 5721
28 11 600 6004
28 12 776 7757
28 13 698 6978
28 14 682 6816
28 15 917 9174
28 16 335 3347
28 17 958 9583
28 18 919 9191
28 19 312 3123
28 20 815 8148
28 21 568 5680
28 22 888 8881
28 23 745 7446
28 24 779 7789
28 25 855 8548
28 26 316 3158
28 27 801 8005
28 29 139 1394
28 30 905 9052
28 31 389 3892
28 32 852 8521
28 33 922 9218
28 34 203 2034
28 35 163 1632
28 36 508 5084
28 37 493 4925
28 38 381 3810
28 39 67 669
28 40 686 6855
29 1 650 6503
29 2 1018 10185
29 3 734 7344
29 4 458 4585
29 5 382 3816
29 6 816 8157
29 7 85 853
29 8 720 7196
29 9 428 4281
29 10 590 5902
29 11 737 7372
29 12 806 8060
29 13 745 7447
29 14 821 8208
29 15 1016 10164
29 16 376 3765
29 17 1013 10126
29 18 1021 10215
29 19 452 4516
29 20 900 9000
29 21 705 7048
29 22 1005 10051
29 23 763 7631
29 24 852 8524
29 25 869 8691
29 26 455 4552
29 27 893 8928
29 28 139 1394
29 30 999 9990
29 31 520 5201
29 32 963 9629
29 33 991 9908
29 34 333 3327
29 35 296 2961
29 36 648 6479
29 37 630 6298
29 38 516 5163
29 39 74 740
29 40 716 7156
30 1 362 3617
30 2 68 675
30 3 435 4351
30 4 683 6834
30 5 618 6184
30 6 555 5546
30 7 934 9341
30 8 284 2837
30 9 678 6777
30 10 580 5796
30 11 832 8316
30 12 473 4733
30 13 399 3986
30 14 756 7557
30 15 51 513
30 16 650 6496
30 17 327 3272
30 18 86 860
30 19 737 7374
30 20 119 1192
30 21 582 5817
30 22 244 2438
30 23 542 5417
30 24 210 2104
30 25 572 5721
30 26 759 7591
30 27 106 1064
30 28 905 9052
30 29 999 9990
30 31 588 5881
30 32 174 1737
30 33 209 2093
30 34 721 7215
30 35 764 7637
30 36 702 7024
30 37 806 8060
30 38 835 8348
30 39 941 9407
30 40 490 4899
31 1 366 3661
31 2 633 6327
31 3 571 5705
31 4 96 957
31 5 232 2317
31 6 725 7250
31 7 437 4368
31 8 324 3237
31 9 101 1009
31 10 545 5453
31 11 365 3647
31 12 665 6650
31 13 553 5528
31 14 380 3799
31 15 585 5853
31 16 366 3663
31 17 752 7519
31 18 578 5775
31 19 150 1496
31 20 530 5305
31 21 201 2006
31 22 514 5136
31 23 674 6736
31 24 536 5356
31 25 777 7771
31 26 172 1722
31 27 496 4959
31 28 389 3892
31 29 520 5201
31 30 588 5881
31 32 492 4921
31 33 676 6755
31 34 187 1875
31 35 226 2261
31 36 214 2143
31 37 283 2827
31 38 261 2615
31 39 447 4472
31 40 594 5938
32 1 389 3886
32 2 241 2412
32 3 532 5322
32 4 587 5866
32 5 586 5855
32 6 675 6752
32 7 889 8892
32 8 262 2615
32 9 590 5905
32 10 646 6461
32 11 681 6809
32 12 592 5920
32 13 495 4953
32 14 595 5947
32 15 135 1352
32 16 652 6518
32 17 491 4911
32 18 108 1078
32 19 635 6352
32 20 235 2348
32 21 439 4386
32 22 81 810
32 23 651 6510
32 24 324 3236
32 25 703 7025
32 26 654 6542
32 27 181 1810
32 28 852 8521
32 29 963 9629
32 30 174 1737
32 31 492 4921
32 33 374 3739
32 34 654 6542
32 35 697 6971
32 36 564 5644
32 37 669 6692
32 38 715 7151
32 39 897 8975
32 40 585 5854
33 1 348 3483
33 2 150 1496
33 3 306 3057
33 4 765 7646
33 5 631 6310
33 6 380 3803
33 7 939 9393
33 8 353 3532
33 9 748 7481
33 10 473 4732
33 11 975 9748
33 12 307 3074
33 13 277 2766
33 14 916 9165
33 15 260 2599
33 16 617 6169
33 17 118 1181
33 18 295 2951
33 19 822 8217
33 20 161 1607
33 21 723 7235
33 22 450 4498
33 23 383 3825
33 24 145 1449
33 25 385 3854
33 26 846 8456
33 27 215 2150
33 28 922 9218
33 29 991 9908
33 30 209 2093
33 31 676 6755
33 32 374 3739
33 34 766 7656
33 35 804 8042
33 36 832 8322
33 37 931 9306
33 38 936 9360
33 39 944 9436
33 40 355 3547
34 1 421 4212
34 2 755 7549
34 3 585 5854
34 4 138 1377
34 5 159 1587
34 6 719 7189
34 7 249 2495
34 8 439 4388
34 9 100 1003
34 10 506 5056
34 11 466 4659
34 12 676 6765
34 13 579 5791
34 14 521 5210
34 15 729 7286
34 16 275 2752
34 17 820 8197
34 18 727 7272
34 19 158 1579
34 20 642 6416
34 21 377 3769
34 22 687 6866
34 23 664 6638
34 24 621 6207
34 25 774 7743
34 26 175 1750
34 27 620 6197
34 28 203 2034
34 29 333 3327
34 30 721 7215
34 31 187 1875
34 32 654 6542
34 33 766 7656
34 35 43 429
34 36 343 3427
34 37 361 3612
34 38 276 2763
34 39 260 2598
34 40 592 5919
35 1 458 4582
35 2 796 7964
35 3 615 6152
35 4 165 1645
35 5 187 1866
35 6 744 7438
35 7 212 2117
35 8 481 4807
35 9 132 1320
35 10 526 5262
35 11 478 4785
35 12 705 7048
35 13 611 6107
35 14 542 5423
35 15 771 7713
35 16 290 2896
35 17 856 8557
35 18 770 7700
35 19 171 1714
35 20 683 6825
35 21 409 4093
35 22 729 7290
35 23 688 6885
35 24 659 6594
35 25 799 7995
35 26 184 1837
35 27 662 6616
35 28 163 1632
35 29 296 2961
35 30 764 7637
35 31 226 2261
35 32 697 6971
35 33 804 8042
35 34 43 429
35 36 365 3645
35 37 372 3716
35 38 277 2767
35 39 222 2225
35 40 619 6187
36 1 561 5615
36 2 759 7587
36 3 773 7732
36 4 206 2057
36 5 439 4391
36 6 932 9315
36 7 563 5630
36 8 485 4846
36 9 246 2458
36 10 759 7590
36 11 153 1532
36 12 867 8670
36 13 752 7519
36 14 178 1783
36 15 685 6850
36 16 575 5753
36 17 923 9231
36 18 667 6671
36 19 197 1966
36 20 675 6753
36 21 127 1269
36 22 554 5544
36 23 882 8816
36 24 703 7030
36 25 982 9821
36 26 193 1935
36 27 629 6294
36 28 508 5084
36 29 648 6479
36 30 702 7024
36 31 214 2143
36 32 564 5644
36 33 832 8322
36 34 343 3427
36 35 365 3645
36 37 105 1048
36 38 180 1799
36 39 575 5746
36 40 801 8010
37 1 645 6453
37 2 862 8615
37 3 853 8528
37 4 238 2381
37 5 486 4856
37 6 1008 10077
37 7 548 5477
37 8 580 5799
37 9 278 2782
37 10 823 8226
37 11 108 1082
37 12 947 9473
37 13 834 8341
37 14 205 2047
37 15 789 7894
37 16 620 6202
37 17 1018 10180
37 18 772 7719
37 19 203 2033
37 20 775 7753
37 21 231 2313
37 22 658 6582
37 23 956 9560
37 24 798 7982
37 25 1060 10598
37 26 188 1880
37 27 731 7308
37 28 493 4925
37 29 630 6298
37 30 806 8060
37 31 283 2827
37 32 669 6692
37 33 931 9306
37 34 361 3612
37 35 372 3716
37 36 105 1048
37 38 117 1171
37 39 559 5594
37 40 876 8765
38 1 624 6238
38 2 885 8846
38 3 820 8201
38 4 184 1835
38 5 420 4204
38 6 968 9678
38 7 436 4359
38 8 583 5831
38 9 216 2158
38 10 768 7681
38 11 222 2218
38 12 914 9144
38 13 806 8060
38 14 320 3203
38 15 825 8250
38 16 549 5488
38 17 1013 10133
38 18 812 8119
38 19 130 1303
38 20 788 7878
38 21 296 2960
38 22 716 7164
38 23 914 9142
38 24 797 7969
38 25 1022 10217
38 26 107 1068
38 27 749 7494
38 28 381 3810
38 29 516 5163
38 30 835 8348
38 31 261 2615
38 32 715 7151
38 33 936 9360
38 34 276 2763
38 35 277 2767
38 36 180 1799
38 37 117 1171
38 39 447 4475
38 40 837 8371
39 1 599 5988
39 2 963 9633
39 3 700 7003
39 4 384 3845
39 5 322 3224
39 6 794 7939
39 7 12 117
39 8 659 6591
39 9 354 3544
39 10 566 5664
39 11 667 6672
39 12 777 7771
39 13 707 7074
39 14 748 7483
39 15 956 9559
39 16 338 3384
39 17 972 9725
39 18 960 9595
39 19 378 3782
39 20 845 8453
39 21 631 6308
39 22 937 9373
39 23 740 7400
39 24 803 8029
39 25 849 8485
39 26 382 3824
39 27 835 8350
39 28 67 669
39 29 74 740
39 30 941 9407
39 31 447 4472
39 32 897 8975
39 33 944 9436
39 34 260 2598
39 35 222 2225
39 36 575 5746
39 37 559 5594
39 38 447 4475
39 40 686 6864
40 1 251 2515
40 2 463 4629
40 3 55 548
40 4 654 6540
40 5 433 4334
40 6 131 1313
40 7 686 6856
40 8 380 3796
40 9 622 6219
40 10 132 1322
40 11 954 9542
40 12 91 907
40 13 92 918
40 14 941 9409
40 15 535 5352
40 16 351 3508
40 17 323 3235
40 18 562 5625
40 19 707 7072
40 20 373 3732
40 21 733 7330
40 22 665 6646
40 23 81 811
40 24 279 2795
40 25 185 1847
40 26 732 7315
40 27 413 4125
40 28 686 6855
40 29 716 7156
40 30 490 4899
40 31 594 5938
40 32 585 5854
40 33 355 3547
40 34 592 5919
40 35 619 6187
40 36 801 8010
40 37 876 8765
40 38 837 8371
40 39 686 6864
