30
593
304
16
23
5
3
18
1
28
26
22
9
7
11
12
13
15
24
20
6
14
1
30
27
4
23
1 2 532 5321
1 3 468 4677
1 4 1020 10201
1 5 686 6856
1 6 386 3863
1 7 967 9672
1 8 135 1348
1 9 534 5343
1 10 665 6654
1 11 743 7433
1 12 210 2095
1 13 830 8303
1 14 126 1262
1 15 810 8100
1 16 437 4373
1 17 165 1646
1 18 896 8962
1 19 1101 11010
1 20 246 2460
1 21 954 9538
1 22 751 7508
1 23 185 1848
1 24 716 7163
1 25 657 6572
1 26 703 7032
1 27 602 6021
1 28 718 7179
1 29 928 9280
1 30 881 8809
2 1 532 5321
2 3 205 2047
2 4 640 6399
2 5 694 6942
2 6 289 2893
2 7 656 6555
2 8 606 6056
2 9 265 2654
2 10 620 6196
2 11 270 2702
2 12 502 5017
2 13 335 3350
2 14 414 4138
2 15 280 2798
2 16 147 1468
2 17 372 3724
2 18 364 3642
2 19 582 5816
2 20 714 7138
2 21 778 7778
2 22 417 4175
2 23 347 3474
2 24 295 2950
2 25 295 2954
2 26 179 1791
2 27 415 4155
2 28 198 1977
2 29 807 8067
2 30 392 3919
3 1 468 4677
3 2 205 2047
3 4 845 8446
3 5 834 8343
3 6 108 1078
3 7 858 8576
3 8 577 5771
3 9 438 4378
3 10 769 7694
3 11 285 2850
3 12 521 5215
3 13 376 3764
3 14 342 3420
3 15 402 4016
3 16 280 2798
3 17 308 3076
3 18 497 4971
3 19 743 7434
3 20 694 6943
3 21 964 9638
3 22 302 3021
3 23 309 3089
3 24 500 4997
3 25 193 1929
3 26 360 3597
3 27 585 5850
3 28 299 2987
3 29 983 9831
3 30 584 5837
4 1 1020 10201
4 2 640 6399
4 3 845 8446
4 5 610 6104
4 6 923 9231
4 7 138 1377
4 8 1016 10162
4 9 488 4883
4 10 539 5388
4 11 761 7610
4 12 864 8637
4 13 741 7410
4 14 945 9450
4 15 592 5920
4 16 624 6242
4 17 910 9096
4 18 552 5516
4 19 441 4412
4 20 1077 10769
4 21 382 3819
4 22 982 9820
4 23 866 8664
4 24 346 3460
4 25 882 8818
4 26 514 5143
4 27 439 4390
4 28 645 6451
4 29 470 4698
4 30 322 3222
5 1 686 6856
5 2 694 6942
5 3 834 8343
5 4 610 6104
5 6 844 8443
5 7 487 4867
5 8 606 6057
5 9 435 4348
5 10 86 856
5 11 953 9532
5 12 476 4763
5 13 994 9942
5 14 689 6887
5 15 874 8743
5 16 562 5620
5 17 676 6763
5 18 904 9038
5 19 953 9532
5 20 606 6065
5 21 329 3292
5 22 1108 11080
5 23 634 6343
5 24 556 5560
5 25 985 9850
5 26 728 7281
5 27 298 2983
5 28 849 8494
5 29 268 2677
5 30 723 7226
6 1 386 3863
6 2 289 2893
6 3 108 1078
6 4 923 9231
6 5 844 8443
6 7 924 9237
6 8 507 5068
6 9 483 4831
6 10 787 7874
6 11 389 3890
6 12 477 4769
6 13 481 4811
6 14 266 2656
6 15 509 5088
6 16 321 3210
6 17 239 2389
6 18 604 6042
6 19 848 8483
6 20 624 6244
6 21 1008 10076
6 22 365 3645
6 23 255 2547
6 24 577 5772
6 25 276 2757
6 26 458 4578
6 27 622 6219
6 28 406 4061
6 29 1018 10177
6 30 679 6789
7 1 967 9672
7 2 656 6555
7 3 858 8576
7 4 138 1377
7 5 487 4867
7 6 924 9237
7 8 946 9465
7 9 455 4549
7 10 422 4217
7 11 819 8191
7 12 793 7934
7 13 813 8133
7 14 906 9065
7 15 664 6645
7 16 609 6086
7 17 875 8746
7 18 641 6405
7 19 567 5667
7 20 995 9953
7 21 245 2452
7 22 1032 10324
7 23 830 8296
7 24 366 3663
7 25 923 9234
7 26 562 5619
7 27 367 3666
7 28 700 7002
7 29 332 3322
7 30 408 4083
8 1 135 1348
8 2 606 6056
8 3 577 5771
8 4 1016 10162
8 5 606 6057
8 6 507 5068
8 7 946 9465
8 9 547 5472
8 10 601 6006
8 11 840 8403
8 12 153 1532
8 13 923 9233
8 14 241 2413
8 15 885 8851
8 16 487 4874
8 17 270 2703
8 18 965 9653
8 19 1150 11502
8 20 118 1177
8 21 900 8996
8 22 870 8700
8 23 271 2713
8 24 742 7418
8 25 770 7696
8 26 764 7644
8 27 581 5813
8 28 800 8001
8 29 862 8623
8 30 919 9188
9 1 534 5343
9 2 265 2654
9 3 438 4378
9 4 488 4883
9 5 435 4348
9 6 483 4831
9 7 455 4549
9 8 547 5472
9 10 357 3567
9 11 518 5184
9 12 402 4019
9 13 562 5617
9 14 457 4572
9 15 452 4523
9 16 162 1622
9 17 423 4228
9 18 500 4998
9 19 625 6251
9 20 628 6276
9 21 527 5267
9 22 683 6828
9 23 379 3789
9 24 198 1983
9 25 561 5606
9 26 305 3045
9 27 150 1505
9 28 416 4161
9 29 546 5463
9 30 384 3839
10 1 665 6654
10 2 620 6196
10 3 769 7694
10 4 539 5388
10 5 86 856
10 6 787 7874
10 7 422 4217
10 8 601 6006
10 9 357 3567
10 11 875 8745
10 12 460 4598
10 13 913 9128
10 14 653 6534
10 15 791 7907
10 16 493 4928
10 17 636 6364
10 18 819 8187
10 19 869 8690
10 20 618 6179
10 21 302 3022
10 22 1036 10357
10 23 593 5926
10 24 471 4706
10 25 913 9128
10 26 645 6451
10 27 215 2152
10 28 769 7687
10 29 263 2630
10 30 637 6374
11 1 743 7433
11 2 270 2702
11 3 285 2850
11 4 761 7610
11 5 953 9532
11 6 389 3890
11 7 819 8191
11 8 840 8403
11 9 518 5184
11 10 875 8745
11 12 757 7568
11 13 92 923
11 14 617 6172
11 15 183 1828
11 16 417 4169
11 17 579 5791
11 18 267 2668
11 19 524 5239
11 20 955 9548
11 21 989 9887
11 22 224 2244
11 23 569 5695
11 24 463 4628
11 25 157 1566
11 26 259 2588
11 27 662 6621
11 28 119 1191
11 29 1033 10327
11 30 446 4461
12 1 210 2095
12 2 502 5017
12 3 521 5215
12 4 864 8637
12 5 476 4763
12 6 477 4769
12 7 793 7934
12 8 153 1532
12 9 402 4019
12 10 460 4598
12 11 757 7568
12 13 833 8328
12 14 241 2412
12 15 775 7753
12 16 368 3675
12 17 248 2475
12 18 849 8488
12 19 1017 10170
12 20 227 2268
12 21 754 7541
12 22 823 8234
12 23 222 2225
12 24 599 5992
12 25 712 7117
12 26 644 6444
12 27 428 4281
12 28 699 6994
12 29 723 7228
12 30 781 7807
13 1 830 8303
13 2 335 3350
13 3 376 3764
13 4 741 7410
13 5 994 9942
13 6 481 4811
13 7 813 8133
13 8 923 9233
13 9 562 5617
13 10 913 9128
13 11 92 923
13 12 833 8328
13 14 705 7046
13 15 149 1495
13 16 481 4806
13 17 666 6658
13 18 208 2083
13 19 457 4568
13 20 1036 10364
13 21 1000 10001
13 22 279 2790
13 23 654 6536
13 24 474 4737
13 25 241 2405
13 26 272 2724
13 27 698 6979
13 28 146 1459
13 29 1051 10512
13 30 419 4193
14 1 126 1262
14 2 414 4138
14 3 342 3420
14 4 945 9450
14 5 689 6887
14 6 266 2656
14 7 906 9065
14 8 241 2413
14 9 457 4572
14 10 653 6534
14 11 617 6172
14 12 241 2412
14 13 705 7046
14 15 689 6889
14 16 336 3360
14 17 41 415
14 18 777 7771
14 19 990 9902
14 20 359 3588
14 21 924 9238
14 22 630 6295
14 23 79 788
14 24 624 6240
14 25 533 5326
14 26 589 5890
14 27 551 5507
14 28 595 5948
14 29 910 9101
14 30 778 7780
15 1 810 8100
15 2 280 2798
15 3 402 4016
15 4 592 5920
15 5 874 8743
15 6 509 5088
15 7 664 6645
15 8 885 8851
15 9 452 4523
15 10 791 7907
15 11 183 1828
15 12 775 7753
15 13 149 1495
15 14 689 6889
15 16 409 4085
15 17 648 6478
15 18 96 958
15 19 350 3502
15 20 992 9920
15 21 857 8566
15 22 406 4061
15 23 626 6260
15 24 334 3344
15 25 332 3323
15 26 148 1479
15 27 576 5760
15 28 103 1029
15 29 912 9115
15 30 271 2710
16 1 437 4373
16 2 147 1468
16 3 280 2798
16 4 624 6242
16 5 562 5620
16 6 321 3210
16 7 609 6086
16 8 487 4874
16 9 162 1622
16 10 493 4928
16 11 417 4169
16 12 368 3675
16 13 481 4806
16 14 336 3360
16 15 409 4085
16 17 296 2965
16 18 482 4815
16 19 666 6658
16 20 588 5882
16 21 688 6883
16 22 547 5468
16 23 259 2588
16 24 290 2901
16 25 424 4239
16 26 278 2780
16 27 306 3057
16 28 339 3394
16 29 704 7039
16 30 444 4439
17 1 165 1646
17 2 372 3724
17 3 308 3076
17 4 910 9096
17 5 676 6763
17 6 239 2389
17 7 875 8746
17 8 270 2703
17 9 423 4228
17 10 636 6364
17 11 579 5791
17 12 248 2475
17 13 666 6658
17 14 41 415
17 15 648 6478
17 16 296 2965
17 18 736 7358
17 19 949 9488
17 20 388 3880
17 21 900 9002
17 22 600 6001
17 23 46 459
17 24 585 5855
17 25 500 4996
17 26 548 5475
17 27 523 5228
17 28 554 5542
17 29 890 8901
17 30 738 7375
18 1 896 8962
18 2 364 3642
18 3 497 4971
18 4 552 5516
18 5 904 9038
18 6 604 6042
18 7 641 6405
18 8 965 9653
18 9 500 4998
18 10 819 8187
18 11 267 2668
18 12 849 8488
18 13 208 2083
18 14 777 7771
18 15 96 958
18 16 482 4815
18 17 736 7358
18 19 258 2577
18 20 1069 10693
18 21 850 8504
18 22 484 4836
18 23 712 7115
18 24 349 3493
18 25 421 4214
18 26 205 2050
18 27 608 6077
18 28 199 1987
18 29 913 9131
18 30 233 2327
19 1 1101 11010
19 2 582 5816
19 3 743 7434
19 4 441 4412
19 5 953 9532
19 6 848 8483
19 7 567 5667
19 8 1150 11502
19 9 625 6251
19 10 869 8690
19 11 524 5239
19 12 1017 10170
19 13 457 4568
19 14 990 9902
19 15 350 3502
19 16 666 6658
19 17 949 9488
19 18 258 2577
19 20 1243 12435
19 21 808 8077
19 22 736 7358
19 23 918 9179
19 24 431 4306
19 25 679 6791
19 26 403 4027
19 27 684 6841
19 28 450 4503
19 29 887 8874
19 30 243 2430
20 1 246 2460
20 2 714 7138
20 3 694 6943
20 4 1077 10769
20 5 606 6065
20 6 624 6244
20 7 995 9953
20 8 118 1177
20 9 628 6276
20 10 618 6179
20 11 955 9548
20 12 227 2268
20 13 1036 10364
20 14 359 3588
20 15 992 9920
20 16 588 5882
20 17 388 3880
20 18 1069 10693
20 19 1243 12435
20 21 920 9201
20 22 988 9877
20 23 387 3873
20 24 825 8255
20 25 887 8870
20 26 866 8662
20 27 638 6380
20 28 910 9101
20 29 872 8720
20 30 1008 10075
21 1 954 9538
21 2 778 7778
21 3 964 9638
21 4 382 3819
21 5 329 3292
21 6 1008 10076
21 7 245 2452
21 8 900 8996
21 9 527 5267
21 10 302 3022
21 11 989 9887
21 12 754 7541
21 13 1000 10001
21 14 924 9238
21 15 857 8566
21 16 688 6883
21 17 900 9002
21 18 850 8504
21 19 808 8077
21 20 920 9201
21 22 1186 11855
21 23 855 8546
21 24 527 5273
21 25 1068 10679
21 26 732 7318
21 27 387 3867
21 28 871 8710
21 29 92 924
21 30 625 6254
22 1 751 7508
22 2 417 4175
22 3 302 3021
22 4 982 9820
22 5 1108 11080
22 6 365 3645
22 7 1032 10324
22 8 870 8700
22 9 683 6828
22 10 1036 10357
22 11 224 2244
22 12 823 8234
22 13 279 2790
22 14 630 6295
22 15 406 4061
22 16 547 5468
22 17 600 6001
22 18 484 4836
22 19 736 7358
22 20 988 9877
22 21 1186 11855
22 23 608 6077
22 24 669 6689
22 25 123 1230
22 26 471 4712
22 27 833 8329
22 28 337 3369
22 29 1221 12208
22 30 670 6700
23 1 185 1848
23 2 347 3474
23 3 309 3089
23 4 866 8664
23 5 634 6343
23 6 255 2547
23 7 830 8296
23 8 271 2713
23 9 379 3789
23 10 593 5926
23 11 569 5695
23 12 222 2225
23 13 654 6536
23 14 79 788
23 15 626 6260
23 16 259 2588
23 17 46 459
23 18 712 7115
23 19 918 9179
23 20 387 3873
23 21 855 8546
23 22 608 6077
23 24 546 5457
23 25 502 5017
23 26 519 5188
23 27 477 4770
23 28 536 5356
23 29 845 8451
23 30 702 7021
24 1 716 7163
24 2 295 2950
24 3 500 4997
24 4 346 3460
24 5 556 5560
24 6 577 5772
24 7 366 3663
24 8 742 7418
24 9 198 1983
24 10 471 4706
24 11 463 4628
24 12 599 5992
24 13 474 4737
24 14 624 6240
24 15 334 3344
24 16 290 2901
24 17 585 5855
24 18 349 3493
24 19 431 4306
24 20 825 8255
24 21 527 5273
24 22 669 6689
24 23 546 5457
24 25 558 5576
24 26 205 2047
24 27 264 2643
24 28 344 3443
24 29 578 5779
24 30 188 1878
25 1 657 6572
25 2 295 2954
25 3 193 1929
25 4 882 8818
25 5 985 9850
25 6 276 2757
25 7 923 9234
25 8 770 7696
25 9 561 5606
25 10 913 9128
25 11 157 1566
25 12 712 7117
25 13 241 2405
25 14 533 5326
25 15 332 3323
25 16 424 4239
25 17 500 4996
25 18 421 4214
25 19 679 6791
25 20 887 8870
25 21 1068 10679
25 22 123 1230
25 23 502 5017
25 24 558 5576
25 26 368 3676
25 27 711 7109
25 28 245 2448
25 29 1101 11008
25 30 580 5797
26 1 703 7032
26 2 179 1791
26 3 360 3597
26 4 514 5143
26 5 728 7281
26 6 458 4578
26 7 562 5619
26 8 764 7644
26 9 305 3045
26 10 645 6451
26 11 259 2588
26 12 644 6444
26 13 272 2724
26 14 589 5890
26 15 148 1479
26 16 278 2780
26 17 548 5475
26 18 205 2050
26 19 403 4027
26 20 866 8662
26 21 732 7318
26 22 471 4712
26 23 519 5188
26 24 205 2047
26 25 368 3676
26 27 430 4300
26 28 140 1398
26 29 780 7798
26 30 225 2248
27 1 602 6021
27 2 415 4155
27 3 585 5850
27 4 439 4390
27 5 298 2983
27 6 622 6219
27 7 367 3666
27 8 581 5813
27 9 150 1505
27 10 215 2152
27 11 662 6621
27 12 428 4281
27 13 698 6979
27 14 551 5507
27 15 576 5760
27 16 306 3057
27 17 523 5228
27 18 608 6077
27 19 684 6841
27 20 638 6380
27 21 387 3867
27 22 833 8329
27 23 477 4770
27 24 264 2643
27 25 711 7109
27 26 430 4300
27 28 554 5543
27 29 398 3982
27 30 444 4438
28 1 718 7179
28 2 198 1977
28 3 299 2987
28 4 645 6451
28 5 849 8494
28 6 406 4061
28 7 700 7002
28 8 800 8001
28 9 416 4161
28 10 769 7687
28 11 119 1191
28 12 699 6994
28 13 146 1459
28 14 595 5948
28 15 103 1029
28 16 339 3394
28 17 554 5542
28 18 199 1987
28 19 450 4503
28 20 910 9101
28 21 871 8710
28 22 337 3369
28 23 536 5356
28 24 344 3443
28 25 245 2448
28 26 140 1398
28 27 554 5543
28 29 917 9169
28 30 336 3357
29 1 928 9280
29 2 807 8067
29 3 983 9831
29 4 470 4698
29 5 268 2677
29 6 1018 10177
29 7 332 3322
29 8 862 8623
29 9 546 5463
29 10 263 2630
29 11 1033 10327
29 12 723 7228
29 13 1051 10512
29 14 910 9101
29 15 912 9115
29 16 704 7039
29 17 890 8901
29 18 913 9131
29 19 887 8874
29 20 872 8720
29 21 92 924
29 22 1221 12208
29 23 845 8451
29 24 578 5779
29 25 1101 11008
29 26 780 7798
29 27 398 3982
29 28 917 9169
29 30 694 6939
30 1 881 8809
30 2 392 3919
30 3 584 5837
30 4 322 3222
30 5 723 7226
30 6 679 6789
30 7 408 4083
30 8 919 9188
30 9 384 3839
30 10 637 6374
30 11 446 4461
30 12 781 7807
30 13 419 4193
30 14 778 7780
30 15 271 2710
30 16 444 4439
30 17 738 7375
30 18 233 2327
30 19 243 2430
30 20 1008 10075
30 21 625 6254
30 22 670 6700
30 23 702 7021
30 24 188 1878
30 25 580 5797
30 26 225 2248
30 27 444 4438
30 28 336 3357
30 29 694 6939
