40
661
35
4
25
15
22
27
23
2
15
38
20
26
24
17
8
25
34
29
12
7
6
18
5
3
37
4
14
10
19
31
1 2 848 8478
1 3 454 4539
1 4 208 2085
1 5 748 7475
1 6 616 6159
1 7 556 5560
1 8 375 3747
1 9 733 7332
1 10 300 2998
1 11 590 5898
1 12 650 6503
1 13 591 5910
1 14 615 6149
1 15 739 7387
1 16 366 3656
1 17 509 5091
1 18 312 3118
1 19 457 4568
1 20 479 4793
1 21 187 1871
1 22 345 3448
1 23 387 3874
1 24 279 2788
1 25 423 4228
1 26 632 6319
1 27 838 8383
1 28 615 6150
1 29 560 5600
1 30 169 1693
1 31 675 6746
1 32 603 6028
1 33 327 3272
1 34 135 1354
1 35 857 8574
1 36 623 6228
1 37 256 2555
1 38 721 7211
1 39 465 4648
1 40 582 5821
2 1 848 8478
2 3 406 4057
2 4 935 9354
2 5 459 4586
2 6 717 7168
2 7 343 3427
2 8 677 6769
2 9 455 4553
2 10 610 6101
2 11 468 4676
2 12 205 2050
2 13 333 3326
2 14 532 5322
2 15 593 5926
2 16 674 6738
2 17 340 3403
2 18 756 7555
2 19 398 3977
2 20 580 5799
2 21 702 7015
2 22 958 9582
2 23 480 4797
2 24 579 5793
2 25 426 4255
2 26 637 6365
2 27 595 5949
2 28 479 4791
2 29 305 3049
2 30 864 8640
2 31 250 2503
2 32 519 5188
2 33 586 5858
2 34 957 9574
2 35 146 1458
2 36 732 7321
2 37 785 7852
2 38 135 1349
2 39 526 5264
2 40 824 8242
3 1 454 4539
3 2 406 4057
3 4 530 5302
3 5 507 5075
3 6 590 5905
3 7 115 1150
3 8 419 4190
3 9 365 3648
3 10 208 2081
3 11 387 3869
3 12 233 2327
3 13 271 2715
3 14 315 3153
3 15 583 5834
3 16 411 4106
3 17 113 1131
3 18 367 3667
3 19 124 1238
3 20 260 2595
3 21 296 2961
3 22 645 6448
3 23 176 1765
3 24 177 1768
3 25 62 620
3 26 543 5432
3 27 650 6500
3 28 417 4169
3 29 185 1852
3 30 458 4584
3 31 310 3101
3 32 437 4372
3 33 284 2840
3 34 576 5755
3 35 452 4518
3 36 605 6053
3 37 465 4648
3 38 294 2942
3 39 195 1948
3 40 649 6488
4 1 208 2085
4 2 935 9354
4 3 530 5302
4 5 919 9194
4 6 819 8187
4 7 606 6057
4 8 575 5746
4 9 713 7126
4 10 327 3269
4 11 762 7624
4 12 756 7560
4 13 733 7326
4 14 577 5774
4 15 928 9277
4 16 565 5648
4 17 617 6165
4 18 225 2252
4 19 577 5773
4 20 443 4434
4 21 239 2391
4 22 539 5394
4 23 529 5286
4 24 364 3645
4 25 522 5222
4 26 828 8277
4 27 1024 10240
4 28 790 7903
4 29 680 6803
4 30 73 728
4 31 806 8056
4 32 784 7842
4 33 502 5021
4 34 285 2847
4 35 974 9739
4 36 827 8265
4 37 464 4637
4 38 822 8222
4 39 458 4581
4 40 790 7902
5 1 748 7475
5 2 459 4586
5 3 507 5075
5 4 919 9194
5 6 304 3043
5 7 555 5552
5 8 409 4087
5 9 797 7967
5 10 670 6697
5 11 158 1579
5 12 356 3559
5 13 238 2378
5 14 802 8019
5 15 137 1367
5 16 413 4132
5 17 397 3971
5 18 835 8347
5 19 392 3920
5 20 767 7669
5 21 696 6963
5 22 680 6797
5 23 402 4021
5 24 587 5868
5 25 466 4661
5 26 220 2199
5 27 150 1502
5 28 133 1331
5 29 331 3306
5 30 850 8504
5 31 245 2446
5 32 155 1546
5 33 421 4212
5 34 801 8014
5 35 336 3357
5 36 317 3168
5 37 556 5564
5 38 372 3718
5 39 702 7021
5 40 428 4279
6 1 616 6159
6 2 717 7168
6 3 590 5905
6 4 819 8187
6 5 304 3043
6 7 682 6823
6 8 245 2450
6 9 945 9445
6 10 670 6698
6 11 252 2516
6 12 553 5535
6 13 402 4016
6 14 905 9052
6 15 194 1941
6 16 255 2552
6 17 512 5123
6 18 812 8117
6 19 470 4704
6 20 826 8258
6 21 645 6450
6 22 427 4269
6 23 421 4212
6 24 577 5770
6 25 531 5306
6 26 85 852
6 27 288 2882
6 28 238 2378
6 29 478 4775
6 30 762 7619
6 31 468 4684
6 32 198 1982
6 33 354 3543
6 34 620 6200
6 35 619 6191
6 36 16 158
6 37 369 3687
6 38 600 5997
6 39 768 7677
6 40 124 1245
7 1 556 5560
7 2 343 3427
7 3 115 1150
7 4 606 6057
7 5 555 5552
7 6 682 6823
7 8 529 5285
7 9 262 2623
7 10 280 2797
7 11 458 4583
7 12 222 2222
7 13 320 3199
7 14 247 2470
7 15 650 6497
7 16 521 5207
7 17 172 1716
7 18 414 4139
7 19 214 2139
7 20 245 2453
7 21 384 3845
7 22 760 7599
7 23 284 2841
7 24 278 2775
7 25 173 1730
7 26 627 6268
7 27 704 7038
7 28 486 4861
7 29 226 2262
7 30 537 5369
7 31 326 3265
7 32 513 5127
7 33 396 3962
7 34 682 6822
7 35 423 4230
7 36 698 6976
7 37 580 5798
7 38 261 2615
7 39 186 1863
7 40 751 7506
8 1 375 3747
8 2 677 6769
8 3 419 4190
8 4 575 5746
8 5 409 4087
8 6 245 2450
8 7 529 5285
8 9 784 7836
8 10 445 4448
8 11 265 2645
8 12 478 4782
8 13 348 3481
8 14 718 7177
8 15 371 3708
8 16 11 107
8 17 380 3801
8 18 574 5743
8 19 322 3220
8 20 619 6185
8 21 405 4048
8 22 288 2884
8 23 244 2444
8 24 354 3544
8 25 357 3573
8 26 258 2581
8 27 473 4729
8 28 280 2798
8 29 380 3803
8 30 517 5169
8 31 439 4388
8 32 254 2542
8 33 138 1380
8 34 400 3997
8 35 625 6254
8 36 254 2539
8 37 148 1482
8 38 543 5433
8 39 567 5672
8 40 247 2474
9 1 733 7332
9 2 455 4553
9 3 365 3648
9 4 713 7126
9 5 797 7967
9 6 945 9445
9 7 262 2623
9 8 784 7836
9 10 434 4336
9 11 716 7159
9 12 442 4423
9 13 570 5705
9 14 139 1391
9 15 903 9025
9 16 775 7751
9 17 433 4327
9 18 488 4884
9 19 476 4758
9 20 269 2692
9 21 546 5462
9 22 992 9919
9 23 541 5410
9 24 480 4798
9 25 427 4268
9 26 888 8875
9 27 947 9469
9 28 742 7425
9 29 479 4791
9 30 657 6574
9 31 555 5547
9 32 771 7714
9 33 647 6475
9 34 868 8679
9 35 585 5847
9 36 960 9598
9 37 816 8161
9 38 448 4476
9 39 269 2686
9 40 1012 10116
10 1 300 2998
10 2 610 6101
10 3 208 2081
10 4 327 3269
10 5 670 6697
10 6 670 6698
10 7 280 2797
10 8 445 4448
10 9 434 4336
10 11 526 5257
10 12 440 4400
10 13 450 4495
10 14 321 3206
10 15 717 7167
10 16 434 4343
10 17 308 3081
10 18 167 1666
10 19 285 2849
10 20 192 1919
10 21 114 1137
10 22 581 5815
10 23 272 2717
10 24 93 928
10 25 216 2160
10 26 646 6463
10 27 799 7991
10 28 556 5564
10 29 378 3784
10 30 257 2573
10 31 507 5067
10 32 564 5645
10 33 316 3161
10 34 434 4343
10 35 659 6594
10 36 682 6823
10 37 420 4204
10 38 502 5024
10 39 166 1658
10 40 692 6922
11 1 590 5898
11 2 468 4676
11 3 387 3869
11 4 762 7624
11 5 158 1579
11 6 252 2516
11 7 458 4583
11 8 265 2645
11 9 716 7159
11 10 526 5257
11 12 304 3035
11 13 152 1525
11 14 697 6975
11 15 197 1967
11 16 267 2671
11 17 288 2877
11 18 688 6878
11 19 264 2639
11 20 643 6430
11 21 543 5428
11 22 548 5483
11 23 254 2541
11 24 439 4387
11 25 336 3361
11 26 178 1779
11 27 273 2735
11 28 31 309
11 29 237 2375
11 30 694 6941
11 31 218 2177
11 32 57 566
11 33 263 2633
11 34 648 6475
11 35 383 3830
11 36 267 2673
11 37 409 4086
11 38 348 3481
11 39 580 5796
11 40 357 3568
12 1 650 6503
12 2 205 2050
12 3 233 2327
12 4 756 7560
12 5 356 3559
12 6 553 5535
12 7 222 2222
12 8 478 4782
12 9 442 4423
12 10 440 4400
12 11 304 3035
12 13 152 1519
12 14 464 4642
12 15 471 4706
12 16 474 4742
12 17 142 1420
12 18 599 5992
12 19 195 1949
12 20 463 4631
12 21 518 5175
12 22 755 7554
12 23 275 2751
12 24 392 3924
12 25 234 2344
12 26 481 4813
12 27 506 5059
12 28 324 3237
12 29 100 1003
12 30 683 6834
12 31 112 1124
12 32 360 3596
12 33 381 3811
12 34 755 7553
12 35 219 2194
12 36 569 5692
12 37 581 5809
12 38 71 715
12 39 400 4003
12 40 649 6487
13 1 591 5910
13 2 333 3326
13 3 271 2715
13 4 733 7326
13 5 238 2378
13 6 402 4016
13 7 320 3199
13 8 348 3481
13 9 570 5705
13 10 450 4495
13 11 152 1525
13 12 152 1519
13 14 565 5654
13 15 332 3321
13 16 346 3461
13 17 160 1597
13 18 616 6161
13 19 165 1646
13 20 530 5303
13 21 497 4969
13 22 634 6345
13 23 206 2058
13 24 376 3764
13 25 236 2364
13 26 330 3303
13 27 384 3845
13 28 175 1750
13 29 94 938
13 30 661 6605
13 31 92 919
13 32 209 2089
13 33 280 2803
13 34 677 6765
13 35 282 2817
13 36 417 4174
13 37 470 4698
13 38 204 2037
13 39 465 4653
13 40 498 4985
14 1 615 6149
14 2 532 5322
14 3 315 3153
14 4 577 5774
14 5 802 8019
14 6 905 9052
14 7 247 2470
14 8 718 7177
14 9 139 1391
14 10 321 3206
14 11 697 6975
14 12 464 4642
14 13 565 5654
14 15 892 8920
14 16 708 7083
14 17 411 4106
14 18 352 3523
14 19 438 4382
14 20 138 1375
14 21 429 4285
14 22 897 8973
14 23 486 4861
14 24 384 3838
14 25 375 3745
14 26 858 8583
14 27 950 9499
14 28 727 7265
14 29 472 4717
14 30 525 5253
14 31 572 5722
14 32 750 7498
14 33 580 5797
14 34 750 7503
14 35 644 6438
14 36 920 9198
14 37 728 7279
14 38 490 4900
14 39 158 1580
14 40 957 9572
15 1 739 7387
15 2 593 5926
15 3 583 5834
15 4 928 9277
15 5 137 1367
15 6 194 1941
15 7 650 6497
15 8 371 3708
15 9 903 9025
15 10 717 7167
15 11 197 1967
15 12 471 4706
15 13 332 3321
15 14 892 8920
15 16 378 3782
15 17 481 4814
15 18 875 8755
15 19 461 4606
15 20 840 8397
15 21 722 7221
15 22 609 6086
15 23 446 4455
15 24 627 6271
15 25 533 5327
15 26 123 1230
15 27 103 1028
15 28 166 1665
15 29 424 4245
15 30 863 8631
15 31 365 3647
15 32 152 1522
15 33 428 4278
15 34 770 7699
15 35 472 4724
15 36 203 2029
15 37 516 5160
15 38 497 4971
15 39 776 7763
15 40 317 3171
16 1 366 3656
16 2 674 6738
16 3 411 4106
16 4 565 5648
16 5 413 4132
16 6 255 2552
16 7 521 5207
16 8 11 107
16 9 775 7751
16 10 434 4343
16 11 267 2671
16 12 474 4742
16 13 346 3461
16 14 708 7083
16 15 378 3782
16 17 374 3739
16 18 564 5636
16 19 315 3153
16 20 608 6085
16 21 394 3942
16 22 289 2891
16 23 237 2367
16 24 344 3440
16 25 349 3491
16 26 267 2667
16 27 480 4801
16 28 283 2834
16 29 376 3759
16 30 507 5068
16 31 437 4372
16 32 259 2589
16 33 129 1287
16 34 393 3930
16 35 624 6245
16 36 264 2643
16 37 143 1432
16 38 540 5398
16 39 557 5574
16 40 258 2579
17 1 509 5091
17 2 340 3403
17 3 113 1131
17 4 617 6165
17 5 397 3971
17 6 512 5123
17 7 172 1716
17 8 380 3801
17 9 433 4327
17 10 308 3081
17 11 288 2877
17 12 142 1420
17 13 160 1597
17 14 411 4106
17 15 481 4814
17 16 374 3739
17 18 472 4724
17 19 61 614
17 20 371 3708
17 21 377 3775
17 22 640 6396
17 23 147 1471
17 24 252 2521
17 25 95 945
17 26 455 4552
17 27 542 5421
17 28 316 3163
17 29 72 724
17 30 544 5437
17 31 200 1995
17 32 341 3415
17 33 262 2620
17 34 617 6172
17 35 357 3574
17 36 528 5278
17 37 461 4606
17 38 212 2121
17 39 306 3058
17 40 587 5866
18 1 312 3118
18 2 756 7555
18 3 367 3667
18 4 225 2252
18 5 835 8347
18 6 812 8117
18 7 414 4139
18 8 574 5743
18 9 488 4884
18 10 167 1666
18 11 688 6878
18 12 599 5992
18 13 616 6161
18 14 352 3523
18 15 875 8755
18 16 564 5636
18 17 472 4724
18 19 452 4515
18 20 220 2200
18 21 171 1707
18 22 647 6469
18 23 434 4340
18 24 249 2492
18 25 382 3819
18 26 797 7972
18 27 961 9611
18 28 718 7184
18 29 544 5436
18 30 179 1793
18 31 672 6717
18 32 724 7237
18 33 459 4594
18 34 439 4391
18 35 818 8176
18 36 823 8230
18 37 514 5139
18 38 658 6577
18 39 244 2441
18 40 818 8177
19 1 457 4568
19 2 398 3977
19 3 124 1238
19 4 577 5773
19 5 392 3920
19 6 470 4704
19 7 214 2139
19 8 322 3220
19 9 476 4758
19 10 285 2849
19 11 264 2639
19 12 195 1949
19 13 165 1646
19 14 438 4382
19 15 461 4606
19 16 315 3153
19 17 61 614
19 18 452 4515
19 20 380 3796
19 21 339 3388
19 22 578 5783
19 23 86 857
19 24 215 2151
19 25 74 741
19 26 420 4201
19 27 531 5306
19 28 294 2942
19 29 104 1043
19 30 505 5046
19 31 228 2284
19 32 313 3135
19 33 201 2008
19 34 560 5604
19 35 402 4020
19 36 485 4855
19 37 399 3992
19 38 266 2663
19 39 316 3158
19 40 537 5368
20 1 479 4793
20 2 580 5799
20 3 260 2595
20 4 443 4434
20 5 767 7669
20 6 826 8258
20 7 245 2453
20 8 619 6185
20 9 269 2692
20 10 192 1919
20 11 643 6430
20 12 463 4631
20 13 530 5303
20 14 138 1375
20 15 840 8397
20 16 608 6085
20 17 371 3708
20 18 220 2200
20 19 380 3796
20 21 294 2943
20 22 773 7734
20 23 406 4060
20 24 269 2685
20 25 307 3070
20 26 789 7891
20 27 909 9092
20 28 674 6735
20 29 441 4410
20 30 389 3889
20 31 559 5590
20 32 691 6907
20 33 483 4826
20 34 615 6146
20 35 668 6683
20 36 840 8396
20 37 610 6101
20 38 507 5067
20 39 65 650
20 40 864 8639
21 1 187 1871
21 2 702 7015
21 3 296 2961
21 4 239 2391
21 5 696 6963
21 6 645 6450
21 7 384 3845
21 8 405 4048
21 9 546 5462
21 10 114 1137
21 11 543 5428
21 12 518 5175
21 13 497 4969
21 14 429 4285
21 15 722 7221
21 16 394 3942
21 17 377 3775
21 18 171 1707
21 19 339 3388
21 20 294 2943
21 22 491 4907
21 23 297 2966
21 24 125 1254
21 25 283 2834
21 26 636 6359
21 27 813 8127
21 28 572 5723
21 29 441 4413
21 30 166 1663
21 31 567 5672
21 32 572 5724
21 33 297 2972
21 34 322 3223
21 35 735 7349
21 36 656 6556
21 37 346 3459
21 38 585 5846
21 39 278 2777
21 40 647 6471
22 1 345 3448
22 2 958 9582
22 3 645 6448
22 4 539 5394
22 5 680 6797
22 6 427 4269
22 7 760 7599
22 8 288 2884
22 9 992 9919
22 10 581 5815
22 11 548 5483
22 12 755 7554
22 13 634 6345
22 14 897 8973
22 15 609 6086
22 16 289 2891
22 17 640 6396
22 18 647 6469
22 19 578 5783
22 20 773 7734
22 21 491 4907
22 23 493 4929
22 24 515 5145
22 25 590 5895
22 26 486 4857
22 27 709 7095
22 28 559 5591
22 29 655 6553
22 30 513 5131
22 31 726 7259
22 32 527 5275
22 33 378 3779
22 34 264 2636
22 35 914 9135
22 36 425 4252
22 37 181 1806
22 38 823 8234
22 39 739 7392
22 40 334 3342
23 1 387 3874
23 2 480 4797
23 3 176 1765
23 4 529 5286
23 5 402 4021
23 6 421 4212
23 7 284 2841
23 8 244 2444
23 9 541 5410
23 10 272 2717
23 11 254 2541
23 12 275 2751
23 13 206 2058
23 14 486 4861
23 15 446 4455
23 16 237 2367
23 17 147 1471
23 18 434 4340
23 19 86 857
23 20 406 4060
23 21 297 2966
23 22 493 4929
23 24 185 1850
23 25 114 1144
23 26 384 3837
23 27 528 5276
23 28 285 2848
23 29 178 1775
23 30 457 4571
23 31 287 2872
23 32 293 2934
23 33 116 1161
23 34 483 4826
23 35 471 4714
23 36 435 4354
23 37 314 3135
23 38 346 3464
23 39 347 3466
23 40 473 4728
24 1 279 2788
24 2 579 5793
24 3 177 1768
24 4 364 3645
24 5 587 5868
24 6 577 5770
24 7 278 2775
24 8 354 3544
24 9 480 4798
24 10 93 928
24 11 439 4387
24 12 392 3924
24 13 376 3764
24 14 384 3838
24 15 627 6271
24 16 344 3440
24 17 252 2521
24 18 249 2492
24 19 215 2151
24 20 269 2685
24 21 125 1254
24 22 515 5145
24 23 185 1850
24 25 158 1580
24 26 554 5540
24 27 712 7119
24 28 469 4692
24 29 316 3165
24 30 292 2917
24 31 443 4432
24 32 475 4751
24 33 224 2236
24 34 405 4051
24 35 610 6095
24 36 590 5896
24 37 344 3442
24 38 460 4600
24 39 226 2261
24 40 602 6016
25 1 423 4228
25 2 426 4255
25 3 62 620
25 4 522 5222
25 5 466 4661
25 6 531 5306
25 7 173 1730
25 8 357 3573
25 9 427 4268
25 10 216 2160
25 11 336 3361
25 12 234 2344
25 13 236 2364
25 14 375 3745
25 15 533 5327
25 16 349 3491
25 17 95 945
25 18 382 3819
25 19 74 741
25 20 307 3070
25 21 283 2834
25 22 590 5895
25 23 114 1144
25 24 158 1580
25 26 486 4861
25 27 604 6044
25 28 367 3667
25 29 163 1626
25 30 449 4495
25 31 291 2909
25 32 384 3839
25 33 223 2233
25 34 538 5376
25 35 452 4517
25 36 545 5453
25 37 409 4090
25 38 303 3027
25 39 244 2440
25 40 587 5870
26 1 632 6319
26 2 637 6365
26 3 543 5432
26 4 828 8277
26 5 220 2199
26 6 85 852
26 7 627 6268
26 8 258 2581
26 9 888 8875
26 10 646 6463
26 11 178 1779
26 12 481 4813
26 13 330 3303
26 14 858 8583
26 15 123 1230
26 16 267 2667
26 17 455 4552
26 18 797 7972
26 19 420 4201
26 20 789 7891
26 21 636 6359
26 22 486 4857
26 23 384 3837
26 24 554 5540
26 25 486 4861
26 27 225 2246
26 28 159 1592
26 29 413 4126
26 30 766 7663
26 31 390 3903
26 32 122 1217
26 33 339 3388
26 34 653 6535
26 35 535 5351
26 36 99 989
26 37 399 3989
26 38 523 5232
26 39 728 7284
26 40 208 2080
27 1 838 8383
27 2 595 5949
27 3 650 6500
27 4 1024 10240
27 5 150 1502
27 6 288 2882
27 7 704 7038
27 8 473 4729
27 9 947 9469
27 10 799 7991
27 11 273 2735
27 12 506 5059
27 13 384 3845
27 14 950 9499
27 15 103 1028
27 16 480 4801
27 17 542 5421
27 18 961 9611
27 19 531 5306
27 20 909 9092
27 21 813 8127
27 22 709 7095
27 23 528 5276
27 24 712 7119
27 25 604 6044
27 26 225 2246
27 28 243 2428
27 29 478 4781
27 30 958 9581
27 31 394 3942
27 32 241 2407
27 33 522 5223
27 34 872 8723
27 35 461 4610
27 36 295 2946
27 37 619 6187
27 38 519 5187
27 39 845 8447
27 40 407 4068
28 1 615 6150
28 2 479 4791
28 3 417 4169
28 4 790 7903
28 5 133 1331
28 6 238 2378
28 7 486 4861
28 8 280 2798
28 9 742 7425
28 10 556 5564
28 11 31 309
28 12 324 3237
28 13 175 1750
28 14 727 7265
28 15 166 1665
28 16 283 2834
28 17 316 3163
28 18 718 7184
28 19 294 2942
28 20 674 6735
28 21 572 5723
28 22 559 5591
28 23 285 2848
28 24 469 4692
28 25 367 3667
28 26 159 1592
28 27 243 2428
28 29 263 2634
28 30 722 7224
28 31 231 2313
28 32 40 401
28 33 290 2897
28 34 669 6688
28 35 386 3863
28 36 253 2531
28 37 426 4261
28 38 364 3641
28 39 610 6099
28 40 349 3490
29 1 560 5600
29 2 305 3049
29 3 185 1852
29 4 680 6803
29 5 331 3306
29 6 478 4775
29 7 226 2262
29 8 380 3803
29 9 479 4791
29 10 378 3784
29 11 237 2375
29 12 100 1003
29 13 94 938
29 14 472 4717
29 15 424 4245
29 16 376 3759
29 17 72 724
29 18 544 5436
29 19 104 1043
29 20 441 4410
29 21 441 4413
29 22 655 6553
29 23 178 1775
29 24 316 3165
29 25 163 1626
29 26 413 4126
29 27 478 4781
29 28 263 2634
29 30 608 6075
29 31 128 1283
29 32 294 2936
29 33 281 2810
29 34 660 6599
29 35 298 2979
29 36 493 4932
29 37 481 4806
29 38 170 1703
29 39 376 3760
29 40 564 5637
30 1 169 1693
30 2 864 8640
30 3 458 4584
30 4 73 728
30 5 850 8504
30 6 762 7619
30 7 537 5369
30 8 517 5169
30 9 657 6574
30 10 257 2573
30 11 694 6941
30 12 683 6834
30 13 661 6605
30 14 525 5253
30 15 863 8631
30 16 507 5068
30 17 544 5437
30 18 179 1793
30 19 505 5046
30 20 389 3889
30 21 166 1663
30 22 513 5131
30 23 457 4571
30 24 292 2917
30 25 449 4495
30 26 766 7663
30 27 958 9581
30 28 722 7224
30 29 608 6075
30 31 733 7329
30 32 718 7177
30 33 436 4359
30 34 275 2751
30 35 901 9011
30 36 770 7704
30 37 417 4167
30 38 750 7498
30 39 397 3968
30 40 741 7412
31 1 675 6746
31 2 250 2503
31 3 310 3101
31 4 806 8056
31 5 245 2446
31 6 468 4684
31 7 326 3265
31 8 439 4388
31 9 555 5547
31 10 507 5067
31 11 218 2177
31 12 112 1124
31 13 92 919
31 14 572 5722
31 15 365 3647
31 16 437 4372
31 17 200 1995
31 18 672 6717
31 19 228 2284
31 20 559 5590
31 21 567 5672
31 22 726 7259
31 23 287 2872
31 24 443 4432
31 25 291 2909
31 26 390 3903
31 27 394 3942
31 28 231 2313
31 29 128 1283
31 30 733 7329
31 32 270 2703
31 33 371 3707
31 34 765 7650
31 35 190 1900
31 36 484 4839
31 37 562 5616
31 38 134 1340
31 39 495 4946
31 40 574 5739
32 1 603 6028
32 2 519 5188
32 3 437 4372
32 4 784 7842
32 5 155 1546
32 6 198 1982
32 7 513 5127
32 8 254 2542
32 9 771 7714
32 10 564 5645
32 11 57 566
32 12 360 3596
32 13 209 2089
32 14 750 7498
32 15 152 1522
32 16 259 2589
32 17 341 3415
32 18 724 7237
32 19 313 3135
32 20 691 6907
32 21 572 5724
32 22 527 5275
32 23 293 2934
32 24 475 4751
32 25 384 3839
32 26 122 1217
32 27 241 2407
32 28 40 401
32 29 294 2936
32 30 718 7177
32 31 270 2703
32 33 282 2821
32 34 649 6493
32 35 426 4262
32 36 214 2136
32 37 402 4021
32 38 402 4023
32 39 628 6280
32 40 309 3089
33 1 327 3272
33 2 586 5858
33 3 284 2840
33 4 502 5021
33 5 421 4212
33 6 354 3543
33 7 396 3962
33 8 138 1380
33 9 647 6475
33 10 316 3161
33 11 263 2633
33 12 381 3811
33 13 280 2803
33 14 580 5797
33 15 428 4278
33 16 129 1287
33 17 262 2620
33 18 459 4594
33 19 201 2008
33 20 483 4826
33 21 297 2972
33 22 378 3779
33 23 116 1161
33 24 224 2236
33 25 223 2233
33 26 339 3388
33 27 522 5223
33 28 290 2897
33 29 281 2810
33 30 436 4359
33 31 371 3707
33 32 282 2821
33 34 398 3980
33 35 560 5604
33 36 366 3664
33 37 200 2002
33 38 451 4510
33 39 430 4298
33 40 381 3814
34 1 135 1354
34 2 957 9574
34 3 576 5755
34 4 285 2847
34 5 801 8014
34 6 620 6200
34 7 682 6822
34 8 400 3997
34 9 868 8679
34 10 434 4343
34 11 648 6475
34 12 755 7553
34 13 677 6765
34 14 750 7503
34 15 770 7699
34 16 393 3930
34 17 617 6172
34 18 439 4391
34 19 560 5604
34 20 615 6146
34 21 322 3223
34 22 264 2636
34 23 483 4826
34 24 405 4051
34 25 538 5376
34 26 653 6535
34 27 872 8723
34 28 669 6688
34 29 660 6599
34 30 275 2751
34 31 765 7650
34 32 649 6493
34 33 398 3980
34 35 953 9527
34 36 624 6237
34 37 255 2545
34 38 827 8267
34 39 600 5997
34 40 560 5601
35 1 857 8574
35 2 146 1458
35 3 452 4518
35 4 974 9739
35 5 336 3357
35 6 619 6191
35 7 423 4230
35 8 625 6254
35 9 585 5847
35 10 659 6594
35 11 383 3830
35 12 219 2194
35 13 282 2817
35 14 644 6438
35 15 472 4724
35 16 624 6245
35 17 357 3574
35 18 818 8176
35 19 402 4020
35 20 668 6683
35 21 735 7349
35 22 914 9135
35 23 471 4714
35 24 610 6095
35 25 452 4517
35 26 535 5351
35 27 461 4610
35 28 386 3863
35 29 298 2979
35 30 901 9011
35 31 190 1900
35 32 426 4262
35 33 560 5604
35 34 953 9527
35 36 634 6336
35 37 751 7514
35 38 162 1621
35 39 608 6085
35 40 735 7349
36 1 623 6228
36 2 732 7321
36 3 605 6053
36 4 827 8265
36 5 317 3168
36 6 16 158
36 7 698 6976
36 8 254 2539
36 9 960 9598
36 10 682 6823
36 11 267 2673
36 12 569 5692
36 13 417 4174
36 14 920 9198
36 15 203 2029
36 16 264 2643
36 17 528 5278
36 18 823 8230
36 19 485 4855
36 20 840 8396
36 21 656 6556
36 22 425 4252
36 23 435 4354
36 24 590 5896
36 25 545 5453
36 26 99 989
36 27 295 2946
36 28 253 2531
36 29 493 4932
36 30 770 7704
36 31 484 4839
36 32 214 2136
36 33 366 3664
36 34 624 6237
36 35 634 6336
36 37 374 3737
36 38 615 6154
36 39 782 7817
36 40 114 1142
37 1 256 2555
37 2 785 7852
37 3 465 4648
37 4 464 4637
37 5 556 5564
37 6 369 3687
37 7 580 5798
37 8 148 1482
37 9 816 8161
37 10 420 4204
37 11 409 4086
37 12 581 5809
37 13 470 4698
37 14 728 7279
37 15 516 5160
37 16 143 1432
37 17 461 4606
37 18 514 5139
37 19 399 3992
37 20 610 6101
37 21 346 3459
37 22 181 1806
37 23 314 3135
37 24 344 3442
37 25 409 4090
37 26 399 3989
37 27 619 6187
37 28 426 4261
37 29 481 4806
37 30 417 4167
37 31 562 5616
37 32 402 4021
37 33 200 2002
37 34 255 2545
37 35 751 7514
37 36 374 3737
37 38 650 6503
37 39 570 5703
37 40 327 3266
38 1 721 7211
38 2 135 1349
38 3 294 2942
38 4 822 8222
38 5 372 3718
38 6 600 5997
38 7 261 2615
38 8 543 5433
38 9 448 4476
38 10 502 5024
38 11 348 3481
38 12 71 715
38 13 204 2037
38 14 490 4900
38 15 497 4971
38 16 540 5398
38 17 212 2121
38 18 658 6577
38 19 266 2663
38 20 507 5067
38 21 585 5846
38 22 823 8234
38 23 346 3464
38 24 460 4600
38 25 303 3027
38 26 523 5232
38 27 519 5187
38 28 364 3641
38 29 170 1703
38 30 750 7498
38 31 134 1340
38 32 402 4023
38 33 451 4510
38 34 827 8267
38 35 162 1621
38 36 615 6154
38 37 650 6503
38 39 446 4465
38 40 701 7012
39 1 465 4648
39 2 526 5264
39 3 195 1948
39 4 458 4581
39 5 702 7021
39 6 768 7677
39 7 186 1863
39 8 567 5672
39 9 269 2686
39 10 166 1658
39 11 580 5796
39 12 400 4003
39 13 465 4653
39 14 158 1580
39 15 776 7763
39 16 557 5574
39 17 306 3058
39 18 244 2441
39 19 316 3158
39 20 65 650
39 21 278 2777
39 22 739 7392
39 23 347 3466
39 24 226 2261
39 25 244 2440
39 26 728 7284
39 27 845 8447
39 28 610 6099
39 29 376 3760
39 30 397 3968
39 31 495 4946
39 32 628 6280
39 33 430 4298
39 34 600 5997
39 35 608 6085
39 36 782 7817
39 37 570 5703
39 38 446 4465
39 40 811 8105
40 1 582 5821
40 2 824 8242
40 3 649 6488
40 4 790 7902
40 5 428 4279
40 6 124 1245
40 7 751 7506
40 8 247 2474
40 9 1012 10116
40 10 692 6922
40 11 357 3568
40 12 649 6487
40 13 498 4985
40 14 957 9572
40 15 317 3171
40 16 258 2579
40 17 587 5866
40 18 818 8177
40 19 537 5368
40 20 864 8639
40 21 647 6471
40 22 334 3342
40 23 473 4728
40 24 602 6016
40 25 587 5870
40 26 208 2080
40 27 407 4068
40 28 349 3490
40 29 564 5637
40 30 741 7412
40 31 574 5739
40 32 309 3089
40 33 381 3814
40 34 560 5601
40 35 735 7349
40 36 114 1142
40 37 327 3266
40 38 701 7012
40 39 811 8105
