30
493
516
20
6
29
3
27
14
28
8
1
22
17
9
13
4
18
12
11
7
26
30
5
13
15
4
16
1
8
17
11
9
20
18
26
30
14
1 2 472 4720
1 3 326 3256
1 4 561 5611
1 5 199 1990
1 6 720 7198
1 7 708 7085
1 8 758 7584
1 9 890 8897
1 10 828 8277
1 11 325 3253
1 12 353 3532
1 13 605 6052
1 14 831 8310
1 15 967 9668
1 16 383 3825
1 17 400 4004
1 18 420 4205
1 19 174 1745
1 20 416 4161
1 21 510 5100
1 22 296 2956
1 23 952 9520
1 24 689 6887
1 25 663 6630
1 26 564 5645
1 27 188 1877
1 28 300 2997
1 29 514 5138
1 30 227 2271
2 1 472 4720
2 3 148 1483
2 4 101 1014
2 5 281 2807
2 6 259 2587
2 7 627 6271
2 8 489 4891
2 9 501 5010
2 10 662 6617
2 11 261 2614
2 12 177 1773
2 13 178 1780
2 14 611 6111
2 15 512 5119
2 16 137 1365
2 17 225 2250
2 18 832 8323
2 19 333 3334
2 20 463 4630
2 21 160 1598
2 22 292 2924
2 23 496 4958
2 24 230 2295
2 25 199 1986
2 26 247 2472
2 27 477 4771
2 28 594 5940
2 29 218 2181
2 30 382 3819
3 1 326 3256
3 2 148 1483
3 4 236 2359
3 5 145 1446
3 6 405 4046
3 7 596 5961
3 8 527 5269
3 9 598 5977
3 10 664 6643
3 11 199 1987
3 12 133 1326
3 13 289 2885
3 14 633 6332
3 15 646 6455
3 16 121 1211
3 17 212 2120
3 18 688 6881
3 19 187 1875
3 20 411 4108
3 21 240 2398
3 22 178 1783
3 23 630 6302
3 24 374 3744
3 25 338 3378
3 26 322 3219
3 27 336 3362
3 28 460 4603
3 29 243 2428
3 30 276 2762
4 1 561 5611
4 2 101 1014
4 3 236 2359
4 5 376 3764
4 6 212 2119
4 7 600 5997
4 8 423 4228
4 9 405 4048
4 10 612 6116
4 11 362 3617
4 12 278 2781
4 13 86 863
4 14 550 5505
4 15 412 4124
4 16 237 2368
4 17 319 3189
4 18 899 8993
4 19 410 4097
4 20 559 5585
4 21 224 2245
4 22 343 3434
4 23 397 3966
4 24 190 1897
4 25 102 1019
4 26 301 3012
4 27 543 5429
4 28 649 6489
4 29 190 1899
4 30 483 4832
5 1 199 1990
5 2 281 2807
5 3 145 1446
5 4 376 3764
5 6 522 5218
5 7 676 6761
5 8 652 6517
5 9 740 7403
5 10 766 7662
5 11 154 1535
5 12 157 1569
5 13 433 4330
5 14 748 7475
5 15 788 7882
5 16 184 1837
5 17 216 2163
5 18 601 6010
5 19 138 1378
5 20 327 3267
5 21 313 3127
5 22 222 2220
5 23 773 7726
5 24 491 4906
5 25 478 4775
5 26 374 3737
5 27 279 2793
5 28 414 4137
5 29 376 3757
5 30 151 1511
6 1 720 7198
6 2 259 2587
6 3 405 4046
6 4 212 2119
6 5 522 5218
6 7 795 7945
6 8 579 5787
6 9 472 4720
6 10 783 7831
6 11 446 4458
6 12 380 3797
6 13 256 2562
6 14 709 7089
6 15 364 3643
6 16 343 3427
6 17 375 3751
6 18 1091 10910
6 19 591 5915
6 20 591 5908
6 21 239 2393
6 22 546 5457
6 23 347 3471
6 24 31 313
6 25 165 1652
6 26 256 2559
6 27 736 7358
6 28 850 8504
6 29 397 3971
6 30 585 5848
7 1 708 7085
7 2 627 6271
7 3 596 5961
7 4 600 5997
7 5 676 6761
7 6 795 7945
7 8 279 2791
7 9 519 5188
7 10 154 1537
7 11 792 7916
7 12 728 7279
7 13 539 5385
7 14 221 2210
7 15 735 7349
7 16 708 7077
7 17 806 8058
7 18 740 7402
7 19 564 5639
7 20 997 9971
7 21 786 7860
7 22 454 4543
7 23 731 7315
7 24 780 7802
7 25 631 6314
7 26 874 8741
7 27 536 5357
7 28 507 5066
7 29 413 4134
7 30 826 8256
8 1 758 7584
8 2 489 4891
8 3 527 5269
8 4 423 4228
8 5 652 6517
8 6 579 5787
8 7 279 2791
8 9 240 2402
8 10 209 2093
8 11 720 7200
8 12 640 6404
8 13 341 3413
8 14 130 1303
8 15 458 4577
8 16 608 6078
8 17 706 7065
8 18 922 9223
8 19 586 5863
8 20 933 9330
8 21 642 6425
8 22 463 4632
8 23 455 4554
8 24 572 5723
8 25 415 4152
8 26 723 7234
8 27 630 6301
8 28 659 6589
8 29 286 2857
8 30 799 7987
9 1 890 8897
9 2 501 5010
9 3 598 5977
9 4 405 4048
9 5 740 7403
9 6 472 4720
9 7 519 5188
9 8 240 2402
9 10 425 4254
9 11 761 7613
9 12 677 6769
9 13 323 3230
9 14 332 3316
9 15 231 2308
9 16 637 6370
9 17 724 7236
9 18 1123 11227
9 19 716 7163
9 20 963 9630
9 21 621 6214
9 22 603 6033
9 23 233 2330
9 24 479 4787
9 25 341 3406
9 26 685 6846
9 27 799 7986
9 28 855 8546
9 29 376 3759
9 30 871 8705
10 1 828 8277
10 2 662 6617
10 3 664 6643
10 4 612 6116
10 5 766 7662
10 6 783 7831
10 7 154 1537
10 8 209 2093
10 9 425 4254
10 11 863 8629
10 12 791 7906
10 13 536 5364
10 14 94 942
10 15 654 6540
10 16 764 7639
10 17 864 8640
10 18 892 8922
10 19 670 6700
10 20 1075 10746
10 21 821 8206
10 22 551 5510
10 23 654 6539
10 24 774 7745
10 25 618 6182
10 26 906 9057
10 27 666 6661
10 28 652 6519
10 29 444 4444
10 30 917 9173
11 1 325 3253
11 2 261 2614
11 3 199 1987
11 4 362 3617
11 5 154 1535
11 6 446 4458
11 7 792 7916
11 8 720 7200
11 9 761 7613
11 10 863 8629
11 12 84 844
11 13 439 4387
11 14 830 8302
11 15 763 7630
11 16 125 1250
11 17 79 786
11 18 743 7428
11 19 289 2894
11 20 213 2133
11 21 209 2092
11 22 350 3500
11 23 746 7462
11 24 415 4151
11 25 451 4515
11 26 244 2439
11 27 433 4326
11 28 567 5671
11 29 434 4342
11 30 140 1398
12 1 353 3532
12 2 177 1773
12 3 133 1326
12 4 278 2781
12 5 157 1569
12 6 380 3797
12 7 728 7279
12 8 640 6404
12 9 677 6769
12 10 791 7906
12 11 84 844
12 13 354 3543
12 14 754 7536
12 15 683 6829
12 16 42 417
12 17 80 799
12 18 757 7572
12 19 273 2726
12 20 293 2935
12 21 157 1568
12 22 304 3037
12 23 666 6662
12 24 349 3485
12 25 370 3701
12 26 218 2184
12 27 424 4244
12 28 557 5567
12 29 355 3553
12 30 210 2105
13 1 605 6052
13 2 178 1780
13 3 289 2885
13 4 86 863
13 5 433 4330
13 6 256 2562
13 7 539 5385
13 8 341 3413
13 9 323 3230
13 10 536 5364
13 11 439 4387
13 12 354 3543
13 14 470 4704
13 15 362 3621
13 16 314 3141
13 17 402 4016
13 18 913 9135
13 19 442 4422
13 20 641 6406
13 21 311 3108
13 22 355 3550
13 23 348 3478
13 24 242 2421
13 25 97 974
13 26 386 3861
13 27 561 5607
13 28 654 6539
13 29 151 1513
13 30 553 5526
14 1 831 8310
14 2 611 6111
14 3 633 6332
14 4 550 5505
14 5 748 7475
14 6 709 7089
14 7 221 2210
14 8 130 1303
14 9 332 3316
14 10 94 942
14 11 830 8302
14 12 754 7536
14 13 470 4704
14 15 561 5610
14 16 723 7234
14 17 823 8232
14 18 938 9384
14 19 665 6651
14 20 1043 10434
14 21 767 7672
14 22 542 5425
14 23 561 5613
14 24 703 7027
14 25 546 5455
14 26 850 8497
14 27 683 6827
14 28 687 6866
14 29 399 3994
14 30 898 8976
15 1 967 9668
15 2 512 5119
15 3 646 6455
15 4 412 4124
15 5 788 7882
15 6 364 3643
15 7 735 7349
15 8 458 4577
15 9 231 2308
15 10 654 6540
15 11 763 7630
15 12 683 6829
15 13 362 3621
15 14 561 5610
15 16 641 6413
15 17 706 7058
15 18 1263 12627
15 19 804 8041
15 20 939 9387
15 21 579 5791
15 22 711 7106
15 23 17 173
15 24 385 3847
15 25 314 3136
15 26 616 6162
15 27 916 9163
15 28 997 9972
15 29 484 4841
15 30 892 8922
16 1 383 3825
16 2 137 1365
16 3 121 1211
16 4 237 2368
16 5 184 1837
16 6 343 3427
16 7 708 7077
16 8 608 6078
16 9 637 6370
16 10 764 7639
16 11 125 1250
16 12 42 417
16 13 314 3141
16 14 723 7234
16 15 641 6413
16 17 100 1001
16 18 778 7784
16 19 285 2851
16 20 330 3297
16 21 132 1316
16 22 299 2989
16 23 625 6247
16 24 311 3114
16 25 328 3284
16 26 205 2052
16 27 438 4379
16 28 568 5679
16 29 324 3241
16 30 252 2516
17 1 400 4004
17 2 225 2250
17 3 212 2120
17 4 319 3189
17 5 216 2163
17 6 375 3751
17 7 806 8058
17 8 706 7065
17 9 724 7236
17 10 864 8640
17 11 79 786
17 12 80 799
17 13 402 4016
17 14 823 8232
17 15 706 7058
17 16 100 1001
17 18 815 8147
17 19 344 3441
17 20 240 2397
17 21 136 1359
17 22 383 3832
17 23 689 6887
17 24 345 3452
17 25 400 3996
17 26 166 1657
17 27 493 4933
17 28 627 6270
17 29 424 4238
17 30 216 2162
18 1 420 4205
18 2 832 8323
18 3 688 6881
18 4 899 8993
18 5 601 6010
18 6 1091 10910
18 7 740 7402
18 8 922 9223
18 9 1123 11227
18 10 892 8922
18 11 743 7428
18 12 757 7572
18 13 913 9135
18 14 938 9384
18 15 1263 12627
18 16 778 7784
18 17 815 8147
18 19 501 5006
18 20 824 8238
18 21 910 9100
18 22 559 5590
18 23 1251 12509
18 24 1061 10614
18 25 995 9948
18 26 975 9747
18 27 357 3565
18 28 268 2682
18 29 779 7786
18 30 645 6450
19 1 174 1745
19 2 333 3334
19 3 187 1875
19 4 410 4097
19 5 138 1378
19 6 591 5915
19 7 564 5639
19 8 586 5863
19 9 716 7163
19 10 670 6700
19 11 289 2894
19 12 273 2726
19 13 442 4422
19 14 665 6651
19 15 804 8041
19 16 285 2851
19 17 344 3441
19 18 501 5006
19 20 459 4592
19 21 416 4157
19 22 123 1234
19 23 790 7900
19 24 562 5616
19 25 510 5099
19 26 489 4890
19 27 153 1528
19 28 284 2841
19 29 340 3405
19 30 270 2704
20 1 416 4161
20 2 463 4630
20 3 411 4108
20 4 559 5585
20 5 327 3267
20 6 591 5908
20 7 997 9971
20 8 933 9330
20 9 963 9630
20 10 1075 10746
20 11 213 2133
20 12 293 2935
20 13 641 6406
20 14 1043 10434
20 15 939 9387
20 16 330 3297
20 17 240 2397
20 18 824 8238
20 19 459 4592
20 21 360 3596
20 22 546 5463
20 23 921 9214
20 24 564 5637
20 25 638 6376
20 26 340 3401
20 27 577 5767
20 28 706 7060
20 29 647 6474
20 30 196 1955
21 1 510 5100
21 2 160 1598
21 3 240 2398
21 4 224 2245
21 5 313 3127
21 6 239 2393
21 7 786 7860
21 8 642 6425
21 9 621 6214
21 10 821 8206
21 11 209 2092
21 12 157 1568
21 13 311 3108
21 14 767 7672
21 15 579 5791
21 16 132 1316
21 17 136 1359
21 18 910 9100
21 19 416 4157
21 20 360 3596
21 22 416 4156
21 23 562 5618
21 24 210 2097
21 25 284 2843
21 26 89 886
21 27 568 5684
21 28 697 6970
21 29 378 3777
21 30 349 3491
22 1 296 2956
22 2 292 2924
22 3 178 1783
22 4 343 3434
22 5 222 2220
22 6 546 5457
22 7 454 4543
22 8 463 4632
22 9 603 6033
22 10 551 5510
22 11 350 3500
22 12 304 3037
22 13 355 3550
22 14 542 5425
22 15 711 7106
22 16 299 2989
22 17 383 3832
22 18 559 5590
22 19 123 1234
22 20 546 5463
22 21 416 4156
22 23 698 6977
22 24 518 5184
22 25 436 4362
22 26 500 4996
22 27 206 2061
22 28 306 3057
22 29 231 2313
22 30 371 3714
23 1 952 9520
23 2 496 4958
23 3 630 6302
23 4 397 3966
23 5 773 7726
23 6 347 3471
23 7 731 7315
23 8 455 4554
23 9 233 2330
23 10 654 6539
23 11 746 7462
23 12 666 6662
23 13 348 3478
23 14 561 5613
23 15 17 173
23 16 625 6247
23 17 689 6887
23 18 1251 12509
23 19 790 7900
23 20 921 9214
23 21 562 5618
23 22 698 6977
23 24 367 3674
23 25 297 2973
23 26 599 5988
23 27 904 9036
23 28 986 9858
23 29 472 4723
23 30 876 8757
24 1 689 6887
24 2 230 2295
24 3 374 3744
24 4 190 1897
24 5 491 4906
24 6 31 313
24 7 780 7802
24 8 572 5723
24 9 479 4787
24 10 774 7745
24 11 415 4151
24 12 349 3485
24 13 242 2421
24 14 703 7027
24 15 385 3847
24 16 311 3114
24 17 345 3452
24 18 1061 10614
24 19 562 5616
24 20 564 5637
24 21 210 2097
24 22 518 5184
24 23 367 3674
24 25 157 1572
24 26 232 2320
24 27 707 7066
24 28 822 8224
24 29 378 3778
24 30 554 5540
25 1 663 6630
25 2 199 1986
25 3 338 3378
25 4 102 1019
25 5 478 4775
25 6 165 1652
25 7 631 6314
25 8 415 4152
25 9 341 3406
25 10 618 6182
25 11 451 4515
25 12 370 3701
25 13 97 974
25 14 546 5455
25 15 314 3136
25 16 328 3284
25 17 400 3996
25 18 995 9948
25 19 510 5099
25 20 638 6376
25 21 284 2843
25 22 436 4362
25 23 297 2973
25 24 157 1572
25 26 344 3440
25 27 639 6391
25 28 740 7399
25 29 248 2478
25 30 579 5787
26 1 564 5645
26 2 247 2472
26 3 322 3219
26 4 301 3012
26 5 374 3737
26 6 256 2559
26 7 874 8741
26 8 723 7234
26 9 685 6846
26 10 906 9057
26 11 244 2439
26 12 218 2184
26 13 386 3861
26 14 850 8497
26 15 616 6162
26 16 205 2052
26 17 166 1657
26 18 975 9747
26 19 489 4890
26 20 340 3401
26 21 89 886
26 22 500 4996
26 23 599 5988
26 24 232 2320
26 25 344 3440
26 27 642 6415
26 28 773 7726
26 29 465 4645
26 30 378 3779
27 1 188 1877
27 2 477 4771
27 3 336 3362
27 4 543 5429
27 5 279 2793
27 6 736 7358
27 7 536 5357
27 8 630 6301
27 9 799 7986
27 10 666 6661
27 11 433 4326
27 12 424 4244
27 13 561 5607
27 14 683 6827
27 15 916 9163
27 16 438 4379
27 17 493 4933
27 18 357 3565
27 19 153 1528
27 20 577 5767
27 21 568 5684
27 22 206 2061
27 23 904 9036
27 24 707 7066
27 25 639 6391
27 26 642 6415
27 28 134 1345
27 29 434 4344
27 30 381 3812
28 1 300 2997
28 2 594 5940
28 3 460 4603
28 4 649 6489
28 5 414 4137
28 6 850 8504
28 7 507 5066
28 8 659 6589
28 9 855 8546
28 10 652 6519
28 11 567 5671
28 12 557 5567
28 13 654 6539
28 14 687 6866
28 15 997 9972
28 16 568 5679
28 17 627 6270
28 18 268 2682
28 19 284 2841
28 20 706 7060
28 21 697 6970
28 22 306 3057
28 23 986 9858
28 24 822 8224
28 25 740 7399
28 26 773 7726
28 27 134 1345
28 29 514 5140
28 30 511 5108
29 1 514 5138
29 2 218 2181
29 3 243 2428
29 4 190 1899
29 5 376 3757
29 6 397 3971
29 7 413 4134
29 8 286 2857
29 9 376 3759
29 10 444 4444
29 11 434 4342
29 12 355 3553
29 13 151 1513
29 14 399 3994
29 15 484 4841
29 16 324 3241
29 17 424 4238
29 18 779 7786
29 19 340 3405
29 20 647 6474
29 21 378 3777
29 22 231 2313
29 23 472 4723
29 24 378 3778
29 25 248 2478
29 26 465 4645
29 27 434 4344
29 28 514 5140
29 30 518 5178
30 1 227 2271
30 2 382 3819
30 3 276 2762
30 4 483 4832
30 5 151 1511
30 6 585 5848
30 7 826 8256
30 8 799 7987
30 9 871 8705
30 10 917 9173
30 11 140 1398
30 12 210 2105
30 13 553 5526
30 14 898 8976
30 15 892 8922
30 16 252 2516
30 17 216 2162
30 18 645 6450
30 19 270 2704
30 20 196 1955
30 21 349 3491
30 22 371 3714
30 23 876 8757
30 24 554 5540
30 25 579 5787
30 26 378 3779
30 27 381 3812
30 28 511 5108
30 29 518 5178
