40
499
735
10
12
35
14
40
21
18
38
1
13
25
15
10
3
13
28
39
2
8
25
31
16
22
34
17
15
33
1 2 690 6900
1 3 1088 10880
1 4 396 3959
1 5 640 6401
1 6 854 8541
1 7 1042 10415
1 8 505 5054
1 9 493 4932
1 10 965 9648
1 11 166 1659
1 12 1185 11854
1 13 661 6606
1 14 89 887
1 15 691 6911
1 16 745 7450
1 17 1085 10847
1 18 803 8025
1 19 508 5083
1 20 851 8506
1 21 437 4370
1 22 976 9760
1 23 915 9151
1 24 636 6364
1 25 934 9344
1 26 666 6660
1 27 281 2808
1 28 1087 10870
1 29 826 8256
1 30 429 4294
1 31 478 4781
1 32 1254 12535
1 33 653 6533
1 34 663 6633
1 35 388 3875
1 36 342 3424
1 37 427 4274
1 38 867 8670
1 39 876 8764
1 40 778 7781
2 1 690 6900
2 3 707 7074
2 4 379 3790
2 5 785 7850
2 6 233 2327
2 7 492 4921
2 8 831 8305
2 9 354 3536
2 10 762 7616
2 11 543 5426
2 12 721 7210
2 13 524 5237
2 14 680 6804
2 15 438 4377
2 16 112 1125
2 17 595 5947
2 18 859 8591
2 19 840 8398
2 20 886 8858
2 21 407 4067
2 22 1032 10317
2 23 325 3251
2 24 122 1221
2 25 560 5600
2 26 108 1078
2 27 577 5774
2 28 869 8686
2 29 184 1844
2 30 318 3180
2 31 501 5007
2 32 790 7901
2 33 391 3910
2 34 470 4705
2 35 322 3222
2 36 348 3478
2 37 339 3394
2 38 190 1902
2 39 469 4686
2 40 119 1188
3 1 1088 10880
3 2 707 7074
3 4 708 7079
3 5 650 6500
3 6 509 5088
3 7 300 3000
3 8 831 8311
3 9 609 6091
3 10 250 2496
3 11 929 9293
3 12 150 1503
3 13 437 4369
3 14 1022 10223
3 15 399 3986
3 16 598 5983
3 17 183 1827
3 18 567 5666
3 19 839 8393
3 20 549 5494
3 21 655 6547
3 22 628 6275
3 23 426 4256
3 24 624 6236
3 25 162 1617
3 26 815 8148
3 27 821 8212
3 28 256 2563
3 29 828 8279
3 30 701 7008
3 31 616 6164
3 32 192 1923
3 33 443 4428
3 34 425 4250
3 35 764 7639
3 36 859 8588
3 37 689 6893
3 38 769 7695
3 39 246 2459
3 40 610 6104
4 1 396 3959
4 2 379 3790
4 3 708 7079
4 5 462 4615
4 6 480 4799
4 7 646 6465
4 8 461 4613
4 9 99 995
4 10 629 6294
4 11 230 2303
4 12 794 7942
4 13 314 3145
4 14 351 3507
4 15 310 3104
4 16 391 3907
4 17 690 6898
4 18 582 5821
4 19 470 4702
4 20 622 6217
4 21 67 668
4 22 769 7687
4 23 529 5286
4 24 282 2823
4 25 549 5491
4 26 412 4124
4 27 201 2014
4 28 754 7539
4 29 556 5560
4 30 61 615
4 31 173 1725
4 32 864 8635
4 33 265 2654
4 34 296 2958
4 35 97 968
4 36 185 1851
4 37 41 408
4 38 569 5689
4 39 484 4839
4 40 429 4289
5 1 640 6401
5 2 785 7850
5 3 650 6500
5 4 462 4615
5 6 769 7686
5 7 785 7849
5 8 196 1956
5 9 438 4378
5 10 430 4296
5 11 544 5441
5 12 793 7926
5 13 301 3006
5 14 552 5523
5 15 406 4062
5 16 743 7432
5 17 749 7492
5 18 165 1653
5 19 202 2017
5 20 214 2139
5 21 404 4038
5 22 337 3371
5 23 761 7612
5 24 664 6644
5 25 558 5576
5 26 850 8495
5 27 381 3808
5 28 527 5268
5 29 969 9692
5 30 513 5128
5 31 295 2946
5 32 842 8422
5 33 427 4269
5 34 356 3556
5 35 558 5580
5 36 635 6352
5 37 486 4861
5 38 959 9586
5 39 566 5656
5 40 781 7809
6 1 854 8541
6 2 233 2327
6 3 509 5088
6 4 480 4799
6 5 769 7686
6 7 262 2616
6 8 866 8662
6 9 408 4078
6 10 620 6200
6 11 692 6924
6 12 499 4985
6 13 471 4711
6 14 825 8246
6 15 366 3659
6 16 126 1258
6 17 372 3722
6 18 798 7978
6 19 876 8759
6 20 813 8129
6 21 475 4746
6 22 948 9480
6 23 94 940
6 24 221 2208
6 25 384 3835
6 26 336 3356
6 27 676 6756
6 28 709 7086
6 29 319 3194
6 30 431 4310
6 31 532 5315
6 32 566 5656
6 33 342 3421
6 34 414 4144
6 35 467 4666
6 36 528 5278
6 37 441 4408
6 38 262 2620
6 39 298 2978
6 40 115 1154
7 1 1042 10415
7 2 492 4921
7 3 300 3000
7 4 646 6465
7 5 785 7849
7 6 262 2616
7 8 930 9297
7 9 553 5530
7 10 494 4939
7 11 876 8757
7 12 245 2449
7 13 496 4965
7 14 995 9955
7 15 403 4033
7 16 381 3808
7 17 126 1255
7 18 759 7586
7 19 939 9391
7 20 758 7578
7 21 616 6165
7 22 869 8685
7 23 168 1677
7 24 451 4508
7 25 250 2497
7 26 597 5968
7 27 816 8161
7 28 544 5444
7 29 568 5684
7 30 614 6141
7 31 630 6303
7 32 308 3078
7 33 415 4153
7 34 452 4525
7 35 666 6656
7 36 745 7449
7 37 614 6141
7 38 501 5007
7 39 219 2193
7 40 377 3767
8 1 505 5054
8 2 831 8305
8 3 831 8311
8 4 461 4613
8 5 196 1956
8 6 866 8662
8 7 930 9297
8 9 480 4797
8 10 622 6221
8 11 454 4538
8 12 968 9684
8 13 433 4334
8 14 417 4174
8 15 530 5295
8 16 814 8143
8 17 912 9116
8 18 350 3503
8 19 10 97
8 20 397 3973
8 21 424 4240
8 22 494 4939
8 23 878 8777
8 24 719 7186
8 25 722 7220
8 26 874 8735
8 27 304 3035
8 28 722 7222
8 29 1013 10125
8 30 522 5218
8 31 338 3377
8 32 1022 10223
8 33 533 5325
8 34 479 4787
8 35 547 5472
8 36 600 6004
8 37 497 4969
8 38 1017 10166
8 39 713 7131
8 40 854 8537
9 1 493 4932
9 2 354 3536
9 3 609 6091
9 4 99 995
9 5 438 4378
9 6 408 4078
9 7 553 5530
9 8 480 4797
9 10 543 5427
9 11 328 3284
9 12 695 6949
9 13 234 2335
9 14 443 4426
9 15 213 2133
9 16 337 3371
9 17 592 5915
9 18 535 5355
9 19 489 4892
9 20 570 5703
9 21 67 672
9 22 719 7189
9 23 445 4454
9 24 239 2390
9 25 450 4498
9 26 412 4117
9 27 270 2703
9 28 666 6663
9 29 538 5376
9 30 102 1019
9 31 147 1474
9 32 764 7641
9 33 166 1664
9 34 205 2049
9 35 166 1662
9 36 264 2640
9 37 83 830
9 38 537 5372
9 39 385 3846
9 40 377 3765
10 1 965 9648
10 2 762 7616
10 3 250 2496
10 4 629 6294
10 5 430 4296
10 6 620 6200
10 7 494 4939
10 8 622 6221
10 9 543 5427
10 11 822 8216
10 12 400 3998
10 13 316 3157
10 14 888 8878
10 15 344 3439
10 16 669 6690
10 17 405 4052
10 18 322 3223
10 19 629 6291
10 20 301 3011
10 21 565 5652
10 22 382 3822
10 23 562 5616
10 24 652 6518
10 25 250 2503
10 26 861 8612
10 27 685 6848
10 28 125 1246
10 29 918 9180
10 30 644 6444
10 31 490 4905
10 32 434 4342
10 33 398 3976
10 34 338 3381
10 35 709 7089
10 36 807 8066
10 37 625 6250
10 38 875 8749
10 39 324 3239
10 40 694 6939
11 1 166 1659
11 2 543 5426
11 3 929 9293
11 4 230 2303
11 5 544 5441
11 6 692 6924
11 7 876 8757
11 8 454 4538
11 9 328 3284
11 10 822 8216
11 12 1022 10224
11 13 510 5101
11 14 138 1378
11 15 531 5309
11 16 587 5874
11 17 920 9198
11 18 697 6974
11 19 460 4596
11 20 744 7435
11 21 275 2750
11 22 880 8796
11 23 751 7507
11 24 478 4775
11 25 773 7734
11 26 534 5342
11 27 163 1634
11 28 945 9455
11 29 693 6932
11 30 264 2644
11 31 331 3311
11 32 1091 10910
11 33 491 4907
11 34 507 5067
11 35 228 2275
11 36 205 2051
11 37 262 2616
11 38 727 7265
11 39 713 7126
11 40 622 6221
12 1 1185 11854
12 2 721 7210
12 3 150 1503
12 4 794 7942
12 5 793 7926
12 6 499 4985
12 7 245 2449
12 8 968 9684
12 9 695 6949
12 10 400 3998
12 11 1022 10224
12 13 556 5560
12 14 1126 11261
12 15 497 4970
12 16 609 6086
12 17 127 1266
12 18 716 7161
12 19 977 9769
12 20 700 6997
12 21 748 7485
12 22 776 7759
12 23 406 4057
12 24 659 6586
12 25 257 2566
12 26 828 8282
12 27 930 9298
12 28 393 3933
12 29 812 8120
12 30 777 7770
12 31 727 7272
12 32 71 712
12 33 532 5321
12 34 533 5331
12 35 837 8366
12 36 926 9264
12 37 770 7698
12 38 745 7453
12 39 310 3103
12 40 611 6111
13 1 661 6606
13 2 524 5237
13 3 437 4369
13 4 314 3145
13 5 301 3006
13 6 471 4711
13 7 496 4965
13 8 433 4334
13 9 234 2335
13 10 316 3157
13 11 510 5101
13 12 556 5560
13 14 590 5896
13 15 106 1059
13 16 461 4613
13 17 484 4835
13 18 337 3372
13 19 443 4427
13 20 362 3621
13 21 250 2496
13 22 508 5083
13 23 461 4607
13 24 402 4022
13 25 300 3003
13 26 607 6070
13 27 387 3865
13 28 440 4403
13 29 702 7024
13 30 335 3349
13 31 183 1827
13 32 618 6177
13 33 136 1360
13 34 57 571
13 35 398 3981
13 36 495 4949
13 37 313 3134
13 38 680 6803
13 39 280 2800
13 40 497 4966
14 1 89 887
14 2 680 6804
14 3 1022 10223
14 4 351 3507
14 5 552 5523
14 6 825 8246
14 7 995 9955
14 8 417 4174
14 9 443 4426
14 10 888 8878
14 11 138 1378
14 12 1126 11261
14 13 590 5896
14 15 629 6293
14 16 723 7228
14 17 1030 10302
14 18 715 7154
14 19 421 4205
14 20 764 7636
14 21 381 3812
14 22 888 8878
14 23 879 8785
14 24 613 6126
14 25 872 8722
14 26 670 6703
14 27 204 2038
14 28 1009 10088
14 29 830 8297
14 30 394 3938
14 31 407 4071
14 32 1193 11929
14 33 596 5956
14 34 597 5975
14 35 363 3634
14 36 341 3407
14 37 387 3867
14 38 864 8642
14 39 820 8196
14 40 758 7582
15 1 691 6911
15 2 438 4377
15 3 399 3986
15 4 310 3104
15 5 406 4062
15 6 366 3659
15 7 403 4033
15 8 530 5295
15 9 213 2133
15 10 344 3439
15 11 531 5309
15 12 497 4970
15 13 106 1059
15 14 629 6293
15 16 365 3646
15 17 408 4081
15 18 436 4357
15 19 539 5391
15 20 456 4558
15 21 256 2561
15 22 598 5982
15 23 355 3554
15 24 320 3195
15 25 243 2433
15 26 529 5291
15 27 433 4333
15 28 464 4638
15 29 611 6108
15 30 311 3108
15 31 234 2336
15 32 564 5637
15 33 54 537
15 34 51 515
15 35 376 3756
15 36 473 4731
15 37 296 2956
15 38 583 5833
15 39 197 1966
15 40 398 3981
16 1 745 7450
16 2 112 1125
16 3 598 5983
16 4 391 3907
16 5 743 7432
16 6 126 1258
16 7 381 3808
16 8 814 8143
16 9 337 3371
16 10 669 6690
16 11 587 5874
16 12 609 6086
16 13 461 4613
16 14 723 7228
16 15 365 3646
16 17 482 4822
16 18 798 7981
16 19 824 8239
16 20 820 8202
16 21 400 4000
16 22 963 9627
16 23 215 2149
16 24 110 1104
16 25 455 4551
16 26 220 2198
16 27 592 5916
16 28 771 7707
16 29 250 2499
16 30 335 3351
16 31 477 4769
16 32 678 6777
16 33 325 3253
16 34 405 4050
16 35 360 3599
16 36 411 4108
16 37 350 3500
16 38 219 2191
16 39 364 3640
16 40 39 395
17 1 1085 10847
17 2 595 5947
17 3 183 1827
17 4 690 6898
17 5 749 7492
17 6 372 3722
17 7 126 1255
17 8 912 9116
17 9 592 5915
17 10 405 4052
17 11 920 9198
17 12 127 1266
17 13 484 4835
17 14 1030 10302
17 15 408 4081
17 16 482 4822
17 18 698 6980
17 19 921 9206
17 20 690 6900
17 21 649 6494
17 22 787 7869
17 23 280 2798
17 24 535 5355
17 25 192 1916
17 26 702 7017
17 27 840 8395
17 28 436 4364
17 29 687 6871
17 30 667 6672
17 31 642 6418
17 32 196 1956
17 33 435 4351
17 34 451 4507
17 35 725 7245
17 36 811 8115
17 37 662 6624
17 38 622 6218
17 39 212 2120
17 40 484 4845
18 1 803 8025
18 2 859 8591
18 3 567 5666
18 4 582 5821
18 5 165 1653
18 6 798 7978
18 7 759 7586
18 8 350 3503
18 9 535 5355
18 10 322 3223
18 11 697 6974
18 12 716 7161
18 13 337 3372
18 14 715 7154
18 15 436 4357
18 16 798 7981
18 17 698 6980
18 19 354 3544
18 20 49 486
18 21 518 5181
18 22 187 1868
18 23 771 7709
18 24 737 7370
18 25 513 5127
18 26 937 9372
18 27 536 5357
18 28 395 3946
18 29 1039 10392
18 30 625 6249
18 31 410 4096
18 32 755 7554
18 33 473 4730
18 34 393 3932
18 35 678 6784
18 36 764 7645
18 37 599 5989
18 38 1017 10172
18 39 547 5471
18 40 833 8329
19 1 508 5083
19 2 840 8398
19 3 839 8393
19 4 470 4702
19 5 202 2017
19 6 876 8759
19 7 939 9391
19 8 10 97
19 9 489 4892
19 10 629 6291
19 11 460 4596
19 12 977 9769
19 13 443 4427
19 14 421 4205
19 15 539 5391
19 16 824 8239
19 17 921 9206
19 18 354 3544
19 20 401 4012
19 21 433 4332
19 22 495 4953
19 23 887 8874
19 24 728 7281
19 25 731 7309
19 26 882 8824
19 27 311 3105
19 28 728 7285
19 29 1022 10217
19 30 531 5307
19 31 347 3473
19 32 1031 10306
19 33 542 5422
19 34 488 4882
19 35 556 5556
19 36 608 6080
19 37 506 5059
19 38 1026 10260
19 39 722 7224
19 40 863 8633
20 1 851 8506
20 2 886 8858
20 3 549 5494
20 4 622 6217
20 5 214 2139
20 6 813 8129
20 7 758 7578
20 8 397 3973
20 9 570 5703
20 10 301 3011
20 11 744 7435
20 12 700 6997
20 13 362 3621
20 14 764 7636
20 15 456 4558
20 16 820 8202
20 17 690 6900
20 18 49 486
20 19 401 4012
20 21 557 5568
20 22 149 1486
20 23 781 7806
20 24 764 7641
20 25 509 5092
20 26 967 9670
20 27 582 5824
20 28 361 3611
20 29 1064 10641
20 30 662 6623
20 31 450 4496
20 32 735 7352
20 33 497 4965
20 34 416 4164
20 35 717 7174
20 36 805 8052
20 37 637 6366
20 38 1039 10391
20 39 551 5513
20 40 854 8539
21 1 437 4370
21 2 407 4067
21 3 655 6547
21 4 67 668
21 5 404 4038
21 6 475 4746
21 7 616 6165
21 8 424 4240
21 9 67 672
21 10 565 5652
21 11 275 2750
21 12 748 7485
21 13 250 2496
21 14 381 3812
21 15 256 2561
21 16 400 4000
21 17 649 6494
21 18 518 5181
21 19 433 4332
21 20 557 5568
21 22 704 7043
21 23 512 5123
21 24 298 2977
21 25 498 4984
21 26 454 4539
21 27 203 2034
21 28 690 6898
21 29 589 5887
21 30 109 1091
21 31 110 1100
21 32 817 8166
21 33 216 2164
21 34 236 2355
21 35 161 1606
21 36 252 2518
21 37 82 824
21 38 594 5938
21 39 440 4397
21 40 439 4393
22 1 976 9760
22 2 1032 10317
22 3 628 6275
22 4 769 7687
22 5 337 3371
22 6 948 9480
22 7 869 8685
22 8 494 4939
22 9 719 7189
22 10 382 3822
22 11 880 8796
22 12 776 7759
22 13 508 5083
22 14 888 8878
22 15 598 5982
22 16 963 9627
22 17 787 7869
22 18 187 1868
22 19 495 4953
22 20 149 1486
22 21 704 7043
22 23 909 9088
22 24 910 9105
22 25 619 6191
22 26 1115 11146
22 27 717 7168
22 28 397 3971
22 29 1208 12085
22 30 810 8104
22 31 596 5963
22 32 800 8002
22 33 641 6413
22 34 561 5614
22 35 865 8648
22 36 951 9513
22 37 785 7846
22 38 1181 11810
22 39 673 6735
22 40 995 9954
23 1 915 9151
23 2 325 3251
23 3 426 4256
23 4 529 5286
23 5 761 7612
23 6 94 940
23 7 168 1677
23 8 878 8777
23 9 445 4454
23 10 562 5616
23 11 751 7507
23 12 406 4057
23 13 461 4607
23 14 879 8785
23 15 355 3554
23 16 215 2149
23 17 280 2798
23 18 771 7709
23 19 887 8874
23 20 781 7806
23 21 512 5123
23 22 909 9088
23 24 296 2960
23 25 315 3153
23 26 429 4292
23 27 716 7157
23 28 640 6400
23 29 408 4080
23 30 486 4864
23 31 552 5521
23 32 472 4721
23 33 345 3452
23 34 407 4067
23 35 530 5298
23 36 600 6000
23 37 492 4919
23 38 345 3452
23 39 239 2389
23 40 209 2091
24 1 636 6364
24 2 122 1221
24 3 624 6236
24 4 282 2823
24 5 664 6644
24 6 221 2208
24 7 451 4508
24 8 719 7186
24 9 239 2390
24 10 652 6518
24 11 478 4775
24 12 659 6586
24 13 402 4022
24 14 613 6126
24 15 320 3195
24 16 110 1104
24 17 535 5355
24 18 737 7370
24 19 728 7281
24 20 764 7641
24 21 298 2977
24 22 910 9105
24 23 296 2960
24 25 468 4681
24 26 210 2102
24 27 484 4837
24 28 763 7634
24 29 305 3050
24 30 225 2254
24 31 384 3844
24 32 729 7295
24 33 271 2709
24 34 350 3497
24 35 250 2501
24 36 307 3071
24 37 242 2415
24 38 298 2984
24 39 378 3785
24 40 147 1473
25 1 934 9344
25 2 560 5600
25 3 162 1617
25 4 549 5491
25 5 558 5576
25 6 384 3835
25 7 250 2497
25 8 722 7220
25 9 450 4498
25 10 250 2503
25 11 773 7734
25 12 257 2566
25 13 300 3003
25 14 872 8722
25 15 243 2433
25 16 455 4551
25 17 192 1916
25 18 513 5127
25 19 731 7309
25 20 509 5092
25 21 498 4984
25 22 619 6191
25 23 315 3153
25 24 468 4681
25 26 666 6661
25 27 674 6742
25 28 326 3257
25 29 696 6959
25 30 540 5398
25 31 471 4708
25 32 321 3212
25 33 284 2837
25 34 277 2767
25 35 603 6026
25 36 697 6971
25 37 529 5290
25 38 645 6446
25 39 91 914
25 40 473 4727
26 1 666 6660
26 2 108 1078
26 3 815 8148
26 4 412 4124
26 5 850 8495
26 6 336 3356
26 7 597 5968
26 8 874 8735
26 9 412 4117
26 10 861 8612
26 11 534 5342
26 12 828 8282
26 13 607 6070
26 14 670 6703
26 15 529 5291
26 16 220 2198
26 17 702 7017
26 18 937 9372
26 19 882 8824
26 20 967 9670
26 21 454 4539
26 22 1115 11146
26 23 429 4292
26 24 210 2102
26 25 666 6661
26 27 599 5988
26 28 971 9709
26 29 160 1598
26 30 352 3517
26 31 557 5574
26 32 897 8970
26 33 479 4793
26 34 557 5567
26 35 335 3353
26 36 330 3296
26 37 377 3768
26 38 207 2070
26 39 575 5749
26 40 220 2202
27 1 281 2808
27 2 577 5774
27 3 821 8212
27 4 201 2014
27 5 381 3808
27 6 676 6756
27 7 816 8161
27 8 304 3035
27 9 270 2703
27 10 685 6848
27 11 163 1634
27 12 930 9298
27 13 387 3865
27 14 204 2038
27 15 433 4333
27 16 592 5916
27 17 840 8395
27 18 536 5357
27 19 311 3105
27 20 582 5824
27 21 203 2034
27 22 717 7168
27 23 716 7157
27 24 484 4837
27 25 674 6742
27 26 599 5988
27 28 807 8065
27 29 750 7496
27 30 260 2604
27 31 205 2048
27 32 995 9954
27 33 405 4052
27 34 398 3978
27 35 263 2635
27 36 300 3001
27 37 242 2422
27 38 768 7676
27 39 628 6276
27 40 630 6301
28 1 1087 10870
28 2 869 8686
28 3 256 2563
28 4 754 7539
28 5 527 5268
28 6 709 7086
28 7 544 5444
28 8 722 7222
28 9 666 6663
28 10 125 1246
28 11 945 9455
28 12 393 3933
28 13 440 4403
28 14 1009 10088
28 15 464 4638
28 16 771 7707
28 17 436 4364
28 18 395 3946
28 19 728 7285
28 20 361 3611
28 21 690 6898
28 22 397 3971
28 23 640 6400
28 24 763 7634
28 25 326 3257
28 26 971 9709
28 27 807 8065
28 29 1017 10168
28 30 768 7678
28 31 614 6143
28 32 407 4075
28 33 517 5174
28 34 461 4614
28 35 832 8324
28 36 930 9303
28 37 749 7488
28 38 969 9686
28 39 412 4117
28 40 792 7924
29 1 826 8256
29 2 184 1844
29 3 828 8279
29 4 556 5560
29 5 969 9692
29 6 319 3194
29 7 568 5684
29 8 1013 10125
29 9 538 5376
29 10 918 9180
29 11 693 6932
29 12 812 8120
29 13 702 7024
29 14 830 8297
29 15 611 6108
29 16 250 2499
29 17 687 6871
29 18 1039 10392
29 19 1022 10217
29 20 1064 10641
29 21 589 5887
29 22 1208 12085
29 23 408 4080
29 24 305 3050
29 25 696 6959
29 26 160 1598
29 27 750 7496
29 28 1017 10168
29 30 494 4945
29 31 685 6849
29 32 876 8762
29 33 568 5675
29 34 648 6476
29 35 488 4875
29 36 489 4890
29 37 518 5177
29 38 76 764
29 39 606 6062
29 40 225 2245
30 1 429 4294
30 2 318 3180
30 3 701 7008
30 4 61 615
30 5 513 5128
30 6 431 4310
30 7 614 6141
30 8 522 5218
30 9 102 1019
30 10 644 6444
30 11 264 2644
30 12 777 7770
30 13 335 3349
30 14 394 3938
30 15 311 3108
30 16 335 3351
30 17 667 6672
30 18 625 6249
30 19 531 5307
30 20 662 6623
30 21 109 1091
30 22 810 8104
30 23 486 4864
30 24 225 2254
30 25 540 5398
30 26 352 3517
30 27 260 2604
30 28 768 7678
30 29 494 4945
30 31 219 2190
30 32 847 8473
30 33 261 2606
30 34 306 3064
30 35 65 649
30 36 163 1628
30 37 27 267
30 38 508 5081
30 39 468 4676
30 40 373 3726
31 1 478 4781
31 2 501 5007
31 3 616 6164
31 4 173 1725
31 5 295 2946
31 6 532 5315
31 7 630 6303
31 8 338 3377
31 9 147 1474
31 10 490 4905
31 11 331 3311
31 12 727 7272
31 13 183 1827
31 14 407 4071
31 15 234 2336
31 16 477 4769
31 17 642 6418
31 18 410 4096
31 19 347 3473
31 20 450 4496
31 21 110 1100
31 22 596 5963
31 23 552 5521
31 24 384 3844
31 25 471 4708
31 26 557 5574
31 27 205 2048
31 28 614 6143
31 29 685 6849
31 30 219 2190
31 32 792 7918
31 33 215 2152
31 34 194 1941
31 35 269 2690
31 36 356 3556
31 37 192 1924
31 38 683 6828
31 39 430 4302
31 40 516 5162
32 1 1254 12535
32 2 790 7901
32 3 192 1923
32 4 864 8635
32 5 842 8422
32 6 566 5656
32 7 308 3078
32 8 1022 10223
32 9 764 7641
32 10 434 4342
32 11 1091 10910
32 12 71 712
32 13 618 6177
32 14 1193 11929
32 15 564 5637
32 16 678 6777
32 17 196 1956
32 18 755 7554
32 19 1031 10306
32 20 735 7352
32 21 817 8166
32 22 800 8002
32 23 472 4721
32 24 729 7295
32 25 321 3212
32 26 897 8970
32 27 995 9954
32 28 407 4075
32 29 876 8762
32 30 847 8473
32 31 792 7918
32 33 600 6004
32 34 598 5978
32 35 907 9072
32 36 997 9973
32 37 840 8397
32 38 808 8081
32 39 380 3801
32 40 679 6790
33 1 653 6533
33 2 391 3910
33 3 443 4428
33 4 265 2654
33 5 427 4269
33 6 342 3421
33 7 415 4153
33 8 533 5325
33 9 166 1664
33 10 398 3976
33 11 491 4907
33 12 532 5321
33 13 136 1360
33 14 596 5956
33 15 54 537
33 16 325 3253
33 17 435 4351
33 18 473 4730
33 19 542 5422
33 20 497 4965
33 21 216 2164
33 22 641 6413
33 23 345 3452
33 24 271 2709
33 25 284 2837
33 26 479 4793
33 27 405 4052
33 28 517 5174
33 29 568 5675
33 30 261 2606
33 31 215 2152
33 32 600 6004
33 34 80 801
33 35 325 3250
33 36 422 4220
33 37 247 2471
33 38 544 5444
33 39 224 2240
33 40 361 3608
34 1 663 6633
34 2 470 4705
34 3 425 4250
34 4 296 2958
34 5 356 3556
34 6 414 4144
34 7 452 4525
34 8 479 4787
34 9 205 2049
34 10 338 3381
34 11 507 5067
34 12 533 5331
34 13 57 571
34 14 597 5975
34 15 51 515
34 16 405 4050
34 17 451 4507
34 18 393 3932
34 19 488 4882
34 20 416 4164
34 21 236 2355
34 22 561 5614
34 23 407 4067
34 24 350 3497
34 25 277 2767
34 26 557 5567
34 27 398 3978
34 28 461 4614
34 29 648 6476
34 30 306 3064
34 31 194 1941
34 32 598 5978
34 33 80 801
34 35 371 3710
34 36 469 4689
34 37 288 2877
34 38 624 6241
34 39 241 2413
34 40 440 4400
35 1 388 3875
35 2 322 3222
35 3 764 7639
35 4 97 968
35 5 558 5580
35 6 467 4666
35 7 666 6656
35 8 547 5472
35 9 166 1662
35 10 709 7089
35 11 228 2275
35 12 837 8366
35 13 398 3981
35 14 363 3634
35 15 376 3756
35 16 360 3599
35 17 725 7245
35 18 678 6784
35 19 556 5556
35 20 717 7174
35 21 161 1606
35 22 865 8648
35 23 530 5298
35 24 250 2501
35 25 603 6026
35 26 335 3353
35 27 263 2635
35 28 832 8324
35 29 488 4875
35 30 65 649
35 31 269 2690
35 32 907 9072
35 33 325 3250
35 34 371 3710
35 36 98 979
35 37 85 847
35 38 511 5107
35 39 528 5283
35 40 395 3949
36 1 342 3424
36 2 348 3478
36 3 859 8588
36 4 185 1851
36 5 635 6352
36 6 528 5278
36 7 745 7449
36 8 600 6004
36 9 264 2640
36 10 807 8066
36 11 205 2051
36 12 926 9264
36 13 495 4949
36 14 341 3407
36 15 473 4731
36 16 411 4108
36 17 811 8115
36 18 764 7645
36 19 608 6080
36 20 805 8052
36 21 252 2518
36 22 951 9513
36 23 600 6000
36 24 307 3071
36 25 697 6971
36 26 330 3296
36 27 300 3001
36 28 930 9303
36 29 489 4890
36 30 163 1628
36 31 356 3556
36 32 997 9973
36 33 422 4220
36 34 469 4689
36 35 98 979
36 37 182 1818
36 38 526 5258
36 39 620 6204
36 40 441 4411
37 1 427 4274
37 2 339 3394
37 3 689 6893
37 4 41 408
37 5 486 4861
37 6 441 4408
37 7 614 6141
37 8 497 4969
37 9 83 830
37 10 625 6250
37 11 262 2616
37 12 770 7698
37 13 313 3134
37 14 387 3867
37 15 296 2956
37 16 350 3500
37 17 662 6624
37 18 599 5989
37 19 506 5059
37 20 637 6366
37 21 82 824
37 22 785 7846
37 23 492 4919
37 24 242 2415
37 25 529 5290
37 26 377 3768
37 27 242 2422
37 28 749 7488
37 29 518 5177
37 30 27 267
37 31 192 1924
37 32 840 8397
37 33 247 2471
37 34 288 2877
37 35 85 847
37 36 182 1818
37 38 529 5291
37 39 460 4597
37 40 388 3882
38 1 867 8670
38 2 190 1902
38 3 769 7695
38 4 569 5689
38 5 959 9586
38 6 262 2620
38 7 501 5007
38 8 1017 10166
38 9 537 5372
38 10 875 8749
38 11 727 7265
38 12 745 7453
38 13 680 6803
38 14 864 8642
38 15 583 5833
38 16 219 2191
38 17 622 6218
38 18 1017 10172
38 19 1026 10260
38 20 1039 10391
38 21 594 5938
38 22 1181 11810
38 23 345 3452
38 24 298 2984
38 25 645 6446
38 26 207 2070
38 27 768 7676
38 28 969 9686
38 29 76 764
38 30 508 5081
38 31 683 6828
38 32 808 8081
38 33 544 5444
38 34 624 6241
38 35 511 5107
38 36 526 5258
38 37 529 5291
38 39 557 5569
38 40 186 1857
39 1 876 8764
39 2 469 4686
39 3 246 2459
39 4 484 4839
39 5 566 5656
39 6 298 2978
39 7 219 2193
39 8 713 7131
39 9 385 3846
39 10 324 3239
39 11 713 7126
39 12 310 3103
39 13 280 2800
39 14 820 8196
39 15 197 1966
39 16 364 3640
39 17 212 2120
39 18 547 5471
39 19 722 7224
39 20 551 5513
39 21 440 4397
39 22 673 6735
39 23 239 2389
39 24 378 3785
39 25 91 914
39 26 575 5749
39 27 628 6276
39 28 412 4117
39 29 606 6062
39 30 468 4676
39 31 430 4302
39 32 380 3801
39 33 224 2240
39 34 241 2413
39 35 528 5283
39 36 620 6204
39 37 460 4597
39 38 557 5569
39 40 382 3824
40 1 778 7781
40 2 119 1188
40 3 610 6104
40 4 429 4289
40 5 781 7809
40 6 115 1154
40 7 377 3767
40 8 854 8537
40 9 377 3765
40 10 694 6939
40 11 622 6221
40 12 611 6111
40 13 497 4966
40 14 758 7582
40 15 398 3981
40 16 39 395
40 17 484 4845
40 18 833 8329
40 19 863 8633
40 20 854 8539
40 21 439 4393
40 22 995 9954
40 23 209 2091
40 24 147 1473
40 25 473 4727
40 26 220 2202
40 27 630 6301
40 28 792 7924
40 29 225 2245
40 30 373 3726
40 31 516 5162
40 32 679 6790
40 33 361 3608
40 34 440 4400
40 35 395 3949
40 36 441 4411
40 37 388 3882
40 38 186 1857
40 39 382 3824
