30
470
489
6
25
8
18
26
22
21
5
17
27
1
13
20
1 2 530 5297
1 3 616 6164
1 4 480 4800
1 5 493 4933
1 6 612 6122
1 7 786 7858
1 8 463 4631
1 9 64 641
1 10 185 1846
1 11 299 2990
1 12 310 3103
1 13 834 8338
1 14 407 4066
1 15 316 3157
1 16 535 5349
1 17 276 2765
1 18 638 6383
1 19 555 5553
1 20 344 3439
1 21 721 7209
1 22 329 3294
1 23 857 8572
1 24 439 4394
1 25 616 6161
1 26 667 6675
1 27 270 2698
1 28 504 5038
1 29 785 7849
1 30 190 1901
2 1 530 5297
2 3 99 993
2 4 663 6629
2 5 637 6368
2 6 155 1549
2 7 455 4551
2 8 604 6042
2 9 466 4657
2 10 679 6793
2 11 401 4014
2 12 506 5056
2 13 330 3301
2 14 514 5143
2 15 630 6297
2 16 307 3070
2 17 323 3234
2 18 504 5045
2 19 402 4025
2 20 564 5644
2 21 402 4018
2 22 478 4777
2 23 417 4168
2 24 719 7191
2 25 468 4676
2 26 212 2123
2 27 261 2610
2 28 646 6458
2 29 262 2624
2 30 528 5277
3 1 616 6164
3 2 99 993
3 4 691 6913
3 5 660 6603
3 6 193 1930
3 7 492 4919
3 8 700 7001
3 9 553 5528
3 10 773 7727
3 11 451 4514
3 12 605 6048
3 13 231 2309
3 14 611 6111
3 15 682 6824
3 16 296 2958
3 17 422 4222
3 18 483 4834
3 19 392 3918
3 20 663 6633
3 21 343 3432
3 22 521 5210
3 23 325 3245
3 24 760 7602
3 25 543 5431
3 26 233 2334
3 27 347 3467
3 28 668 6682
3 29 209 2094
3 30 594 5935
4 1 480 4800
4 2 663 6629
4 3 691 6913
4 5 45 445
4 6 811 8110
4 7 1085 10846
4 8 923 9234
4 9 477 4769
4 10 632 6317
4 11 282 2820
4 12 765 7650
4 13 814 8141
4 14 850 8503
4 15 180 1800
4 16 419 4190
4 17 639 6386
4 18 342 3420
4 19 348 3482
4 20 811 8107
4 21 541 5414
4 22 201 2014
4 23 743 7428
4 24 115 1149
4 25 992 9924
4 26 872 8716
4 27 501 5005
4 28 46 462
4 29 901 9007
4 30 290 2903
5 1 493 4933
5 2 637 6368
5 3 660 6603
5 4 45 445
5 6 787 7870
5 7 1066 10659
5 8 927 9270
5 9 485 4845
5 10 652 6523
5 11 270 2695
5 12 769 7688
5 13 776 7757
5 14 851 8513
5 15 208 2083
5 16 382 3820
5 17 633 6334
5 18 298 2976
5 19 307 3074
5 20 817 8167
5 21 499 4986
5 22 192 1924
5 23 701 7008
5 24 159 1587
5 25 983 9827
5 26 847 8472
5 27 489 4894
5 28 11 111
5 29 869 8694
5 30 303 3034
6 1 612 6122
6 2 155 1549
6 3 193 1930
6 4 811 8110
6 5 787 7870
6 7 304 3036
6 8 564 5638
6 9 550 5496
6 10 735 7347
6 11 540 5405
6 12 504 5038
6 13 374 3737
6 14 482 4824
6 15 762 7623
6 16 461 4605
6 17 358 3576
6 18 657 6570
6 19 557 5566
6 20 556 5555
6 21 535 5351
6 22 620 6197
6 23 503 5029
6 24 860 8598
6 25 361 3613
6 26 61 614
6 27 362 3625
6 28 796 7963
6 29 197 1970
6 30 648 6481
7 1 786 7858
7 2 455 4551
7 3 492 4919
7 4 1085 10846
7 5 1066 10659
7 6 304 3036
7 8 529 5295
7 9 732 7325
7 10 852 8517
7 11 804 8042
7 12 558 5582
7 13 621 6212
7 14 486 4860
7 15 1007 10068
7 16 762 7621
7 17 510 5101
7 18 959 9595
7 19 857 8574
7 20 585 5854
7 21 835 8348
7 22 885 8855
7 23 774 7736
7 24 1117 11170
7 25 236 2360
7 26 259 2589
7 27 595 5950
7 28 1076 10759
7 29 387 3867
7 30 878 8775
8 1 463 4631
8 2 604 6042
8 3 700 7001
8 4 923 9234
8 5 927 9270
8 6 564 5638
8 7 529 5295
8 9 449 4486
8 10 417 4167
8 11 675 6754
8 12 158 1583
8 13 923 9230
8 14 92 916
8 15 774 7743
8 16 809 8092
8 17 327 3274
8 18 979 9792
8 19 875 8747
8 20 121 1205
8 21 969 9690
8 22 739 7394
8 23 1021 10207
8 24 899 8991
8 25 294 2941
8 26 585 5846
8 27 486 4862
8 28 938 9380
8 29 757 7568
8 30 639 6390
9 1 64 641
9 2 466 4657
9 3 553 5528
9 4 477 4769
9 5 485 4845
9 6 550 5496
9 7 732 7325
9 8 449 4486
9 10 236 2356
9 11 263 2628
9 12 291 2910
9 13 771 7714
9 14 382 3823
9 15 327 3269
9 16 484 4838
9 17 223 2226
9 18 601 6006
9 19 512 5120
9 20 334 3340
9 21 669 6692
9 22 307 3069
9 23 799 7989
9 24 452 4516
9 25 573 5733
9 26 606 6055
9 27 206 2061
9 28 495 4954
9 29 721 7210
9 30 190 1904
10 1 185 1846
10 2 679 6793
10 3 773 7727
10 4 632 6317
10 5 652 6523
10 6 735 7347
10 7 852 8517
10 8 417 4167
10 9 236 2356
10 11 483 4827
10 12 303 3028
10 13 998 9976
10 14 396 3961
10 15 454 4544
10 16 718 7182
10 17 377 3773
10 18 821 8212
10 19 740 7398
10 20 303 3026
10 21 904 9040
10 22 506 5059
10 23 1033 10332
10 24 568 5679
10 25 647 6469
10 26 784 7836
10 27 431 4309
10 28 662 6622
10 29 921 9213
10 30 355 3546
11 1 299 2990
11 2 401 4014
11 3 451 4514
11 4 282 2820
11 5 270 2695
11 6 540 5405
11 7 804 8042
11 8 675 6754
11 9 263 2628
11 10 483 4827
11 12 520 5198
11 13 624 6245
11 14 594 5941
11 15 231 2310
11 16 259 2586
11 17 367 3673
11 18 339 3394
11 19 259 2590
11 20 573 5733
11 21 440 4401
11 22 81 813
11 23 605 6051
11 24 319 3193
11 25 713 7132
11 26 602 6018
11 27 220 2198
11 28 280 2803
11 29 656 6562
11 30 165 1655
12 1 310 3103
12 2 506 5056
12 3 605 6048
12 4 765 7650
12 5 769 7688
12 6 504 5038
12 7 558 5582
12 8 158 1583
12 9 291 2910
12 10 303 3028
12 11 520 5198
12 13 835 8347
12 14 98 984
12 15 618 6175
12 16 671 6713
12 17 193 1932
12 18 832 8322
12 19 730 7299
12 20 61 609
12 21 840 8401
12 22 582 5819
12 23 914 9138
12 24 742 7424
12 25 345 3446
12 26 540 5395
12 27 343 3425
12 28 780 7798
12 29 701 7007
12 30 481 4814
13 1 834 8338
13 2 330 3301
13 3 231 2309
13 4 814 8141
13 5 776 7757
13 6 374 3737
13 7 621 6212
13 8 923 9230
13 9 771 7714
13 10 998 9976
13 11 624 6245
13 12 835 8347
13 14 836 8358
13 15 848 8479
13 16 396 3961
13 17 653 6532
13 18 525 5254
13 19 471 4708
13 20 893 8927
13 21 319 3186
13 22 679 6793
13 23 164 1636
13 24 903 9029
13 25 734 7337
13 26 382 3824
13 27 567 5674
13 28 781 7812
13 29 237 2370
13 30 783 7826
14 1 407 4066
14 2 514 5143
14 3 611 6111
14 4 850 8503
14 5 851 8513
14 6 482 4824
14 7 486 4860
14 8 92 916
14 9 382 3823
14 10 396 3961
14 11 594 5941
14 12 98 984
14 13 836 8358
14 15 709 7091
14 16 719 7187
14 17 238 2382
14 18 891 8910
14 19 786 7858
14 20 101 1009
14 21 877 8774
14 22 661 6613
14 23 930 9304
14 24 834 8337
14 25 260 2598
14 26 508 5082
14 27 398 3982
14 28 862 8623
14 29 678 6778
14 30 572 5716
15 1 316 3157
15 2 630 6297
15 3 682 6824
15 4 180 1800
15 5 208 2083
15 6 762 7623
15 7 1007 10068
15 8 774 7743
15 9 327 3269
15 10 454 4544
15 11 231 2310
15 12 618 6175
15 13 848 8479
15 14 709 7091
15 16 462 4617
15 17 521 5214
15 18 459 4590
15 19 424 4236
15 20 657 6572
15 21 623 6234
15 22 169 1688
15 23 810 8098
15 24 125 1248
15 25 882 8822
15 26 824 8236
15 27 412 4123
15 28 217 2166
15 29 887 8868
15 30 139 1387
16 1 535 5349
16 2 307 3070
16 3 296 2958
16 4 419 4190
16 5 382 3820
16 6 461 4605
16 7 762 7621
16 8 809 8092
16 9 484 4838
16 10 718 7182
16 11 259 2586
16 12 671 6713
16 13 396 3961
16 14 719 7187
16 15 462 4617
16 17 482 4825
16 18 198 1979
16 19 97 967
16 20 731 7314
16 21 186 1860
16 22 294 2940
16 23 349 3495
16 24 507 5072
16 25 750 7497
16 26 514 5142
16 27 330 3296
16 28 388 3883
16 29 499 4990
16 30 424 4240
17 1 276 2765
17 2 323 3234
17 3 422 4222
17 4 639 6386
17 5 633 6334
17 6 358 3576
17 7 510 5101
17 8 327 3274
17 9 223 2226
17 10 377 3773
17 11 367 3673
17 12 193 1932
17 13 653 6532
17 14 238 2382
17 15 521 5214
17 16 482 4825
17 18 653 6528
17 19 548 5476
17 20 254 2540
17 21 648 6477
17 22 441 4410
17 23 723 7231
17 24 642 6417
17 25 361 3608
17 26 406 4065
17 27 160 1603
17 28 644 6444
17 29 547 5472
17 30 384 3843
18 1 638 6383
18 2 504 5045
18 3 483 4834
18 4 342 3420
18 5 298 2976
18 6 657 6570
18 7 959 9595
18 8 979 9792
18 9 601 6006
18 10 821 8212
18 11 339 3394
18 12 832 8322
18 13 525 5254
18 14 891 8910
18 15 459 4590
18 16 198 1979
18 17 653 6528
18 19 108 1080
18 20 890 8901
18 21 216 2158
18 22 324 3244
18 23 420 4202
18 24 453 4532
18 25 944 9437
18 26 709 7091
18 27 493 4930
18 28 298 2984
18 29 676 6756
18 30 481 4807
19 1 555 5553
19 2 402 4025
19 3 392 3918
19 4 348 3482
19 5 307 3074
19 6 557 5566
19 7 857 8574
19 8 875 8747
19 9 512 5120
19 10 740 7398
19 11 259 2590
19 12 730 7299
19 13 471 4708
19 14 786 7858
19 15 424 4236
19 16 97 967
19 17 548 5476
19 18 108 1080
19 20 789 7885
19 21 200 2004
19 22 267 2667
19 23 396 3960
19 24 447 4474
19 25 836 8359
19 26 611 6107
19 27 389 3886
19 28 312 3120
19 29 593 5926
19 30 416 4156
20 1 344 3439
20 2 564 5644
20 3 663 6633
20 4 811 8107
20 5 817 8167
20 6 556 5555
20 7 585 5854
20 8 121 1205
20 9 334 3340
20 10 303 3026
20 11 573 5733
20 12 61 609
20 13 893 8927
20 14 101 1009
20 15 657 6572
20 16 731 7314
20 17 254 2540
20 18 890 8901
20 19 789 7885
20 21 901 9008
20 22 632 6324
20 23 974 9739
20 24 782 7818
20 25 361 3608
20 26 588 5880
20 27 402 4021
20 28 828 8277
20 29 752 7525
20 30 524 5236
21 1 721 7209
21 2 402 4018
21 3 343 3432
21 4 541 5414
21 5 499 4986
21 6 535 5351
21 7 835 8348
21 8 969 9690
21 9 669 6692
21 10 904 9040
21 11 440 4401
21 12 840 8401
21 13 319 3186
21 14 877 8774
21 15 623 6234
21 16 186 1860
21 17 648 6477
21 18 216 2158
21 19 200 2004
21 20 901 9008
21 22 463 4626
21 23 205 2049
21 24 645 6454
21 25 869 8690
21 26 576 5760
21 27 504 5042
21 28 502 5015
21 29 502 5018
21 30 604 6039
22 1 329 3294
22 2 478 4777
22 3 521 5210
22 4 201 2014
22 5 192 1924
22 6 620 6197
22 7 885 8855
22 8 739 7394
22 9 307 3069
22 10 506 5059
22 11 81 813
22 12 582 5819
22 13 679 6793
22 14 661 6613
22 15 169 1688
22 16 294 2940
22 17 441 4410
22 18 324 3244
22 19 267 2667
22 20 632 6324
22 21 463 4626
22 23 643 6432
22 24 241 2414
22 25 792 7917
22 26 681 6810
22 27 299 2992
22 28 203 2034
22 29 728 7283
22 30 157 1567
23 1 857 8572
23 2 417 4168
23 3 325 3245
23 4 743 7428
23 5 701 7008
23 6 503 5029
23 7 774 7736
23 8 1021 10207
23 9 799 7989
23 10 1033 10332
23 11 605 6051
23 12 914 9138
23 13 164 1636
23 14 930 9304
23 15 810 8098
23 16 349 3495
23 17 723 7231
23 18 420 4202
23 19 396 3960
23 20 974 9739
23 21 205 2049
23 22 643 6432
23 24 843 8433
23 25 863 8629
23 26 524 5240
23 27 607 6072
23 28 704 7043
23 29 396 3962
23 30 770 7702
24 1 439 4394
24 2 719 7191
24 3 760 7602
24 4 115 1149
24 5 159 1587
24 6 860 8598
24 7 1117 11170
24 8 899 8991
24 9 452 4516
24 10 568 5679
24 11 319 3193
24 12 742 7424
24 13 903 9029
24 14 834 8337
24 15 125 1248
24 16 507 5072
24 17 642 6417
24 18 453 4532
24 19 447 4474
24 20 782 7818
24 21 645 6454
24 22 241 2414
24 23 843 8433
24 25 1002 10020
24 26 921 9211
24 27 522 5225
24 28 161 1611
24 29 969 9685
24 30 262 2625
25 1 616 6161
25 2 468 4676
25 3 543 5431
25 4 992 9924
25 5 983 9827
25 6 361 3613
25 7 236 2360
25 8 294 2941
25 9 573 5733
25 10 647 6469
25 11 713 7132
25 12 345 3446
25 13 734 7337
25 14 260 2598
25 15 882 8822
25 16 750 7497
25 17 361 3608
25 18 944 9437
25 19 836 8359
25 20 361 3608
25 21 869 8690
25 22 792 7917
25 23 863 8629
25 24 1002 10020
25 26 355 3554
25 27 493 4934
25 28 994 9935
25 29 527 5266
25 30 745 7449
26 1 667 6675
26 2 212 2123
26 3 233 2334
26 4 872 8716
26 5 847 8472
26 6 61 614
26 7 259 2589
26 8 585 5846
26 9 606 6055
26 10 784 7836
26 11 602 6018
26 12 540 5395
26 13 382 3824
26 14 508 5082
26 15 824 8236
26 16 514 5142
26 17 406 4065
26 18 709 7091
26 19 611 6107
26 20 588 5880
26 21 576 5760
26 22 681 6810
26 23 524 5240
26 24 921 9211
26 25 355 3554
26 27 422 4222
26 28 856 8564
26 29 174 1743
26 30 709 7087
27 1 270 2698
27 2 261 2610
27 3 347 3467
27 4 501 5005
27 5 489 4894
27 6 362 3625
27 7 595 5950
27 8 486 4862
27 9 206 2061
27 10 431 4309
27 11 220 2198
27 12 343 3425
27 13 567 5674
27 14 398 3982
27 15 412 4123
27 16 330 3296
27 17 160 1603
27 18 493 4930
27 19 389 3886
27 20 402 4021
27 21 504 5042
27 22 299 2992
27 23 607 6072
27 24 522 5225
27 25 493 4934
27 26 422 4222
27 28 500 5001
27 29 520 5202
27 30 288 2882
28 1 504 5038
28 2 646 6458
28 3 668 6682
28 4 46 462
28 5 11 111
28 6 796 7963
28 7 1076 10759
28 8 938 9380
28 9 495 4954
28 10 662 6622
28 11 280 2803
28 12 780 7798
28 13 781 7812
28 14 862 8623
28 15 217 2166
28 16 388 3883
28 17 644 6444
28 18 298 2984
28 19 312 3120
28 20 828 8277
28 21 502 5015
28 22 203 2034
28 23 704 7043
28 24 161 1611
28 25 994 9935
28 26 856 8564
28 27 500 5001
28 29 877 8772
28 30 314 3138
29 1 785 7849
29 2 262 2624
29 3 209 2094
29 4 901 9007
29 5 869 8694
29 6 197 1970
29 7 387 3867
29 8 757 7568
29 9 721 7210
29 10 921 9213
29 11 656 6562
29 12 701 7007
29 13 237 2370
29 14 678 6778
29 15 887 8868
29 16 499 4990
29 17 547 5472
29 18 676 6756
29 19 593 5926
29 20 752 7525
29 21 502 5018
29 22 728 7283
29 23 396 3962
29 24 969 9685
29 25 527 5266
29 26 174 1743
29 27 520 5202
29 28 877 8772
29 30 790 7895
30 1 190 1901
30 2 528 5277
30 3 594 5935
30 4 290 2903
30 5 303 3034
30 6 648 6481
30 7 878 8775
30 8 639 6390
30 9 190 1904
30 10 355 3546
30 11 165 1655
30 12 481 4814
30 13 783 7826
30 14 572 5716
30 15 139 1387
30 16 424 4240
30 17 384 3843
30 18 481 4807
30 19 416 4156
30 20 524 5236
30 21 604 6039
30 22 157 1567
30 23 770 7702
30 24 262 2625
30 25 745 7449
30 26 709 7087
30 27 288 2882
30 28 314 3138
30 29 790 7895
