40
584
737
16
2
14
21
5
22
18
20
29
39
1
23
16
37
4
9
7
34
1
22
7
13
9
24
19
25
23
37
33
32
28
4
14
29
17
38
6
26
11
27
35
34
20
39
8
12
3
36
30
31
16
21
1 2 404 4040
1 3 379 3790
1 4 398 3984
1 5 211 2110
1 6 300 2996
1 7 762 7623
1 8 771 7714
1 9 84 840
1 10 549 5486
1 11 291 2912
1 12 526 5264
1 13 227 2267
1 14 509 5095
1 15 593 5928
1 16 807 8069
1 17 232 2324
1 18 916 9158
1 19 749 7491
1 20 345 3450
1 21 829 8288
1 22 913 9131
1 23 283 2835
1 24 594 5936
1 25 483 4835
1 26 389 3894
1 27 704 7035
1 28 887 8870
1 29 841 8415
1 30 522 5223
1 31 89 892
1 32 87 869
1 33 138 1384
1 34 703 7026
1 35 275 2747
1 36 400 4004
1 37 408 4084
1 38 226 2256
1 39 249 2489
1 40 777 7774
2 1 404 4040
2 3 550 5504
2 4 792 7918
2 5 581 5810
2 6 337 3366
2 7 1057 10571
2 8 776 7763
2 9 337 3368
2 10 399 3992
2 11 695 6952
2 12 884 8839
2 13 370 3701
2 14 821 8208
2 15 742 7416
2 16 939 9390
2 17 354 3537
2 18 890 8899
2 19 880 8798
2 20 448 4477
2 21 940 9405
2 22 1158 11583
2 23 605 6049
2 24 807 8073
2 25 817 8166
2 26 297 2973
2 27 736 7364
2 28 1144 11440
2 29 919 9195
2 30 803 8032
2 31 316 3164
2 32 414 4137
2 33 467 4666
2 34 853 8529
2 35 674 6742
2 36 695 6948
2 37 100 1000
2 38 313 3126
2 39 362 3616
2 40 762 7619
3 1 379 3790
3 2 550 5504
3 4 635 6350
3 5 542 5418
3 6 215 2150
3 7 519 5191
3 8 413 4131
3 9 430 4298
3 10 373 3729
3 11 486 4864
3 12 432 4318
3 13 196 1961
3 14 316 3164
3 15 218 2177
3 16 433 4327
3 17 207 2074
3 18 561 5605
3 19 373 3735
3 20 108 1082
3 21 451 4512
3 22 608 6080
3 23 209 2093
3 24 257 2574
3 25 340 3402
3 26 296 2961
3 27 339 3393
3 28 594 5940
3 29 463 4626
3 30 274 2740
3 31 373 3735
3 32 292 2921
3 33 513 5126
3 34 331 3313
3 35 520 5197
3 36 204 2043
3 37 481 4807
3 38 248 2481
3 39 195 1947
3 40 428 4279
4 1 398 3984
4 2 792 7918
4 3 635 6350
4 5 217 2169
4 6 664 6645
4 7 740 7395
4 8 1044 10443
4 9 455 4552
4 10 920 9200
4 11 149 1486
4 12 445 4448
4 13 579 5790
4 14 536 5361
4 15 793 7927
4 16 976 9759
4 17 592 5922
4 18 1191 11910
4 19 930 9298
4 20 662 6623
4 21 1013 10126
4 22 937 9367
4 23 432 4316
4 24 728 7277
4 25 479 4795
4 26 769 7689
4 27 969 9686
4 28 898 8982
4 29 1052 10517
4 30 594 5937
4 31 487 4868
4 32 434 4339
4 33 334 3336
4 34 875 8747
4 35 128 1275
4 36 509 5095
4 37 806 8062
4 38 602 6023
4 39 604 6043
4 40 1062 10619
5 1 211 2110
5 2 581 5810
5 3 542 5418
5 4 217 2169
5 6 507 5068
5 7 802 8023
5 8 952 9519
5 9 248 2483
5 10 759 7588
5 11 184 1843
5 12 522 5218
5 13 428 4278
5 14 561 5613
5 15 737 7374
5 16 943 9427
5 17 437 4366
5 18 1099 10988
5 19 889 8890
5 20 535 5352
5 21 972 9718
5 22 981 9811
5 23 377 3767
5 24 706 7061
5 25 516 5165
5 26 600 6002
5 27 880 8799
5 28 948 9481
5 29 997 9966
5 30 599 5988
5 31 291 2913
5 32 275 2752
5 33 117 1169
5 34 837 8373
5 35 129 1293
5 36 487 4868
5 37 605 6049
5 38 435 4350
5 39 452 4519
5 40 962 9625
6 1 300 2996
6 2 337 3366
6 3 215 2150
6 4 664 6645
6 5 507 5068
6 7 730 7304
6 8 503 5027
6 9 308 3080
6 10 256 2557
6 11 528 5278
6 12 599 5989
6 13 86 862
6 14 509 5088
6 15 409 4086
6 16 614 6139
6 17 72 724
6 18 639 6394
6 19 554 5538
6 20 111 1112
6 21 622 6215
6 22 822 8221
6 23 324 3242
6 24 471 4710
6 25 518 5176
6 26 111 1105
6 27 445 4450
6 28 809 8088
6 29 613 6126
6 30 480 4795
6 31 245 2450
6 32 234 2343
6 33 434 4339
6 34 522 5219
6 35 537 5374
6 36 384 3842
6 37 266 2662
6 38 77 767
6 39 61 613
6 40 501 5009
7 1 762 7623
7 2 1057 10571
7 3 519 5191
7 4 740 7395
7 5 802 8023
7 6 730 7304
7 8 669 6692
7 9 842 8419
7 10 864 8644
7 11 637 6369
7 12 295 2948
7 13 687 6871
7 14 253 2529
7 15 418 4181
7 16 426 4259
7 17 703 7033
7 18 771 7709
7 19 424 4239
7 20 627 6273
7 21 474 4737
7 22 204 2038
7 23 481 4806
7 24 295 2954
7 25 287 2871
7 26 815 8146
7 27 611 6105
7 28 162 1620
7 29 546 5463
7 30 254 2541
7 31 808 8076
7 32 695 6949
7 33 848 8481
7 34 385 3851
7 35 698 6981
7 36 370 3696
7 37 996 9964
7 38 745 7446
7 39 696 6960
7 40 706 7061
8 1 771 7714
8 2 776 7763
8 3 413 4131
8 4 1044 10443
8 5 952 9519
8 6 503 5027
8 7 669 6692
8 9 802 8021
8 10 395 3945
8 11 896 8958
8 12 752 7515
8 13 550 5502
8 14 609 6090
8 15 283 2832
8 16 282 2817
8 17 550 5501
8 18 147 1474
8 19 254 2542
8 20 427 4270
8 21 249 2488
8 22 622 6222
8 23 613 6129
8 24 403 4027
8 25 660 6598
8 26 485 4846
8 27 76 763
8 28 637 6372
8 29 186 1862
8 30 538 5383
8 31 740 7395
8 32 688 6877
8 33 910 9095
8 34 284 2843
8 35 932 9321
8 36 557 5574
8 37 678 6785
8 38 575 5754
8 39 533 5326
8 40 39 390
9 1 84 840
9 2 337 3368
9 3 430 4298
9 4 455 4552
9 5 248 2483
9 6 308 3080
9 7 842 8419
9 8 802 8021
9 10 540 5398
9 11 364 3636
9 12 610 6102
9 13 252 2524
9 14 589 5893
9 15 647 6471
9 16 862 8622
9 17 252 2521
9 18 943 9432
9 19 803 8032
9 20 377 3769
9 21 881 8807
9 22 987 9874
9 23 361 3615
9 24 660 6597
9 25 566 5655
9 26 379 3795
9 27 738 7382
9 28 963 9626
9 29 887 8875
9 30 598 5982
9 31 63 632
9 32 150 1504
9 33 143 1426
9 34 760 7595
9 35 338 3380
9 36 476 4765
9 37 357 3567
9 38 231 2314
9 39 270 2696
9 40 804 8042
10 1 549 5486
10 2 399 3992
10 3 373 3729
10 4 920 9200
10 5 759 7588
10 6 256 2557
10 7 864 8644
10 8 395 3945
10 9 540 5398
10 11 782 7817
10 12 804 8037
10 13 341 3410
10 14 688 6878
10 15 463 4632
10 16 613 6129
10 17 328 3281
10 18 494 4940
10 19 560 5602
10 20 284 2844
10 21 601 6006
10 22 902 9019
10 23 552 5519
10 24 572 5720
10 25 713 7130
10 26 161 1606
10 27 373 3729
10 28 901 9007
10 29 561 5614
10 30 638 6384
10 31 480 4803
10 32 490 4895
10 33 677 6766
10 34 552 5524
10 35 793 7930
10 36 577 5765
10 37 299 2992
10 38 324 3239
10 39 316 3158
10 40 373 3735
11 1 291 2912
11 2 695 6952
11 3 486 4864
11 4 149 1486
11 5 184 1843
11 6 528 5278
11 7 637 6369
11 8 896 8958
11 9 364 3636
11 10 782 7817
11 12 347 3471
11 13 442 4416
11 14 411 4113
11 15 647 6472
11 16 836 8357
11 17 456 4561
11 18 1043 10426
11 19 788 7877
11 20 517 5171
11 21 871 8708
11 22 826 8255
11 23 284 2835
11 24 589 5890
11 25 359 3590
11 26 635 6352
11 27 820 8202
11 28 790 7896
11 29 907 9073
11 30 462 4618
11 31 380 3798
11 32 305 3055
11 33 277 2769
11 34 733 7330
11 35 62 617
11 36 368 3677
11 37 695 6955
11 38 471 4712
11 39 467 4668
11 40 913 9133
12 1 526 5264
12 2 884 8839
12 3 432 4318
12 4 445 4448
12 5 522 5218
12 6 599 5989
12 7 295 2948
12 8 752 7515
12 9 610 6102
12 10 804 8037
12 11 347 3471
12 13 529 5295
12 14 143 1429
12 15 469 4685
12 16 594 5939
12 17 548 5476
12 18 885 8847
12 19 563 5626
12 20 524 5235
12 21 638 6381
12 22 493 4928
12 23 281 2808
12 24 359 3592
12 25 95 947
12 26 704 7037
12 27 678 6780
12 28 454 4537
12 29 695 6950
12 30 215 2145
12 31 592 5915
12 32 479 4791
12 33 585 5847
12 34 508 5084
12 35 409 4089
12 36 227 2275
12 37 846 8458
12 38 583 5833
12 39 547 5471
12 40 781 7808
13 1 227 2267
13 2 370 3701
13 3 196 1961
13 4 579 5790
13 5 428 4278
13 6 86 862
13 7 687 6871
13 8 550 5502
13 9 252 2524
13 10 341 3410
13 11 442 4416
13 12 529 5295
13 14 452 4525
13 15 410 4104
13 16 624 6236
13 17 18 181
13 18 692 6925
13 19 564 5637
13 20 125 1246
13 21 638 6376
13 22 797 7972
13 23 250 2498
13 24 450 4499
13 25 454 4536
13 26 195 1954
13 27 486 4857
13 28 780 7798
13 29 639 6387
13 30 433 4331
13 31 191 1906
13 32 153 1528
13 33 365 3645
13 34 525 5249
13 35 452 4521
13 36 326 3263
13 37 318 3181
13 38 57 575
13 39 25 253
13 40 554 5536
14 1 509 5095
14 2 821 8208
14 3 316 3164
14 4 536 5361
14 5 561 5613
14 6 509 5088
14 7 253 2529
14 8 609 6090
14 9 589 5893
14 10 688 6878
14 11 411 4113
14 12 143 1429
14 13 452 4525
14 15 326 3258
14 16 459 4588
14 17 470 4698
14 18 742 7418
14 19 424 4235
14 20 418 4184
14 21 501 5013
14 22 420 4198
14 23 229 2287
14 24 218 2178
14 25 59 593
14 26 606 6057
14 27 536 5358
14 28 388 3876
14 29 555 5551
14 30 72 718
14 31 557 5569
14 32 443 4434
14 33 598 5980
14 34 369 3685
14 35 470 4697
14 36 126 1262
14 37 769 7693
14 38 510 5095
14 39 465 4653
14 40 639 6387
15 1 593 5928
15 2 742 7416
15 3 218 2177
15 4 793 7927
15 5 737 7374
15 6 409 4086
15 7 418 4181
15 8 283 2832
15 9 647 6471
15 10 463 4632
15 11 647 6472
15 12 469 4685
15 13 410 4104
15 14 326 3258
15 16 215 2151
15 17 419 4194
15 18 418 4179
15 19 156 1564
15 20 299 2989
15 21 237 2365
15 22 440 4396
15 23 368 3676
15 24 127 1267
15 25 378 3776
15 26 456 4561
15 27 211 2111
15 28 438 4376
15 29 261 2609
15 30 255 2551
15 31 591 5911
15 32 506 5061
15 33 722 7225
15 34 115 1146
15 35 692 6920
15 36 287 2870
15 37 660 6596
15 38 458 4579
15 39 405 4047
15 40 314 3139
16 1 807 8069
16 2 939 9390
16 3 433 4327
16 4 976 9759
16 5 943 9427
16 6 614 6139
16 7 426 4259
16 8 282 2817
16 9 862 8622
16 10 613 6129
16 11 836 8357
16 12 594 5939
16 13 624 6236
16 14 459 4588
16 15 215 2151
16 17 632 6317
16 18 352 3516
16 19 60 602
16 20 508 5076
16 21 48 479
16 22 343 3431
16 23 567 5670
16 24 248 2485
16 25 518 5177
16 26 645 6447
16 27 254 2538
16 28 362 3624
16 29 122 1215
16 30 390 3904
16 31 806 8061
16 32 720 7205
16 33 935 9347
16 34 105 1055
16 35 886 8856
16 36 468 4681
16 37 851 8509
16 38 669 6688
16 39 616 6163
16 40 321 3206
17 1 232 2324
17 2 354 3537
17 3 207 2074
17 4 592 5922
17 5 437 4366
17 6 72 724
17 7 703 7033
17 8 550 5501
17 9 252 2521
17 10 328 3281
17 11 456 4561
17 12 548 5476
17 13 18 181
17 14 470 4698
17 15 419 4194
17 16 632 6317
17 18 691 6912
17 19 572 5716
17 20 128 1279
17 21 644 6444
17 22 811 8112
17 23 268 2679
17 24 463 4628
17 25 472 4715
17 26 180 1796
17 27 487 4871
17 28 794 7943
17 29 644 6436
17 30 449 4495
17 31 189 1894
17 32 163 1627
17 33 369 3692
17 34 534 5340
17 35 465 4650
17 36 344 3436
17 37 300 3003
17 38 42 417
17 39 17 174
17 40 552 5522
18 1 916 9158
18 2 890 8899
18 3 561 5605
18 4 1191 11910
18 5 1099 10988
18 6 639 6394
18 7 771 7709
18 8 147 1474
18 9 943 9432
18 10 494 4940
18 11 1043 10426
18 12 885 8847
18 13 692 6925
18 14 742 7418
18 15 418 4179
18 16 352 3516
18 17 691 6912
18 19 347 3473
18 20 571 5708
18 21 307 3067
18 22 690 6901
18 23 759 7595
18 24 528 5283
18 25 795 7951
18 26 608 6082
18 27 222 2224
18 28 713 7127
18 29 231 2310
18 30 670 6702
18 31 880 8802
18 32 833 8330
18 33 1054 10542
18 34 392 3915
18 35 1079 10794
18 36 700 6995
18 37 790 7903
18 38 714 7140
18 39 674 6738
18 40 139 1390
19 1 749 7491
19 2 880 8798
19 3 373 3735
19 4 930 9298
19 5 889 8890
19 6 554 5538
19 7 424 4239
19 8 254 2542
19 9 803 8032
19 10 560 5602
19 11 788 7877
19 12 563 5626
19 13 564 5637
19 14 424 4235
19 15 156 1564
19 16 60 602
19 17 572 5716
19 18 347 3473
19 20 447 4474
19 21 83 833
19 22 370 3701
19 23 515 5148
19 24 207 2073
19 25 482 4816
19 26 586 5862
19 27 213 2128
19 28 383 3833
19 29 133 1327
19 30 353 3531
19 31 747 7467
19 32 662 6625
19 33 878 8780
19 34 56 557
19 35 836 8360
19 36 420 4205
19 37 792 7923
19 38 609 6087
19 39 556 5562
19 40 293 2929
20 1 345 3450
20 2 448 4477
20 3 108 1082
20 4 662 6623
20 5 535 5352
20 6 111 1112
20 7 627 6273
20 8 427 4270
20 9 377 3769
20 10 284 2844
20 11 517 5171
20 12 524 5235
20 13 125 1246
20 14 418 4184
20 15 299 2989
20 16 508 5076
20 17 128 1279
20 18 571 5708
20 19 447 4474
20 21 518 5182
20 22 712 7118
20 23 268 2682
20 24 361 3607
20 25 436 4358
20 26 189 1887
20 27 361 3614
20 28 699 6995
20 29 516 5157
20 30 381 3807
20 31 315 3152
20 32 263 2633
20 33 483 4834
20 34 413 4129
20 35 539 5392
20 36 299 2990
20 37 374 3740
20 38 162 1619
20 39 111 1112
20 40 432 4323
21 1 829 8288
21 2 940 9405
21 3 451 4512
21 4 1013 10126
21 5 972 9718
21 6 622 6215
21 7 474 4737
21 8 249 2488
21 9 881 8807
21 10 601 6006
21 11 871 8708
21 12 638 6381
21 13 638 6376
21 14 501 5013
21 15 237 2365
21 16 48 479
21 17 644 6444
21 18 307 3067
21 19 83 833
21 20 518 5182
21 22 384 3844
21 23 598 5979
21 24 288 2876
21 25 560 5599
21 26 644 6442
21 27 232 2321
21 28 406 4060
21 29 76 757
21 30 432 4319
21 31 823 8232
21 32 742 7420
21 33 959 9590
21 34 138 1379
21 35 919 9193
21 36 503 5034
21 37 850 8500
21 38 680 6802
21 39 629 6285
21 40 287 2871
22 1 913 9131
22 2 1158 11583
22 3 608 6080
22 4 937 9367
22 5 981 9811
22 6 822 8221
22 7 204 2038
22 8 622 6222
22 9 987 9874
22 10 902 9019
22 11 826 8255
22 12 493 4928
22 13 797 7972
22 14 420 4198
22 15 440 4396
22 16 343 3431
22 17 811 8112
22 18 690 6901
22 19 370 3701
22 20 712 7118
22 21 384 3844
22 23 631 6309
22 24 351 3512
22 25 467 4671
22 26 888 8877
22 27 582 5821
22 28 43 434
22 29 460 4597
22 30 391 3915
22 31 945 9449
22 32 837 8371
22 33 1014 10137
22 34 357 3567
22 35 886 8857
22 36 513 5130
22 37 1085 10852
22 38 853 8528
22 39 800 8004
22 40 661 6611
23 1 283 2835
23 2 605 6049
23 3 209 2093
23 4 432 4316
23 5 377 3767
23 6 324 3242
23 7 481 4806
23 8 613 6129
23 9 361 3615
23 10 552 5519
23 11 284 2835
23 12 281 2808
23 13 250 2498
23 14 229 2287
23 15 368 3676
23 16 567 5670
23 17 268 2679
23 18 759 7595
23 19 515 5148
23 20 268 2682
23 21 598 5979
23 22 631 6309
23 24 330 3299
23 25 213 2132
23 26 433 4327
23 27 537 5371
23 28 604 6038
23 29 628 6285
23 30 239 2395
23 31 328 3283
23 32 215 2147
23 33 386 3863
23 34 462 4620
23 35 325 3248
23 36 118 1181
23 37 565 5650
23 38 303 3027
23 39 269 2689
23 40 632 6316
24 1 594 5936
24 2 807 8073
24 3 257 2574
24 4 728 7277
24 5 706 7061
24 6 471 4710
24 7 295 2954
24 8 403 4027
24 9 660 6597
24 10 572 5720
24 11 589 5890
24 12 359 3592
24 13 450 4499
24 14 218 2178
24 15 127 1267
24 16 248 2485
24 17 463 4628
24 18 528 5283
24 19 207 2073
24 20 361 3607
24 21 288 2876
24 22 351 3512
24 23 330 3299
24 25 275 2749
24 26 539 5392
24 27 334 3341
24 28 340 3397
24 29 338 3377
24 30 146 1464
24 31 611 6107
24 32 511 5107
24 33 711 7114
24 34 152 1517
24 35 641 6406
24 36 222 2224
24 37 734 7343
24 38 504 5041
24 39 451 4512
24 40 436 4358
25 1 483 4835
25 2 817 8166
25 3 340 3402
25 4 479 4795
25 5 516 5165
25 6 518 5176
25 7 287 2871
25 8 660 6598
25 9 566 5655
25 10 713 7130
25 11 359 3590
25 12 95 947
25 13 454 4536
25 14 59 593
25 15 378 3776
25 16 518 5177
25 17 472 4715
25 18 795 7951
25 19 482 4816
25 20 436 4358
25 21 560 5599
25 22 467 4671
25 23 213 2132
25 24 275 2749
25 26 619 6194
25 27 586 5856
25 28 432 4325
25 29 613 6126
25 30 129 1285
25 31 539 5386
25 32 425 4246
25 33 562 5616
25 34 426 4263
25 35 419 4187
25 36 137 1369
25 37 772 7717
25 38 509 5094
25 39 469 4692
25 40 688 6883
26 1 389 3894
26 2 297 2973
26 3 296 2961
26 4 769 7689
26 5 600 6002
26 6 111 1105
26 7 815 8146
26 8 485 4846
26 9 379 3795
26 10 161 1606
26 11 635 6352
26 12 704 7037
26 13 195 1954
26 14 606 6057
26 15 456 4561
26 16 645 6447
26 17 180 1796
26 18 608 6082
26 19 586 5862
26 20 189 1887
26 21 644 6442
26 22 888 8877
26 23 433 4327
26 24 539 5392
26 25 619 6194
26 27 440 4403
26 28 879 8788
26 29 622 6223
26 30 569 5694
26 31 320 3197
26 32 335 3354
26 33 516 5161
26 34 563 5633
26 35 641 6414
26 36 484 4838
26 37 206 2062
26 38 167 1671
26 39 171 1711
26 40 474 4743
27 1 704 7035
27 2 736 7364
27 3 339 3393
27 4 969 9686
27 5 880 8799
27 6 445 4450
27 7 611 6105
27 8 76 763
27 9 738 7382
27 10 373 3729
27 11 820 8202
27 12 678 6780
27 13 486 4857
27 14 536 5358
27 15 211 2111
27 16 254 2538
27 17 487 4871
27 18 222 2224
27 19 213 2128
27 20 361 3614
27 21 232 2321
27 22 582 5821
27 23 537 5371
27 24 334 3341
27 25 586 5856
27 26 440 4403
27 28 593 5928
27 29 189 1886
27 30 466 4658
27 31 676 6761
27 32 619 6188
27 33 841 8411
27 34 231 2308
27 35 857 8572
27 36 481 4813
27 37 641 6410
27 38 515 5152
27 39 470 4698
27 40 103 1029
28 1 887 8870
28 2 1144 11440
28 3 594 5940
28 4 898 8982
28 5 948 9481
28 6 809 8088
28 7 162 1620
28 8 637 6372
28 9 963 9626
28 10 901 9007
28 11 790 7896
28 12 454 4537
28 13 780 7798
28 14 388 3876
28 15 438 4376
28 16 362 3624
28 17 794 7943
28 18 713 7127
28 19 383 3833
28 20 699 6995
28 21 406 4060
28 22 43 434
28 23 604 6038
28 24 340 3397
28 25 432 4325
28 26 879 8788
28 27 593 5928
28 29 482 4817
28 30 365 3647
28 31 922 9219
28 32 813 8127
28 33 984 9842
28 34 364 3638
28 35 850 8502
28 36 487 4866
28 37 1073 10735
28 38 836 8360
28 39 784 7842
28 40 676 6760
29 1 841 8415
29 2 919 9195
29 3 463 4626
29 4 1052 10517
29 5 997 9966
29 6 613 6126
29 7 546 5463
29 8 186 1862
29 9 887 8875
29 10 561 5614
29 11 907 9073
29 12 695 6950
29 13 639 6387
29 14 555 5551
29 15 261 2609
29 16 122 1215
29 17 644 6436
29 18 231 2310
29 19 133 1327
29 20 516 5157
29 21 76 757
29 22 460 4597
29 23 628 6285
29 24 338 3377
29 25 613 6126
29 26 622 6223
29 27 189 1886
29 28 482 4817
29 30 484 4841
29 31 828 8278
29 32 755 7546
29 33 975 9751
29 34 187 1867
29 35 953 9528
29 36 543 5430
29 37 826 8258
29 38 677 6766
29 39 627 6269
29 40 223 2226
30 1 522 5223
30 2 803 8032
30 3 274 2740
30 4 594 5937
30 5 599 5988
30 6 480 4795
30 7 254 2541
30 8 538 5383
30 9 598 5982
30 10 638 6384
30 11 462 4618
30 12 215 2145
30 13 433 4331
30 14 72 718
30 15 255 2551
30 16 390 3904
30 17 449 4495
30 18 670 6702
30 19 353 3531
30 20 381 3807
30 21 432 4319
30 22 391 3915
30 23 239 2395
30 24 146 1464
30 25 129 1285
30 26 569 5694
30 27 466 4658
30 28 365 3647
30 29 484 4841
30 31 559 5593
30 32 449 4486
30 33 623 6233
30 34 298 2978
30 35 518 5176
30 36 122 1219
30 37 744 7444
30 38 491 4906
30 39 443 4425
30 40 569 5687
31 1 89 892
31 2 316 3164
31 3 373 3735
31 4 487 4868
31 5 291 2913
31 6 245 2450
31 7 808 8076
31 8 740 7395
31 9 63 632
31 10 480 4803
31 11 380 3798
31 12 592 5915
31 13 191 1906
31 14 557 5569
31 15 591 5911
31 16 806 8061
31 17 189 1894
31 18 880 8802
31 19 747 7467
31 20 315 3152
31 21 823 8232
31 22 945 9449
31 23 328 3283
31 24 611 6107
31 25 539 5386
31 26 320 3197
31 27 676 6761
31 28 922 9219
31 29 828 8278
31 30 559 5593
31 32 114 1140
31 33 197 1968
31 34 704 7044
31 35 364 3638
31 36 439 4388
31 37 320 3195
31 38 168 1683
31 39 207 2069
31 40 741 7412
32 1 87 869
32 2 414 4137
32 3 292 2921
32 4 434 4339
32 5 275 2752
32 6 234 2343
32 7 695 6949
32 8 688 6877
32 9 150 1504
32 10 490 4895
32 11 305 3055
32 12 479 4791
32 13 153 1528
32 14 443 4434
32 15 506 5061
32 16 720 7205
32 17 163 1627
32 18 833 8330
32 19 662 6625
32 20 263 2633
32 21 742 7420
32 22 837 8371
32 23 215 2147
32 24 511 5107
32 25 425 4246
32 26 335 3354
32 27 619 6188
32 28 813 8127
32 29 755 7546
32 30 449 4486
32 31 114 1140
32 33 222 2225
32 34 616 6164
32 35 306 3064
32 36 327 3273
32 37 397 3967
32 38 168 1685
32 39 177 1772
32 40 695 6950
33 1 138 1384
33 2 467 4666
33 3 513 5126
33 4 334 3336
33 5 117 1169
33 6 434 4339
33 7 848 8481
33 8 910 9095
33 9 143 1426
33 10 677 6766
33 11 277 2769
33 12 585 5847
33 13 365 3645
33 14 598 5980
33 15 722 7225
33 16 935 9347
33 17 369 3692
33 18 1054 10542
33 19 878 8780
33 20 483 4834
33 21 959 9590
33 22 1014 10137
33 23 386 3863
33 24 711 7114
33 25 562 5616
33 26 516 5161
33 27 841 8411
33 28 984 9842
33 29 975 9751
33 30 623 6233
33 31 197 1968
33 32 222 2225
33 34 830 8296
33 35 233 2334
33 36 504 5037
33 37 497 4968
33 38 358 3581
33 39 386 3860
33 40 916 9157
34 1 703 7026
34 2 853 8529
34 3 331 3313
34 4 875 8747
34 5 837 8373
34 6 522 5219
34 7 385 3851
34 8 284 2843
34 9 760 7595
34 10 552 5524
34 11 733 7330
34 12 508 5084
34 13 525 5249
34 14 369 3685
34 15 115 1146
34 16 105 1055
34 17 534 5340
34 18 392 3915
34 19 56 557
34 20 413 4129
34 21 138 1379
34 22 357 3567
34 23 462 4620
34 24 152 1517
34 25 426 4263
34 26 563 5633
34 27 231 2308
34 28 364 3638
34 29 187 1867
34 30 298 2978
34 31 704 7044
34 32 616 6164
34 33 830 8296
34 35 782 7820
34 36 366 3655
34 37 769 7685
34 38 572 5724
34 39 519 5192
34 40 322 3218
35 1 275 2747
35 2 674 6742
35 3 520 5197
35 4 128 1275
35 5 129 1293
35 6 537 5374
35 7 698 6981
35 8 932 9321
35 9 338 3380
35 10 793 7930
35 11 62 617
35 12 409 4089
35 13 452 4521
35 14 470 4697
35 15 692 6920
35 16 886 8856
35 17 465 4650
35 18 1079 10794
35 19 836 8360
35 20 539 5392
35 21 919 9193
35 22 886 8857
35 23 325 3248
35 24 641 6406
35 25 419 4187
35 26 641 6414
35 27 857 8572
35 28 850 8502
35 29 953 9528
35 30 518 5176
35 31 364 3638
35 32 306 3064
35 33 233 2334
35 34 782 7820
35 36 418 4182
35 37 683 6831
35 38 475 4748
35 39 477 4774
35 40 948 9477
36 1 400 4004
36 2 695 6948
36 3 204 2043
36 4 509 5095
36 5 487 4868
36 6 384 3842
36 7 370 3696
36 8 557 5574
36 9 476 4765
36 10 577 5765
36 11 368 3677
36 12 227 2275
36 13 326 3263
36 14 126 1262
36 15 287 2870
36 16 468 4681
36 17 344 3436
36 18 700 6995
36 19 420 4205
36 20 299 2990
36 21 503 5034
36 22 513 5130
36 23 118 1181
36 24 222 2224
36 25 137 1369
36 26 484 4838
36 27 481 4813
36 28 487 4866
36 29 543 5430
36 30 122 1219
36 31 439 4388
36 32 327 3273
36 33 504 5037
36 34 366 3655
36 35 418 4182
36 37 643 6433
36 38 383 3834
36 39 339 3393
36 40 582 5818
37 1 408 4084
37 2 100 1000
37 3 481 4807
37 4 806 8062
37 5 605 6049
37 6 266 2662
37 7 996 9964
37 8 678 6785
37 9 357 3567
37 10 299 2992
37 11 695 6955
37 12 846 8458
37 13 318 3181
37 14 769 7693
37 15 660 6596
37 16 851 8509
37 17 300 3003
37 18 790 7903
37 19 792 7923
37 20 374 3740
37 21 850 8500
37 22 1085 10852
37 23 565 5650
37 24 734 7343
37 25 772 7717
37 26 206 2062
37 27 641 6410
37 28 1073 10735
37 29 826 8258
37 30 744 7444
37 31 320 3195
37 32 397 3967
37 33 497 4968
37 34 769 7685
37 35 683 6831
37 36 643 6433
37 38 263 2627
37 39 304 3039
37 40 663 6632
38 1 226 2256
38 2 313 3126
38 3 248 2481
38 4 602 6023
38 5 435 4350
38 6 77 767
38 7 745 7446
38 8 575 5754
38 9 231 2314
38 10 324 3239
38 11 471 4712
38 12 583 5833
38 13 57 575
38 14 510 5095
38 15 458 4579
38 16 669 6688
38 17 42 417
38 18 714 7140
38 19 609 6087
38 20 162 1619
38 21 680 6802
38 22 853 8528
38 23 303 3027
38 24 504 5041
38 25 509 5094
38 26 167 1671
38 27 515 5152
38 28 836 8360
38 29 677 6766
38 30 491 4906
38 31 168 1683
38 32 168 1685
38 33 358 3581
38 34 572 5724
38 35 475 4748
38 36 383 3834
38 37 263 2627
38 39 54 535
38 40 575 5752
39 1 249 2489
39 2 362 3616
39 3 195 1947
39 4 604 6043
39 5 452 4519
39 6 61 613
39 7 696 6960
39 8 533 5326
39 9 270 2696
39 10 316 3158
39 11 467 4668
39 12 547 5471
39 13 25 253
39 14 465 4653
39 15 405 4047
39 16 616 6163
39 17 17 174
39 18 674 6738
39 19 556 5562
39 20 111 1112
39 21 629 6285
39 22 800 8004
39 23 269 2689
39 24 451 4512
39 25 469 4692
39 26 171 1711
39 27 470 4698
39 28 784 7842
39 29 627 6269
39 30 443 4425
39 31 207 2069
39 32 177 1772
39 33 386 3860
39 34 519 5192
39 35 477 4774
39 36 339 3393
39 37 304 3039
39 38 54 535
39 40 535 5348
40 1 777 7774
40 2 762 7619
40 3 428 4279
40 4 1062 10619
40 5 962 9625
40 6 501 5009
40 7 706 7061
40 8 39 390
40 9 804 8042
40 10 373 3735
40 11 913 9133
40 12 781 7808
40 13 554 5536
40 14 639 6387
40 15 314 3139
40 16 321 3206
40 17 552 5522
40 18 139 1390
40 19 293 2929
40 20 432 4323
40 21 287 2871
40 22 661 6611
40 23 632 6316
40 24 436 4358
40 25 688 6883
40 26 474 4743
40 27 103 1029
40 28 676 6760
40 29 223 2226
40 30 569 5687
40 31 741 7412
40 32 695 6950
40 33 916 9157
40 34 322 3218
40 35 948 9477
40 36 582 5818
40 37 663 6632
40 38 575 5752
40 39 535 5348
