40
84
38
16
19
15
6
4
2
14
32
12
22
1
28
18
24
27
36
5
30
40
31
18
4
28
33
8
13
27
37
32
22
6
23
25
5
17
38
2
3
12
26
20
7
14
16
39
15
24
35
1 2 591 5906
1 3 606 6062
1 4 598 5981
1 5 420 4201
1 6 696 6961
1 7 130 1296
1 8 39 392
1 9 418 4176
1 10 710 7103
1 11 109 1086
1 12 626 6259
1 13 607 6073
1 14 540 5395
1 15 329 3288
1 16 238 2381
1 17 607 6071
1 18 401 4005
1 19 631 6309
1 20 463 4628
1 21 418 4175
1 22 57 569
1 23 701 7007
1 24 921 9209
1 25 517 5175
1 26 73 733
1 27 822 8224
1 28 790 7900
1 29 53 526
1 30 278 2781
1 31 587 5874
1 32 499 4992
1 33 354 3536
1 34 159 1590
1 35 186 1864
1 36 737 7369
1 37 472 4724
1 38 233 2328
1 39 242 2417
1 40 810 8098
2 1 591 5906
2 3 904 9041
2 4 988 9878
2 5 964 9637
2 6 828 8282
2 7 585 5851
2 8 584 5844
2 9 550 5501
2 10 1124 11240
2 11 658 6581
2 12 1066 10664
2 13 734 7337
2 14 171 1711
2 15 625 6253
2 16 353 3526
2 17 943 9430
2 18 981 9806
2 19 587 5866
2 20 142 1419
2 21 1008 10080
2 22 607 6067
2 23 1178 11783
2 24 908 9082
2 25 547 5471
2 26 642 6424
2 27 778 7783
2 28 1186 11855
2 29 643 6430
2 30 845 8450
2 31 236 2365
2 32 371 3708
2 33 843 8429
2 34 691 6909
2 35 667 6673
2 36 667 6671
2 37 472 4720
2 38 727 7267
2 39 711 7113
2 40 879 8787
3 1 606 6062
3 2 904 9041
3 4 150 1500
3 5 883 8827
3 6 227 2267
3 7 484 4836
3 8 569 5693
3 9 354 3542
3 10 262 2624
3 11 511 5111
3 12 260 2604
3 13 238 2376
3 14 749 7494
3 15 310 3102
3 16 677 6772
3 17 61 608
3 18 567 5666
3 19 432 4320
3 20 852 8518
3 21 673 6728
3 22 550 5496
3 23 386 3864
3 24 480 4803
3 25 388 3877
3 26 547 5473
3 27 463 4627
3 28 298 2980
3 29 606 6062
3 30 751 7511
3 31 726 7263
3 32 556 5560
3 33 329 3294
3 34 467 4674
3 35 423 4225
3 36 465 4648
3 37 446 4461
3 38 808 8077
3 39 373 3734
3 40 338 3378
4 1 598 5981
4 2 988 9878
4 3 150 1500
4 5 806 8057
4 6 377 3765
4 7 492 4918
4 8 566 5657
4 9 452 4518
4 10 137 1367
4 11 492 4924
4 12 111 1107
4 13 381 3813
4 14 845 8448
4 15 365 3646
4 16 719 7191
4 17 90 902
4 18 462 4619
4 19 569 5693
4 20 917 9173
4 21 570 5705
4 22 542 5419
4 23 238 2382
4 24 626 6264
4 25 509 5087
4 26 530 5299
4 27 613 6127
4 28 202 2019
4 29 585 5851
4 30 687 6872
4 31 833 8327
4 32 663 6632
4 33 263 2630
4 34 443 4430
4 35 413 4132
4 36 611 6113
4 37 555 5551
4 38 770 7700
4 39 357 3567
4 40 484 4843
5 1 420 4201
5 2 964 9637
5 3 883 8827
5 4 806 8057
5 6 1040 10399
5 7 519 5191
5 8 449 4494
5 9 813 8132
5 10 864 8644
5 11 436 4362
5 12 773 7729
5 13 968 9679
5 14 947 9467
5 15 694 6937
5 16 631 6312
5 17 857 8569
5 18 365 3648
5 19 1033 10330
5 20 823 8234
5 21 270 2703
5 22 444 4444
5 23 779 7791
5 24 1290 12896
5 25 919 9188
5 26 418 4177
5 27 1208 12076
5 28 945 9449
5 29 375 3755
5 30 148 1477
5 31 1002 10017
5 32 919 9190
5 33 554 5543
5 34 455 4550
5 35 513 5129
5 36 1135 11346
5 37 884 8843
5 38 239 2386
5 39 537 5374
5 40 1162 11624
6 1 696 6961
6 2 828 8282
6 3 227 2267
6 4 377 3765
6 5 1040 10399
6 7 567 5666
6 8 657 6569
6 9 317 3174
6 10 476 4764
6 11 624 6236
6 12 486 4865
6 13 100 1005
6 14 660 6596
6 15 367 3674
6 16 689 6889
6 17 287 2865
6 18 761 7611
6 19 265 2654
6 20 811 8115
6 21 862 8618
6 22 645 6445
6 23 611 6106
6 24 262 2622
6 25 282 2819
6 26 654 6545
6 27 237 2372
6 28 491 4913
6 29 712 7123
6 30 898 8980
6 31 615 6151
6 32 458 4577
6 33 510 5104
6 34 591 5914
6 35 536 5360
6 36 259 2588
6 37 360 3596
6 38 921 9214
6 39 503 5032
6 40 124 1239
7 1 130 1296
7 2 585 5851
7 3 484 4836
7 4 492 4918
7 5 519 5191
7 6 567 5666
7 8 90 904
7 9 297 2969
7 10 613 6134
7 11 90 897
7 12 535 5353
7 13 479 4786
7 14 498 4979
7 15 199 1992
7 16 251 2505
7 17 490 4900
7 18 403 4027
7 19 515 5152
7 20 476 4762
7 21 451 4514
7 22 80 800
7 23 626 6258
7 24 794 7942
7 25 401 4009
7 26 101 1014
7 27 699 6993
7 28 690 6899
7 29 151 1515
7 30 372 3716
7 31 530 5304
7 32 413 4132
7 33 274 2741
7 34 107 1072
7 35 88 881
7 36 619 6187
7 37 366 3660
7 38 358 3581
7 39 143 1428
7 40 681 6809
8 1 39 392
8 2 584 5844
8 3 569 5693
8 4 566 5657
8 5 449 4494
8 6 657 6569
8 7 90 904
8 9 380 3800
8 10 681 6809
8 11 86 857
8 12 598 5981
8 13 568 5682
8 14 522 5225
8 15 290 2895
8 16 233 2329
8 17 572 5718
8 18 398 3983
8 19 595 5946
8 20 462 4615
8 21 425 4255
8 22 27 269
8 23 678 6775
8 24 882 8821
8 25 481 4809
8 26 59 591
8 27 784 7844
8 28 760 7597
8 29 74 741
8 30 305 3047
8 31 566 5662
8 32 470 4700
8 33 327 3273
8 34 134 1338
8 35 153 1526
8 36 700 7001
8 37 438 4381
8 38 271 2707
8 39 209 2091
8 40 771 7707
9 1 418 4176
9 2 550 5501
9 3 354 3542
9 4 452 4518
9 5 813 8132
9 6 317 3174
9 7 297 2969
9 8 380 3800
9 10 588 5879
9 11 377 3770
9 12 545 5449
9 13 217 2173
9 14 396 3963
9 15 140 1400
9 16 372 3718
9 17 396 3961
9 18 624 6244
9 19 220 2203
9 20 507 5075
9 21 703 7025
9 22 376 3760
9 23 668 6685
9 24 508 5082
9 25 107 1069
9 26 397 3974
9 27 405 4049
9 28 642 6421
9 29 448 4479
9 30 666 6655
9 31 381 3810
9 32 212 2123
9 33 396 3957
9 34 365 3649
9 35 308 3082
9 36 322 3220
9 37 109 1090
9 38 650 6504
9 39 308 3076
9 40 412 4121
10 1 710 7103
10 2 1124 11240
10 3 262 2624
10 4 137 1367
10 5 864 8644
10 6 476 4764
10 7 613 6134
10 8 681 6809
10 9 588 5879
10 11 602 6022
10 12 92 922
10 13 500 4999
10 14 981 9814
10 15 500 4998
10 16 849 8485
10 17 204 2040
10 18 503 5032
10 19 694 6938
10 20 1051 10513
10 21 609 6090
10 22 656 6556
10 23 151 1510
10 24 706 7062
10 25 641 6408
10 26 639 6392
10 27 713 7127
10 28 82 824
10 29 691 6909
10 30 761 7609
10 31 969 9686
10 32 799 7988
10 33 360 3596
10 34 552 5519
10 35 530 5303
10 36 725 7254
10 37 690 6902
10 38 862 8615
10 39 473 4732
10 40 569 5687
11 1 109 1086
11 2 658 6581
11 3 511 5111
11 4 492 4924
11 5 436 4362
11 6 624 6236
11 7 90 897
11 8 86 857
11 9 377 3770
11 10 602 6022
11 12 517 5174
11 13 542 5421
11 14 582 5819
11 15 262 2620
11 16 311 3110
11 17 507 5069
11 18 323 3228
11 19 597 5971
11 20 540 5404
11 21 364 3637
11 22 59 588
11 23 593 5931
11 24 862 8622
11 25 483 4830
11 26 38 375
11 27 774 7737
11 28 682 6822
11 29 95 952
11 30 289 2886
11 31 618 6178
11 32 503 5029
11 33 245 2450
11 34 50 505
11 35 90 898
11 36 698 6984
11 37 453 4530
11 38 300 3002
11 39 139 1389
11 40 742 7423
12 1 626 6259
12 2 1066 10664
12 3 260 2604
12 4 111 1107
12 5 773 7729
12 6 486 4865
12 7 535 5353
12 8 598 5981
12 9 545 5449
12 10 92 922
12 11 517 5174
12 13 491 4912
12 14 931 9311
12 15 442 4416
12 16 776 7764
12 17 200 2000
12 18 413 4131
12 19 677 6767
12 20 986 9859
12 21 520 5199
12 22 572 5723
12 23 129 1287
12 24 733 7329
12 25 610 6105
12 26 554 5539
12 27 723 7230
12 28 174 1744
12 29 604 6040
12 30 669 6687
12 31 925 9249
12 32 757 7573
12 33 273 2728
12 34 467 4670
12 35 450 4499
12 36 722 7215
12 37 651 6514
12 38 771 7706
12 39 393 3931
12 40 592 5915
13 1 607 6073
13 2 734 7337
13 3 238 2376
13 4 381 3813
13 5 968 9679
13 6 100 1005
13 7 479 4786
13 8 568 5682
13 9 217 2173
13 10 500 4999
13 11 542 5421
13 12 491 4912
13 14 567 5669
13 15 281 2810
13 16 589 5891
13 17 297 2972
13 18 712 7120
13 19 198 1976
13 20 712 7123
13 21 808 8077
13 22 558 5578
13 23 619 6195
13 24 322 3218
13 25 187 1868
13 26 571 5707
13 27 255 2548
13 28 530 5300
13 29 627 6273
13 30 823 8233
13 31 527 5275
13 32 365 3647
13 33 460 4604
13 34 514 5143
13 35 457 4572
13 36 231 2307
13 37 263 2625
13 38 836 8360
13 39 431 4312
13 40 203 2026
14 1 540 5395
14 2 171 1711
14 3 749 7494
14 4 845 8448
14 5 947 9467
14 6 660 6596
14 7 498 4979
14 8 522 5225
14 9 396 3963
14 10 981 9814
14 11 582 5819
14 12 931 9311
14 13 567 5669
14 15 491 4913
14 16 316 3163
14 17 792 7924
14 18 901 9005
14 19 416 4155
14 20 217 2165
14 21 945 9446
14 22 540 5397
14 23 1049 10489
14 24 739 7390
14 25 380 3802
14 26 575 5753
14 27 609 6093
14 28 1038 10381
14 29 591 5912
14 30 813 8135
14 31 80 800
14 32 202 2022
14 33 730 7303
14 34 605 6048
14 35 570 5698
14 36 498 4977
14 37 308 3078
14 38 720 7202
14 39 605 6048
14 40 708 7077
15 1 329 3288
15 2 625 6253
15 3 310 3102
15 4 365 3646
15 5 694 6937
15 6 367 3674
15 7 199 1992
15 8 290 2895
15 9 140 1400
15 10 500 4998
15 11 262 2620
15 12 442 4416
15 13 281 2810
15 14 491 4913
15 16 367 3671
15 17 333 3331
15 18 485 4847
15 19 352 3523
15 20 553 5534
15 21 565 5652
15 22 278 2775
15 23 558 5576
15 24 600 6002
15 25 243 2435
15 26 290 2898
15 27 514 5139
15 28 565 5652
15 29 346 3464
15 30 547 5473
15 31 493 4931
15 32 334 3343
15 33 258 2582
15 34 239 2389
15 35 181 1809
15 36 446 4462
15 37 244 2440
15 38 555 5553
15 39 170 1699
15 40 483 4826
16 1 238 2381
16 2 353 3526
16 3 677 6772
16 4 719 7191
16 5 631 6312
16 6 689 6889
16 7 251 2505
16 8 233 2329
16 9 372 3718
16 10 849 8485
16 11 311 3110
16 12 776 7764
16 13 589 5891
16 14 316 3163
16 15 367 3671
16 17 699 6988
16 18 631 6310
16 19 536 5355
16 20 229 2294
16 21 655 6554
16 22 257 2565
16 23 874 8736
16 24 863 8635
16 25 438 4381
16 26 292 2917
16 27 746 7457
16 28 921 9207
16 29 291 2906
16 30 501 5015
16 31 377 3770
16 32 342 3420
16 33 524 5235
16 34 350 3496
16 35 338 3383
16 36 643 6426
16 37 368 3677
16 38 404 4043
16 39 391 3905
16 40 781 7813
17 1 607 6071
17 2 943 9430
17 3 61 608
17 4 90 902
17 5 857 8569
17 6 287 2865
17 7 490 4900
17 8 572 5718
17 9 396 3961
17 10 204 2040
17 11 507 5069
17 12 200 2000
17 13 297 2972
17 14 792 7924
17 15 333 3331
17 16 699 6988
17 18 528 5281
17 19 490 4898
17 20 883 8835
17 21 636 6357
17 22 550 5502
17 23 326 3256
17 24 537 5367
17 25 439 4393
17 26 544 5440
17 27 523 5231
17 28 247 2470
17 29 602 6018
17 30 730 7302
17 31 773 7735
17 32 603 6030
17 33 303 3031
17 34 460 4603
17 35 421 4209
17 36 525 5253
17 37 493 4933
17 38 798 7977
17 39 368 3679
17 40 394 3944
18 1 401 4005
18 2 981 9806
18 3 567 5666
18 4 462 4619
18 5 365 3648
18 6 761 7611
18 7 403 4027
18 8 398 3983
18 9 624 6244
18 10 503 5032
18 11 323 3228
18 12 413 4131
18 13 712 7120
18 14 901 9005
18 15 485 4847
18 16 631 6310
18 17 528 5281
18 19 833 8334
18 20 860 8598
18 21 109 1086
18 22 375 3745
18 23 415 4150
18 24 1023 10227
18 25 728 7278
18 26 339 3394
18 27 966 9663
18 28 582 5824
18 29 353 3526
18 30 288 2878
18 31 930 9298
18 32 797 7967
18 33 252 2519
18 34 296 2958
18 35 336 3362
18 36 919 9187
18 37 723 7233
18 38 427 4271
18 39 319 3185
18 40 884 8843
19 1 631 6309
19 2 587 5866
19 3 432 4320
19 4 569 5693
19 5 1033 10330
19 6 265 2654
19 7 515 5152
19 8 595 5946
19 9 220 2203
19 10 694 6938
19 11 597 5971
19 12 677 6767
19 13 198 1976
19 14 416 4155
19 15 352 3523
19 16 536 5355
19 17 490 4898
19 18 833 8334
19 20 597 5971
19 21 917 9172
19 22 593 5931
19 23 805 8054
19 24 335 3355
19 25 114 1143
19 26 616 6163
19 27 211 2114
19 28 727 7271
19 29 665 6648
19 30 885 8854
19 31 360 3599
19 32 225 2245
19 33 592 5919
19 34 585 5848
19 35 528 5277
19 36 108 1082
19 37 169 1686
19 38 863 8628
19 39 522 5222
19 40 293 2926
20 1 463 4628
20 2 142 1419
20 3 852 8518
20 4 917 9173
20 5 823 8234
20 6 811 8115
20 7 476 4762
20 8 462 4615
20 9 507 5075
20 10 1051 10513
20 11 540 5404
20 12 986 9859
20 13 712 7123
20 14 217 2165
20 15 553 5534
20 16 229 2294
20 17 883 8835
20 18 860 8598
20 19 597 5971
20 21 880 8796
20 22 486 4857
20 23 1090 10905
20 24 931 9310
20 25 532 5322
20 26 521 5205
20 27 803 8030
20 28 1118 11185
20 29 514 5143
20 30 708 7077
20 31 296 2965
20 32 373 3727
20 33 745 7450
20 34 578 5781
20 35 563 5625
20 36 692 6916
20 37 453 4535
20 38 586 5857
20 39 612 6116
20 40 880 8801
21 1 418 4175
21 2 1008 10080
21 3 673 6728
21 4 570 5705
21 5 270 2703
21 6 862 8618
21 7 451 4514
21 8 425 4255
21 9 703 7025
21 10 609 6090
21 11 364 3637
21 12 520 5199
21 13 808 8077
21 14 945 9446
21 15 565 5652
21 16 655 6554
21 17 636 6357
21 18 109 1086
21 19 917 9172
21 20 880 8796
21 22 406 4058
21 23 512 5120
21 24 1122 11223
21 25 808 8082
21 26 370 3698
21 27 1061 10606
21 28 687 6870
21 29 366 3655
21 30 229 2287
21 31 981 9814
21 32 860 8601
21 33 352 3515
21 34 350 3503
21 35 400 4002
21 36 1007 10071
21 37 796 7958
21 38 383 3825
21 39 395 3954
21 40 985 9855
22 1 57 569
22 2 607 6067
22 3 550 5496
22 4 542 5419
22 5 444 4444
22 6 645 6445
22 7 80 800
22 8 27 269
22 9 376 3760
22 10 656 6556
22 11 59 588
22 12 572 5723
22 13 558 5578
22 14 540 5397
22 15 278 2775
22 16 257 2565
22 17 550 5502
22 18 375 3745
22 19 593 5931
22 20 486 4857
22 21 406 4058
22 23 651 6509
22 24 874 8741
22 25 479 4790
22 26 36 360
22 27 779 7792
22 28 735 7348
22 29 72 718
22 30 298 2980
22 31 581 5808
22 32 478 4781
22 33 301 3011
22 34 107 1071
22 35 130 1296
22 36 698 6975
22 37 440 4401
22 38 278 2783
22 39 185 1852
22 40 760 7600
23 1 701 7007
23 2 1178 11783
23 3 386 3864
23 4 238 2382
23 5 779 7791
23 6 611 6106
23 7 626 6258
23 8 678 6775
23 9 668 6685
23 10 151 1510
23 11 593 5931
23 12 129 1287
23 13 619 6195
23 14 1049 10489
23 15 558 5576
23 16 874 8736
23 17 326 3256
23 18 415 4150
23 19 805 8054
23 20 1090 10905
23 21 512 5120
23 22 651 6509
23 24 851 8506
23 25 738 7376
23 26 627 6274
23 27 848 8477
23 28 201 2009
23 29 671 6712
23 30 695 6948
23 31 1047 10465
23 32 880 8805
23 33 352 3523
23 34 544 5438
23 35 538 5379
23 36 849 8495
23 37 776 7760
23 38 815 8151
23 39 484 4835
23 40 711 7109
24 1 921 9209
24 2 908 9082
24 3 480 4803
24 4 626 6264
24 5 1290 12896
24 6 262 2622
24 7 794 7942
24 8 882 8821
24 9 508 5082
24 10 706 7062
24 11 862 8622
24 12 733 7329
24 13 322 3218
24 14 739 7390
24 15 600 6002
24 16 863 8635
24 17 537 5367
24 18 1023 10227
24 19 335 3355
24 20 931 9310
24 21 1122 11223
24 22 874 8741
24 23 851 8506
24 25 426 4255
24 26 889 8895
24 27 130 1298
24 28 701 7011
24 29 945 9448
24 30 1145 11449
24 31 673 6731
24 32 559 5586
24 33 771 7713
24 34 836 8358
24 35 778 7785
24 36 241 2413
24 37 497 4972
24 38 1152 11522
24 39 753 7527
24 40 143 1426
25 1 517 5175
25 2 547 5471
25 3 388 3877
25 4 509 5087
25 5 919 9188
25 6 282 2819
25 7 401 4009
25 8 481 4809
25 9 107 1069
25 10 641 6408
25 11 483 4830
25 12 610 6105
25 13 187 1868
25 14 380 3802
25 15 243 2435
25 16 438 4381
25 17 439 4393
25 18 728 7278
25 19 114 1143
25 20 532 5322
25 21 808 8082
25 22 479 4790
25 23 738 7376
25 24 426 4255
25 26 502 5020
25 27 312 3117
25 28 685 6851
25 29 551 5507
25 30 771 7711
25 31 344 3440
25 32 178 1782
25 33 493 4926
25 34 472 4718
25 35 415 4151
25 36 219 2194
25 37 79 787
25 38 750 7498
25 39 413 4129
25 40 351 3506
26 1 73 733
26 2 642 6424
26 3 547 5473
26 4 530 5299
26 5 418 4177
26 6 654 6545
26 7 101 1014
26 8 59 591
26 9 397 3974
26 10 639 6392
26 11 38 375
26 12 554 5539
26 13 571 5707
26 14 575 5753
26 15 290 2898
26 16 292 2917
26 17 544 5440
26 18 339 3394
26 19 616 6163
26 20 521 5205
26 21 370 3698
26 22 36 360
26 23 627 6274
26 24 889 8895
26 25 502 5020
26 27 798 7979
26 28 719 7194
26 29 59 592
26 30 270 2703
26 31 616 6156
26 32 509 5094
26 33 281 2813
26 34 87 874
26 35 125 1250
26 36 719 7194
26 37 467 4670
26 38 267 2673
26 39 176 1761
26 40 772 7719
27 1 822 8224
27 2 778 7783
27 3 463 4627
27 4 613 6127
27 5 1208 12076
27 6 237 2372
27 7 699 6993
27 8 784 7844
27 9 405 4049
27 10 713 7127
27 11 774 7737
27 12 723 7230
27 13 255 2548
27 14 609 6093
27 15 514 5139
27 16 746 7457
27 17 523 5231
27 18 966 9663
27 19 211 2114
27 20 803 8030
27 21 1061 10606
27 22 779 7792
27 23 848 8477
27 24 130 1298
27 25 312 3117
27 26 798 7979
27 28 722 7225
27 29 851 8508
27 30 1061 10609
27 31 543 5433
27 32 431 4314
27 33 715 7150
27 34 753 7527
27 35 695 6947
27 36 112 1118
27 37 378 3780
27 38 1055 10551
27 39 676 6764
27 40 164 1641
28 1 790 7900
28 2 1186 11855
28 3 298 2980
28 4 202 2019
28 5 945 9449
28 6 491 4913
28 7 690 6899
28 8 760 7597
28 9 642 6421
28 10 82 824
28 11 682 6822
28 12 174 1744
28 13 530 5300
28 14 1038 10381
28 15 565 5652
28 16 921 9207
28 17 247 2470
28 18 582 5824
28 19 727 7271
28 20 1118 11185
28 21 687 6870
28 22 735 7348
28 23 201 2009
28 24 701 7011
28 25 685 6851
28 26 719 7194
28 27 722 7225
28 29 772 7718
28 30 843 8430
28 31 1020 10204
28 32 850 8500
28 33 441 4409
28 34 632 6320
28 35 608 6083
28 36 748 7475
28 37 740 7403
28 38 944 9439
28 39 551 5512
28 40 570 5696
29 1 53 526
29 2 643 6430
29 3 606 6062
29 4 585 5851
29 5 375 3755
29 6 712 7123
29 7 151 1515
29 8 74 741
29 9 448 4479
29 10 691 6909
29 11 95 952
29 12 604 6040
29 13 627 6273
29 14 591 5912
29 15 346 3464
29 16 291 2906
29 17 602 6018
29 18 353 3526
29 19 665 6648
29 20 514 5143
29 21 366 3655
29 22 72 718
29 23 671 6712
29 24 945 9448
29 25 551 5507
29 26 59 592
29 27 851 8508
29 28 772 7718
29 30 231 2307
29 31 638 6377
29 32 544 5440
29 33 331 3314
29 34 142 1423
29 35 184 1841
29 36 769 7693
29 37 511 5106
29 38 209 2091
29 39 234 2340
29 40 829 8290
30 1 278 2781
30 2 845 8450
30 3 751 7511
30 4 687 6872
30 5 148 1477
30 6 898 8980
30 7 372 3716
30 8 305 3047
30 9 666 6655
30 10 761 7609
30 11 289 2886
30 12 669 6687
30 13 823 8233
30 14 813 8135
30 15 547 5473
30 16 501 5015
30 17 730 7302
30 18 288 2878
30 19 885 8854
30 20 708 7077
30 21 229 2287
30 22 298 2980
30 23 695 6948
30 24 1145 11449
30 25 771 7711
30 26 270 2703
30 27 1061 10609
30 28 843 8430
30 29 231 2307
30 31 865 8645
30 32 775 7747
30 33 428 4277
30 34 309 3092
30 35 367 3669
30 36 987 9870
30 37 737 7371
30 38 156 1561
30 39 395 3948
30 40 1020 10197
31 1 587 5874
31 2 236 2365
31 3 726 7263
31 4 833 8327
31 5 1002 10017
31 6 615 6151
31 7 530 5304
31 8 566 5662
31 9 381 3810
31 10 969 9686
31 11 618 6178
31 12 925 9249
31 13 527 5275
31 14 80 800
31 15 493 4931
31 16 377 3770
31 17 773 7735
31 18 930 9298
31 19 360 3599
31 20 296 2965
31 21 981 9814
31 22 581 5808
31 23 1047 10465
31 24 673 6731
31 25 344 3440
31 26 616 6156
31 27 543 5433
31 28 1020 10204
31 29 638 6377
31 30 865 8645
31 32 170 1705
31 33 743 7428
31 34 635 6351
31 35 595 5946
31 36 433 4328
31 37 280 2804
31 38 781 7806
31 39 624 6236
31 40 652 6522
32 1 499 4992
32 2 371 3708
32 3 556 5560
32 4 663 6632
32 5 919 9190
32 6 458 4577
32 7 413 4132
32 8 470 4700
32 9 212 2123
32 10 799 7988
32 11 503 5029
32 12 757 7573
32 13 365 3647
32 14 202 2022
32 15 334 3343
32 16 342 3420
32 17 603 6030
32 18 797 7967
32 19 225 2245
32 20 373 3727
32 21 860 8601
32 22 478 4781
32 23 880 8805
32 24 559 5586
32 25 178 1782
32 26 509 5094
32 27 431 4314
32 28 850 8500
32 29 544 5440
32 30 775 7747
32 31 170 1705
32 33 591 5906
32 34 510 5098
32 35 462 4617
32 36 321 3209
32 37 110 1100
32 38 718 7178
32 39 481 4810
32 40 512 5116
33 1 354 3536
33 2 843 8429
33 3 329 3294
33 4 263 2630
33 5 554 5543
33 6 510 5104
33 7 274 2741
33 8 327 3273
33 9 396 3957
33 10 360 3596
33 11 245 2450
33 12 273 2728
33 13 460 4604
33 14 730 7303
33 15 258 2582
33 16 524 5235
33 17 303 3031
33 18 252 2519
33 19 592 5919
33 20 745 7450
33 21 352 3515
33 22 301 3011
33 23 352 3523
33 24 771 7713
33 25 493 4926
33 26 281 2813
33 27 715 7150
33 28 441 4409
33 29 331 3314
33 30 428 4277
33 31 743 7428
33 32 591 5906
33 34 195 1947
33 35 186 1859
33 36 672 6716
33 37 502 5020
33 38 508 5076
33 39 133 1335
33 40 634 6340
34 1 159 1590
34 2 691 6909
34 3 467 4674
34 4 443 4430
34 5 455 4550
34 6 591 5914
34 7 107 1072
34 8 134 1338
34 9 365 3649
34 10 552 5519
34 11 50 505
34 12 467 4670
34 13 514 5143
34 14 605 6048
34 15 239 2389
34 16 350 3496
34 17 460 4603
34 18 296 2958
34 19 585 5848
34 20 578 5781
34 21 350 3503
34 22 107 1071
34 23 544 5438
34 24 836 8358
34 25 472 4718
34 26 87 874
34 27 753 7527
34 28 632 6320
34 29 142 1423
34 30 309 3092
34 31 635 6351
34 32 510 5098
34 33 195 1947
34 35 58 580
34 36 683 6829
34 37 450 4498
34 38 341 3406
34 39 94 941
34 40 712 7120
35 1 186 1864
35 2 667 6673
35 3 423 4225
35 4 413 4132
35 5 513 5129
35 6 536 5360
35 7 88 881
35 8 153 1526
35 9 308 3082
35 10 530 5303
35 11 90 898
35 12 450 4499
35 13 457 4572
35 14 570 5698
35 15 181 1809
35 16 338 3383
35 17 421 4209
35 18 336 3362
35 19 528 5277
35 20 563 5625
35 21 400 4002
35 22 130 1296
35 23 538 5379
35 24 778 7785
35 25 415 4151
35 26 125 1250
35 27 695 6947
35 28 608 6083
35 29 184 1841
35 30 367 3669
35 31 595 5946
35 32 462 4617
35 33 186 1859
35 34 58 580
35 36 625 6253
35 37 396 3962
35 38 390 3899
35 39 57 571
35 40 656 6558
36 1 737 7369
36 2 667 6671
36 3 465 4648
36 4 611 6113
36 5 1135 11346
36 6 259 2588
36 7 619 6187
36 8 700 7001
36 9 322 3220
36 10 725 7254
36 11 698 6984
36 12 722 7215
36 13 231 2307
36 14 498 4977
36 15 446 4462
36 16 643 6426
36 17 525 5253
36 18 919 9187
36 19 108 1082
36 20 692 6916
36 21 1007 10071
36 22 698 6975
36 23 849 8495
36 24 241 2413
36 25 219 2194
36 26 719 7194
36 27 112 1118
36 28 748 7475
36 29 769 7693
36 30 987 9870
36 31 433 4328
36 32 321 3209
36 33 672 6716
36 34 683 6829
36 35 625 6253
36 37 277 2766
36 38 969 9692
36 39 615 6146
36 40 237 2374
37 1 472 4724
37 2 472 4720
37 3 446 4461
37 4 555 5551
37 5 884 8843
37 6 360 3596
37 7 366 3660
37 8 438 4381
37 9 109 1090
37 10 690 6902
37 11 453 4530
37 12 651 6514
37 13 263 2625
37 14 308 3078
37 15 244 2440
37 16 368 3677
37 17 493 4933
37 18 723 7233
37 19 169 1686
37 20 453 4535
37 21 796 7958
37 22 440 4401
37 23 776 7760
37 24 497 4972
37 25 79 787
37 26 467 4670
37 27 378 3780
37 28 740 7403
37 29 511 5106
37 30 737 7371
37 31 280 2804
37 32 110 1100
37 33 502 5020
37 34 450 4498
37 35 396 3962
37 36 277 2766
37 38 702 7019
37 39 405 4048
37 40 429 4287
38 1 233 2328
38 2 727 7267
38 3 808 8077
38 4 770 7700
38 5 239 2386
38 6 921 9214
38 7 358 3581
38 8 271 2707
38 9 650 6504
38 10 862 8615
38 11 300 3002
38 12 771 7706
38 13 836 8360
38 14 720 7202
38 15 555 5553
38 16 404 4043
38 17 798 7977
38 18 427 4271
38 19 863 8628
38 20 586 5857
38 21 383 3825
38 22 278 2783
38 23 815 8151
38 24 1152 11522
38 25 750 7498
38 26 267 2673
38 27 1055 10551
38 28 944 9439
38 29 209 2091
38 30 156 1561
38 31 781 7806
38 32 718 7178
38 33 508 5076
38 34 341 3406
38 35 390 3899
38 36 969 9692
38 37 702 7019
38 39 435 4347
38 40 1038 10380
39 1 242 2417
39 2 711 7113
39 3 373 3734
39 4 357 3567
39 5 537 5374
39 6 503 5032
39 7 143 1428
39 8 209 2091
39 9 308 3076
39 10 473 4732
39 11 139 1389
39 12 393 3931
39 13 431 4312
39 14 605 6048
39 15 170 1699
39 16 391 3905
39 17 368 3679
39 18 319 3185
39 19 522 5222
39 20 612 6116
39 21 395 3954
39 22 185 1852
39 23 484 4835
39 24 753 7527
39 25 413 4129
39 26 176 1761
39 27 676 6764
39 28 551 5512
39 29 234 2340
39 30 395 3948
39 31 624 6236
39 32 481 4810
39 33 133 1335
39 34 94 941
39 35 57 571
39 36 615 6146
39 37 405 4048
39 38 435 4347
39 40 625 6252
40 1 810 8098
40 2 879 8787
40 3 338 3378
40 4 484 4843
40 5 1162 11624
40 6 124 1239
40 7 681 6809
40 8 771 7707
40 9 412 4121
40 10 569 5687
40 11 742 7423
40 12 592 5915
40 13 203 2026
40 14 708 7077
40 15 483 4826
40 16 781 7813
40 17 394 3944
40 18 884 8843
40 19 293 2926
40 20 880 8801
40 21 985 9855
40 22 760 7600
40 23 711 7109
40 24 143 1426
40 25 351 3506
40 26 772 7719
40 27 164 1641
40 28 570 5696
40 29 829 8290
40 30 1020 10197
40 31 652 6522
40 32 512 5116
40 33 634 6340
40 34 712 7120
40 35 656 6558
40 36 237 2374
40 37 429 4287
40 38 1038 10380
40 39 625 6252
