40
1000
697
4
28
19
18
37
12
3
25
27
34
13
8
10
18
32
4
40
35
1 2 673 6734
1 3 746 7463
1 4 360 3596
1 5 806 8056
1 6 326 3261
1 7 537 5371
1 8 96 957
1 9 369 3689
1 10 447 4466
1 11 548 5478
1 12 721 7207
1 13 541 5405
1 14 467 4672
1 15 711 7115
1 16 687 6870
1 17 821 8212
1 18 580 5799
1 19 694 6943
1 20 913 9126
1 21 471 4711
1 22 766 7656
1 23 819 8194
1 24 767 7669
1 25 720 7205
1 26 551 5514
1 27 291 2915
1 28 473 4733
1 29 228 2276
1 30 808 8077
1 31 839 8391
1 32 557 5567
1 33 723 7235
1 34 862 8623
1 35 326 3257
1 36 490 4900
1 37 448 4478
1 38 100 997
1 39 102 1015
1 40 637 6375
2 1 673 6734
2 3 225 2254
2 4 767 7668
2 5 680 6802
2 6 593 5932
2 7 357 3565
2 8 612 6122
2 9 457 4567
2 10 412 4115
2 11 680 6803
2 12 513 5130
2 13 438 4382
2 14 1018 10184
2 15 110 1101
2 16 25 254
2 17 411 4108
2 18 215 2149
2 19 739 7387
2 20 723 7230
2 21 319 3191
2 22 167 1667
2 23 380 3800
2 24 538 5381
2 25 526 5261
2 26 177 1765
2 27 835 8351
2 28 752 7523
2 29 749 7490
2 30 502 5018
2 31 222 2218
2 32 381 3809
2 33 564 5636
2 34 200 1999
2 35 396 3963
2 36 816 8158
2 37 578 5777
2 38 722 7216
2 39 775 7749
2 40 649 6490
3 1 746 7463
3 2 225 2254
3 4 923 9227
3 5 904 9044
3 6 562 5619
3 7 566 5661
3 8 710 7101
3 9 430 4299
3 10 602 6022
3 11 879 8791
3 12 737 7374
3 13 647 6474
3 14 1154 11535
3 15 328 3280
3 16 245 2450
3 17 631 6310
3 18 167 1665
3 19 952 9522
3 20 948 9483
3 21 511 5112
3 22 84 840
3 23 598 5982
3 24 763 7634
3 25 750 7502
3 26 204 2037
3 27 964 9635
3 28 675 6752
3 29 754 7538
3 30 727 7265
3 31 125 1248
3 32 270 2698
3 33 787 7870
3 34 330 3302
3 35 424 4239
3 36 992 9923
3 37 766 7661
3 38 817 8169
3 39 843 8429
3 40 862 8617
4 1 360 3596
4 2 767 7668
4 3 923 9227
4 5 560 5604
4 6 666 6659
4 7 467 4667
4 8 298 2977
4 9 662 6617
4 10 375 3749
4 11 263 2626
4 12 547 5470
4 13 415 4150
4 14 268 2682
4 15 751 7515
4 16 769 7688
4 17 718 7177
4 18 773 7729
4 19 400 3996
4 20 672 6724
4 21 458 4580
4 22 910 9096
4 23 732 7321
4 24 586 5862
4 25 540 5396
4 26 721 7211
4 27 147 1472
4 28 830 8301
4 29 585 5846
4 30 653 6533
4 31 979 9785
4 32 818 8180
4 33 523 5228
4 34 909 9090
4 35 575 5751
4 36 132 1323
4 37 242 2425
4 38 272 2721
4 39 376 3756
4 40 380 3796
5 1 806 8056
5 2 680 6802
5 3 904 9044
5 4 560 5604
5 6 991 9912
5 7 368 3682
5 8 711 7107
5 9 908 9080
5 10 402 4021
5 11 298 2981
5 12 167 1672
5 13 306 3064
5 14 794 7937
5 15 591 5907
5 16 664 6636
5 17 338 3385
5 18 832 8315
5 19 187 1867
5 20 112 1122
5 21 452 4520
5 22 845 8445
5 23 373 3734
5 24 150 1501
5 25 154 1542
5 26 768 7681
5 27 707 7066
5 28 1183 11835
5 29 1016 10155
5 30 219 2188
5 31 886 8857
5 32 966 9656
5 33 119 1187
5 34 693 6929
5 35 800 7997
5 36 482 4820
5 37 360 3604
5 38 763 7629
5 39 872 8717
5 40 181 1813
6 1 326 3261
6 2 593 5932
6 3 562 5619
6 4 666 6659
6 5 991 9912
6 7 645 6453
6 8 368 3682
6 9 138 1381
6 10 590 5895
6 11 793 7931
6 12 863 8634
6 13 688 6879
6 14 792 7918
6 15 675 6754
6 16 615 6154
6 17 892 8921
6 18 413 4126
6 19 928 9282
6 20 1084 10839
6 21 559 5590
6 22 613 6130
6 23 877 8770
6 24 908 9078
6 25 869 8685
6 26 422 4218
6 27 617 6172
6 28 192 1925
6 29 206 2058
6 30 922 9221
6 31 680 6798
6 32 306 3060
6 33 886 8859
6 34 792 7919
6 35 214 2140
6 36 788 7883
6 37 672 6718
6 38 426 4257
6 39 382 3824
6 40 853 8526
7 1 537 5371
7 2 357 3565
7 3 566 5661
7 4 467 4667
7 5 368 3682
7 6 645 6453
7 8 446 4455
7 9 548 5479
7 10 99 990
7 11 326 3264
7 12 220 2203
7 13 82 818
7 14 734 7342
7 15 304 3039
7 16 348 3482
7 17 285 2850
7 18 470 4701
7 19 386 3861
7 20 446 4460
7 21 87 872
7 22 522 5216
7 23 287 2870
7 24 263 2632
7 25 227 2273
7 26 406 4062
7 27 575 5747
7 28 837 8369
7 29 710 7104
7 30 281 2807
7 31 578 5778
7 32 598 5978
7 33 252 2520
7 34 454 4536
7 35 441 4415
7 36 482 4822
7 37 239 2390
7 38 535 5349
7 39 627 6271
7 40 296 2956
8 1 96 957
8 2 612 6122
8 3 710 7101
8 4 298 2977
8 5 711 7107
8 6 368 3682
8 7 446 4455
8 9 376 3761
8 10 353 3530
8 11 459 4589
8 12 625 6253
8 13 446 4456
8 14 458 4578
8 15 639 6393
8 16 623 6234
8 17 730 7304
8 18 546 5461
8 19 604 6042
8 20 817 8172
8 21 384 3839
8 22 720 7197
8 23 730 7301
8 24 671 6714
8 25 625 6249
8 26 509 5088
8 27 269 2687
8 28 536 5362
8 29 313 3125
8 30 713 7133
8 31 793 7930
8 32 551 5507
8 33 628 6278
8 34 794 7939
8 35 307 3072
8 36 422 4219
8 37 354 3543
8 38 110 1095
8 39 182 1820
8 40 544 5444
9 1 369 3689
9 2 457 4567
9 3 430 4299
9 4 662 6617
9 5 908 9080
9 6 138 1381
9 7 548 5479
9 8 376 3761
9 10 508 5081
9 11 743 7432
9 12 768 7682
9 13 602 6015
9 14 829 8294
9 15 543 5425
9 16 479 4794
9 17 775 7754
9 18 276 2757
9 19 868 8678
9 20 993 9933
9 21 461 4608
9 22 477 4768
9 23 757 7574
9 24 811 8107
9 25 775 7750
9 26 284 2839
9 27 643 6434
9 28 304 3042
9 29 325 3245
9 30 816 8164
9 31 545 5449
9 32 193 1928
9 33 797 7968
9 34 655 6546
9 35 109 1085
9 36 772 7722
9 37 618 6178
9 38 461 4612
9 39 450 4498
9 40 786 7859
10 1 447 4466
10 2 412 4115
10 3 602 6022
10 4 375 3749
10 5 402 4021
10 6 590 5895
10 7 99 990
10 8 353 3530
10 9 508 5081
10 11 278 2776
10 12 282 2816
10 13 100 1000
10 14 641 6407
10 15 380 3797
10 16 408 4085
10 17 381 3811
10 18 483 4831
10 19 372 3720
10 20 495 4952
10 21 93 927
10 22 570 5696
10 23 385 3852
10 24 328 3276
10 25 284 2842
10 26 421 4209
10 27 477 4770
10 28 782 7820
10 29 632 6323
10 30 362 3615
10 31 632 6321
10 32 589 5890
10 33 297 2973
10 34 536 5356
10 35 400 3996
10 36 406 4057
10 37 166 1663
10 38 438 4382
10 39 533 5332
10 40 284 2843
11 1 548 5478
11 2 680 6803
11 3 879 8791
11 4 263 2626
11 5 298 2981
11 6 793 7931
11 7 326 3264
11 8 459 4589
11 9 743 7432
11 10 278 2776
11 12 311 3113
11 13 248 2477
11 14 502 5023
11 15 629 6292
11 16 674 6736
11 17 505 5052
11 18 759 7593
11 19 147 1473
11 20 410 4099
11 21 368 3680
11 22 843 8428
11 23 528 5278
11 24 343 3432
11 25 301 3008
11 26 698 6977
11 27 409 4093
11 28 978 9785
11 29 771 7714
11 30 418 4182
11 31 902 9021
11 32 854 8537
11 33 275 2752
11 34 774 7735
11 35 638 6383
11 36 196 1955
11 37 126 1260
11 38 487 4873
11 39 598 5978
11 40 119 1185
12 1 721 7207
12 2 513 5130
12 3 737 7374
12 4 547 5470
12 5 167 1672
12 6 863 8634
12 7 220 2203
12 8 625 6253
12 9 768 7682
12 10 282 2816
12 11 311 3113
12 13 182 1823
12 14 806 8059
12 15 424 4243
12 16 496 4964
12 17 203 2028
12 18 669 6695
12 19 275 2754
12 20 227 2270
12 21 307 3074
12 22 677 6773
12 23 232 2319
12 24 46 463
12 25 15 147
12 26 607 6066
12 27 683 6831
12 28 1056 10556
12 29 914 9137
12 30 107 1075
12 31 719 7192
12 32 809 8094
12 33 56 557
12 34 534 5337
12 35 662 6617
12 36 506 5062
12 37 310 3102
12 38 697 6967
12 39 800 7999
12 40 209 2090
13 1 541 5405
13 2 438 4382
13 3 647 6474
13 4 415 4150
13 5 306 3064
13 6 688 6879
13 7 82 818
13 8 446 4456
13 9 602 6015
13 10 100 1000
13 11 248 2477
13 12 182 1823
13 14 683 6829
13 15 382 3816
13 16 429 4294
13 17 307 3066
13 18 547 5468
13 19 305 3053
13 20 396 3961
13 21 150 1504
13 22 603 6034
13 23 318 3179
13 24 228 2285
13 25 184 1844
13 26 483 4831
13 27 536 5358
13 28 880 8804
13 29 731 7315
13 30 268 2684
13 31 659 6593
13 32 668 6676
13 33 198 1980
13 34 527 5268
13 35 493 4933
13 36 414 4142
13 37 176 1756
13 38 523 5232
13 39 623 6230
13 40 215 2147
14 1 467 4672
14 2 1018 10184
14 3 1154 11535
14 4 268 2682
14 5 794 7937
14 6 792 7918
14 7 734 7342
14 8 458 4578
14 9 829 8294
14 10 641 6407
14 11 502 5023
14 12 806 8059
14 13 683 6829
14 15 1013 10127
14 16 1023 10229
14 17 984 9838
14 18 994 9944
14 19 614 6141
14 20 902 9025
14 21 720 7198
14 22 1151 11507
14 23 999 9993
14 24 842 8421
14 25 797 7972
14 26 950 9498
14 27 191 1909
14 28 917 9175
14 29 646 6465
14 30 913 9132
14 31 1222 12220
14 32 1008 10084
14 33 776 7758
14 34 1171 11712
14 35 765 7648
14 36 312 3117
14 37 509 5090
14 38 370 3696
14 39 419 4195
14 40 620 6200
15 1 711 7115
15 2 110 1101
15 3 328 3280
15 4 751 7515
15 5 591 5907
15 6 675 6754
15 7 304 3039
15 8 639 6393
15 9 543 5425
15 10 380 3797
15 11 629 6292
15 12 424 4243
15 13 382 3816
15 14 1013 10127
15 16 86 859
15 17 303 3032
15 18 321 3212
15 19 669 6688
15 20 624 6243
15 21 294 2936
15 22 258 2578
15 23 271 2713
15 24 444 4442
15 25 438 4381
15 26 275 2751
15 27 837 8371
15 28 844 8440
15 29 815 8146
15 30 400 4005
15 31 295 2950
15 32 487 4866
15 33 478 4776
15 34 159 1589
15 35 468 4681
15 36 783 7831
15 37 540 5401
15 38 746 7462
15 39 812 8124
15 40 582 5816
16 1 687 6870
16 2 25 254
16 3 245 2450
16 4 769 7688
16 5 664 6636
16 6 615 6154
16 7 348 3482
16 8 623 6234
16 9 479 4794
16 10 408 4085
16 11 674 6736
16 12 496 4964
16 13 429 4294
16 14 1023 10229
16 15 86 859
16 17 388 3882
16 18 240 2402
16 19 727 7274
16 20 704 7037
16 21 317 3167
16 22 181 1810
16 23 357 3568
16 24 520 5201
16 25 510 5097
16 26 201 2008
16 27 841 8411
16 28 776 7761
16 29 768 7683
16 30 482 4815
16 31 230 2301
16 32 406 4062
16 33 548 5479
16 34 180 1802
16 35 416 4162
16 36 814 8138
16 37 574 5740
16 38 732 7323
16 39 789 7886
16 40 638 6382
17 1 821 8212
17 2 411 4108
17 3 631 6310
17 4 718 7177
17 5 338 3385
17 6 892 8921
17 7 285 2850
17 8 730 7304
17 9 775 7754
17 10 381 3811
17 11 505 5052
17 12 203 2028
17 13 307 3066
17 14 984 9838
17 15 303 3032
17 16 388 3882
17 18 608 6078
17 19 477 4774
17 20 339 3388
17 21 354 3536
17 22 558 5578
17 23 37 366
17 24 193 1931
17 25 217 2166
17 26 552 5516
17 27 842 8422
17 28 1078 10778
17 29 984 9840
17 30 120 1201
17 31 583 5835
17 32 767 7668
17 33 255 2548
17 34 366 3659
17 35 679 6788
17 36 696 6960
17 37 475 4753
17 38 819 8192
17 39 912 9121
17 40 411 4107
18 1 580 5799
18 2 215 2149
18 3 167 1665
18 4 773 7729
18 5 832 8315
18 6 413 4126
18 7 470 4701
18 8 546 5461
18 9 276 2757
18 10 483 4831
18 11 759 7593
18 12 669 6695
18 13 547 5468
18 14 994 9944
18 15 321 3212
18 16 240 2402
18 17 608 6078
18 19 850 8499
18 20 893 8925
18 21 399 3991
18 22 201 2014
18 23 581 5807
18 24 703 7031
18 25 680 6804
18 26 64 638
18 27 804 8037
18 28 551 5509
18 29 595 5953
18 30 683 6826
18 31 271 2711
18 32 166 1660
18 33 713 7129
18 34 397 3967
18 35 258 2577
18 36 853 8526
18 37 639 6393
18 38 652 6520
18 39 676 6764
18 40 760 7598
19 1 694 6943
19 2 739 7387
19 3 952 9522
19 4 400 3996
19 5 187 1867
19 6 928 9282
19 7 386 3861
19 8 604 6042
19 9 868 8678
19 10 372 3720
19 11 147 1473
19 12 275 2754
19 13 305 3053
19 14 614 6141
19 15 669 6688
19 16 727 7274
19 17 477 4774
19 18 850 8499
19 20 290 2899
19 21 451 4508
19 22 905 9052
19 23 507 5073
19 24 289 2887
19 25 261 2612
19 26 787 7865
19 27 547 5467
19 28 1116 11163
19 29 917 9166
19 30 369 3686
19 31 957 9573
19 32 961 9610
19 33 223 2228
19 34 797 7968
19 35 761 7605
19 36 304 3036
19 37 257 2569
19 38 635 6346
19 39 745 7450
19 40 91 906
20 1 913 9126
20 2 723 7230
20 3 948 9483
20 4 672 6724
20 5 112 1122
20 6 1084 10839
20 7 446 4460
20 8 817 8172
20 9 993 9933
20 10 495 4952
20 11 410 4099
20 12 227 2270
20 13 396 3961
20 14 902 9025
20 15 624 6243
20 16 704 7037
20 17 339 3388
20 18 893 8925
20 19 290 2899
20 21 533 5328
20 22 882 8820
20 23 375 3754
20 24 190 1896
20 25 219 2188
20 26 830 8303
20 27 819 8187
20 28 1276 12764
20 29 1119 11187
20 30 225 2250
20 31 915 9155
20 32 1036 10356
20 33 198 1981
20 34 705 7046
20 35 886 8860
20 36 591 5908
20 37 470 4701
20 38 873 8728
20 39 981 9811
20 40 293 2935
21 1 471 4711
21 2 319 3191
21 3 511 5112
21 4 458 4580
21 5 452 4520
21 6 559 5590
21 7 87 872
21 8 384 3839
21 9 461 4608
21 10 93 927
21 11 368 3680
21 12 307 3074
21 13 150 1504
21 14 720 7198
21 15 294 2936
21 16 317 3167
21 17 354 3536
21 18 399 3991
21 19 451 4508
21 20 533 5328
21 22 477 4770
21 23 349 3490
21 24 350 3504
21 25 314 3142
21 26 336 3358
21 27 548 5478
21 28 750 7503
21 29 632 6317
21 30 364 3643
21 31 539 5394
21 32 517 5172
21 33 337 3375
21 34 452 4516
21 35 354 3543
21 36 497 4972
21 37 259 2590
21 38 481 4814
21 39 566 5656
21 40 361 3608
22 1 766 7656
22 2 167 1667
22 3 84 840
22 4 910 9096
22 5 845 8445
22 6 613 6130
22 7 522 5216
22 8 720 7197
22 9 477 4768
22 10 570 5696
22 11 843 8428
22 12 677 6773
22 13 603 6034
22 14 1151 11507
22 15 258 2578
22 16 181 1810
22 17 558 5578
22 18 201 2014
22 19 905 9052
22 20 882 8820
22 21 477 4770
22 23 524 5240
22 24 700 7003
22 25 691 6907
22 26 214 2145
22 27 963 9628
22 28 740 7404
22 29 796 7963
22 30 658 6583
22 31 73 735
22 32 337 3367
22 33 729 7289
22 34 246 2462
22 35 453 4528
22 36 969 9692
22 37 736 7357
22 38 829 8286
22 39 865 8649
22 40 815 8153
23 1 819 8194
23 2 380 3800
23 3 598 5982
23 4 732 7321
23 5 373 3734
23 6 877 8770
23 7 287 2870
23 8 730 7301
23 9 757 7574
23 10 385 3852
23 11 528 5278
23 12 232 2319
23 13 318 3179
23 14 999 9993
23 15 271 2713
23 16 357 3568
23 17 37 366
23 18 581 5807
23 19 507 5073
23 20 375 3754
23 21 349 3490
23 22 524 5240
23 24 226 2263
23 25 246 2462
23 26 526 5259
23 27 853 8531
23 28 1061 10608
23 29 976 9756
23 30 156 1558
23 31 548 5482
23 32 741 7414
23 33 285 2855
23 34 329 3294
23 35 663 6631
23 36 716 7163
23 37 490 4903
23 38 822 8218
23 39 912 9121
23 40 438 4375
24 1 767 7669
24 2 538 5381
24 3 763 7634
24 4 586 5862
24 5 150 1501
24 6 908 9078
24 7 263 2632
24 8 671 6714
24 9 811 8107
24 10 328 3276
24 11 343 3432
24 12 46 463
24 13 228 2285
24 14 842 8421
24 15 444 4442
24 16 520 5201
24 17 193 1931
24 18 703 7031
24 19 289 2887
24 20 190 1896
24 21 350 3504
24 22 700 7003
24 23 226 2263
24 25 48 479
24 26 641 6408
24 27 724 7242
24 28 1100 10997
24 29 960 9599
24 30 80 799
24 31 739 7386
24 32 846 8464
24 33 69 692
24 34 543 5428
24 35 705 7046
24 36 539 5387
24 37 352 3523
24 38 742 7420
24 39 846 8456
24 40 234 2337
25 1 720 7205
25 2 526 5261
25 3 750 7502
25 4 540 5396
25 5 154 1542
25 6 869 8685
25 7 227 2273
25 8 625 6249
25 9 775 7750
25 10 284 2842
25 11 301 3008
25 12 15 147
25 13 184 1844
25 14 797 7972
25 15 438 4381
25 16 510 5097
25 17 217 2166
25 18 680 6804
25 19 261 2612
25 20 219 2188
25 21 314 3142
25 22 691 6907
25 23 246 2462
25 24 48 479
25 26 617 6173
25 27 677 6769
25 28 1061 10608
25 29 916 9156
25 30 117 1175
25 31 733 7331
25 32 819 8190
25 33 41 409
25 34 548 5484
25 35 668 6681
25 36 496 4959
25 37 305 3046
25 38 694 6944
25 39 798 7983
25 40 196 1963
26 1 551 5514
26 2 177 1765
26 3 204 2037
26 4 721 7211
26 5 768 7681
26 6 422 4218
26 7 406 4062
26 8 509 5088
26 9 284 2839
26 10 421 4209
26 11 698 6977
26 12 607 6066
26 13 483 4831
26 14 950 9498
26 15 275 2751
26 16 201 2008
26 17 552 5516
26 18 64 638
26 19 787 7865
26 20 830 8303
26 21 336 3358
26 22 214 2145
26 23 526 5259
26 24 641 6408
26 25 617 6173
26 27 760 7599
26 28 576 5759
26 29 591 5908
26 30 622 6223
26 31 288 2878
26 32 216 2155
26 33 649 6495
26 34 371 3713
26 35 241 2409
26 36 796 7963
26 37 579 5789
26 38 617 6168
26 39 650 6504
26 40 696 6963
27 1 291 2915
27 2 835 8351
27 3 964 9635
27 4 147 1472
27 5 707 7066
27 6 617 6172
27 7 575 5747
27 8 269 2687
27 9 643 6434
27 10 477 4770
27 11 409 4093
27 12 683 6831
27 13 536 5358
27 14 191 1909
27 15 837 8371
27 16 841 8411
27 17 842 8422
27 18 804 8037
27 19 547 5467
27 20 819 8187
27 21 548 5478
27 22 963 9628
27 23 853 8531
27 24 724 7242
27 25 677 6769
27 26 760 7599
27 28 760 7595
27 29 496 4963
27 30 788 7875
27 31 1035 10346
27 32 819 8192
27 33 663 6632
27 34 996 9959
27 35 575 5749
27 36 263 2627
27 37 373 3732
27 38 192 1918
27 39 270 2702
27 40 525 5254
28 1 473 4733
28 2 752 7523
28 3 675 6752
28 4 830 8301
28 5 1183 11835
28 6 192 1925
28 7 837 8369
28 8 536 5362
28 9 304 3042
28 10 782 7820
28 11 978 9785
28 12 1056 10556
28 13 880 8804
28 14 917 9175
28 15 844 8440
28 16 776 7761
28 17 1078 10778
28 18 551 5509
28 19 1116 11163
28 20 1276 12764
28 21 750 7503
28 22 740 7404
28 23 1061 10608
28 24 1100 10997
28 25 1061 10608
28 26 576 5759
28 27 760 7595
28 29 272 2722
28 30 1112 11124
28 31 799 7993
28 32 405 4055
28 33 1078 10783
28 34 946 9455
28 35 400 3999
28 36 958 9576
28 37 859 8594
28 38 570 5701
28 39 498 4982
28 40 1043 10426
29 1 228 2276
29 2 749 7490
29 3 754 7538
29 4 585 5846
29 5 1016 10155
29 6 206 2058
29 7 710 7104
29 8 313 3125
29 9 325 3245
29 10 632 6323
29 11 771 7714
29 12 914 9137
29 13 731 7315
29 14 646 6465
29 15 815 8146
29 16 768 7683
29 17 984 9840
29 18 595 5953
29 19 917 9166
29 20 1119 11187
29 21 632 6317
29 22 796 7963
29 23 976 9756
29 24 960 9599
29 25 916 9156
29 26 591 5908
29 27 496 4963
29 28 272 2722
29 30 990 9902
29 31 866 8663
29 32 509 5087
29 33 924 9242
29 34 948 9484
29 35 353 3530
29 36 716 7161
29 37 665 6646
29 38 314 3140
29 39 229 2287
29 40 855 8546
30 1 808 8077
30 2 502 5018
30 3 727 7265
30 4 653 6533
30 5 219 2188
30 6 922 9221
30 7 281 2807
30 8 713 7133
30 9 816 8164
30 10 362 3615
30 11 418 4182
30 12 107 1075
30 13 268 2684
30 14 913 9132
30 15 400 4005
30 16 482 4815
30 17 120 1201
30 18 683 6826
30 19 369 3686
30 20 225 2250
30 21 364 3643
30 22 658 6583
30 23 156 1558
30 24 80 799
30 25 117 1175
30 26 622 6223
30 27 788 7875
30 28 1112 11124
30 29 990 9902
30 31 690 6905
30 32 834 8337
30 33 148 1482
30 34 482 4822
30 35 713 7134
30 36 613 6134
30 37 414 4143
30 38 791 7911
30 39 891 8913
30 40 312 3121
31 1 839 8391
31 2 222 2218
31 3 125 1248
31 4 979 9785
31 5 886 8857
31 6 680 6798
31 7 578 5778
31 8 793 7930
31 9 545 5449
31 10 632 6321
31 11 902 9021
31 12 719 7192
31 13 659 6593
31 14 1222 12220
31 15 295 2950
31 16 230 2301
31 17 583 5835
31 18 271 2711
31 19 957 9573
31 20 915 9155
31 21 539 5394
31 22 73 735
31 23 548 5482
31 24 739 7386
31 25 733 7331
31 26 288 2878
31 27 1035 10346
31 28 799 7993
31 29 866 8663
31 30 690 6905
31 32 394 3939
31 33 772 7723
31 34 240 2405
31 35 525 5252
31 36 1035 10346
31 37 798 7984
31 38 902 9019
31 39 938 9382
31 40 868 8683
32 1 557 5567
32 2 381 3809
32 3 270 2698
32 4 818 8180
32 5 966 9656
32 6 306 3060
32 7 598 5978
32 8 551 5507
32 9 193 1928
32 10 589 5890
32 11 854 8537
32 12 809 8094
32 13 668 6676
32 14 1008 10084
32 15 487 4866
32 16 406 4062
32 17 767 7668
32 18 166 1660
32 19 961 9610
32 20 1036 10356
32 21 517 5172
32 22 337 3367
32 23 741 7414
32 24 846 8464
32 25 819 8190
32 26 216 2155
32 27 819 8192
32 28 405 4055
32 29 509 5087
32 30 834 8337
32 31 394 3939
32 33 848 8482
32 34 558 5578
32 35 245 2451
32 36 916 9161
32 37 729 7286
32 38 645 6447
32 39 641 6414
32 40 873 8731
33 1 723 7235
33 2 564 5636
33 3 787 7870
33 4 523 5228
33 5 119 1187
33 6 886 8859
33 7 252 2520
33 8 628 6278
33 9 797 7968
33 10 297 2973
33 11 275 2752
33 12 56 557
33 13 198 1980
33 14 776 7758
33 15 478 4776
33 16 548 5479
33 17 255 2548
33 18 713 7129
33 19 223 2228
33 20 198 1981
33 21 337 3375
33 22 729 7289
33 23 285 2855
33 24 69 692
33 25 41 409
33 26 649 6495
33 27 663 6632
33 28 1078 10783
33 29 924 9242
33 30 148 1482
33 31 772 7723
33 32 848 8482
33 34 589 5893
33 35 689 6891
33 36 471 4706
33 37 295 2947
33 38 692 6920
33 39 798 7978
33 40 164 1645
34 1 862 8623
34 2 200 1999
34 3 330 3302
34 4 909 9090
34 5 693 6929
34 6 792 7919
34 7 454 4536
34 8 794 7939
34 9 655 6546
34 10 536 5356
34 11 774 7735
34 12 534 5337
34 13 527 5268
34 14 1171 11712
34 15 159 1589
34 16 180 1802
34 17 366 3659
34 18 397 3967
34 19 797 7968
34 20 705 7046
34 21 452 4516
34 22 246 2462
34 23 329 3294
34 24 543 5428
34 25 548 5484
34 26 371 3713
34 27 996 9959
34 28 946 9455
34 29 948 9484
34 30 482 4822
34 31 240 2405
34 32 558 5578
34 33 589 5893
34 35 596 5960
34 36 936 9357
34 37 692 6924
34 38 902 9017
34 39 964 9637
34 40 714 7137
35 1 326 3257
35 2 396 3963
35 3 424 4239
35 4 575 5751
35 5 800 7997
35 6 214 2140
35 7 441 4415
35 8 307 3072
35 9 109 1085
35 10 400 3996
35 11 638 6383
35 12 662 6617
35 13 493 4933
35 14 765 7648
35 15 468 4681
35 16 416 4162
35 17 679 6788
35 18 258 2577
35 19 761 7605
35 20 886 8860
35 21 354 3543
35 22 453 4528
35 23 663 6631
35 24 705 7046
35 25 668 6681
35 26 241 2409
35 27 575 5749
35 28 400 3999
35 29 353 3530
35 30 713 7134
35 31 525 5252
35 32 245 2451
35 33 689 6891
35 34 596 5960
35 36 679 6786
35 37 512 5124
35 38 406 4058
35 39 420 4198
35 40 678 6779
36 1 490 4900
36 2 816 8158
36 3 992 9923
36 4 132 1323
36 5 482 4820
36 6 788 7883
36 7 482 4822
36 8 422 4219
36 9 772 7722
36 10 406 4057
36 11 196 1955
36 12 506 5062
36 13 414 4142
36 14 312 3117
36 15 783 7831
36 16 814 8138
36 17 696 6960
36 18 853 8526
36 19 304 3036
36 20 591 5908
36 21 497 4972
36 22 969 9692
36 23 716 7163
36 24 539 5387
36 25 496 4959
36 26 796 7963
36 27 263 2627
36 28 958 9576
36 29 716 7161
36 30 613 6134
36 31 1035 10346
36 32 916 9161
36 33 471 4706
36 34 936 9357
36 35 679 6786
36 37 243 2434
36 38 404 4044
36 39 508 5077
36 40 310 3104
37 1 448 4478
37 2 578 5777
37 3 766 7661
37 4 242 2425
37 5 360 3604
37 6 672 6718
37 7 239 2390
37 8 354 3543
37 9 618 6178
37 10 166 1663
37 11 126 1260
37 12 310 3102
37 13 176 1756
37 14 509 5090
37 15 540 5401
37 16 574 5740
37 17 475 4753
37 18 639 6393
37 19 257 2569
37 20 470 4701
37 21 259 2590
37 22 736 7357
37 23 490 4903
37 24 352 3523
37 25 305 3046
37 26 579 5789
37 27 373 3732
37 28 859 8594
37 29 665 6646
37 30 414 4143
37 31 798 7984
37 32 729 7286
37 33 295 2947
37 34 692 6924
37 35 512 5124
37 36 243 2434
37 38 403 4027
37 39 511 5113
37 40 190 1901
38 1 100 997
38 2 722 7216
38 3 817 8169
38 4 272 2721
38 5 763 7629
38 6 426 4257
38 7 535 5349
38 8 110 1095
38 9 461 4612
38 10 438 4382
38 11 487 4873
38 12 697 6967
38 13 523 5232
38 14 370 3696
38 15 746 7462
38 16 732 7323
38 17 819 8192
38 18 652 6520
38 19 635 6346
38 20 873 8728
38 21 481 4814
38 22 829 8286
38 23 822 8218
38 24 742 7420
38 25 694 6944
38 26 617 6168
38 27 192 1918
38 28 570 5701
38 29 314 3140
38 30 791 7911
38 31 902 9019
38 32 645 6447
38 33 692 6920
38 34 902 9017
38 35 406 4058
38 36 404 4044
38 37 403 4027
38 39 110 1104
38 40 587 5874
39 1 102 1015
39 2 775 7749
39 3 843 8429
39 4 376 3756
39 5 872 8717
39 6 382 3824
39 7 627 6271
39 8 182 1820
39 9 450 4498
39 10 533 5332
39 11 598 5978
39 12 800 7999
39 13 623 6230
39 14 419 4195
39 15 812 8124
39 16 789 7886
39 17 912 9121
39 18 676 6764
39 19 745 7450
39 20 981 9811
39 21 566 5656
39 22 865 8649
39 23 912 9121
39 24 846 8456
39 25 798 7983
39 26 650 6504
39 27 270 2702
39 28 498 4982
39 29 229 2287
39 30 891 8913
39 31 938 9382
39 32 641 6414
39 33 798 7978
39 34 964 9637
39 35 420 4198
39 36 508 5077
39 37 511 5113
39 38 110 1104
39 40 697 6973
40 1 637 6375
40 2 649 6490
40 3 862 8617
40 4 380 3796
40 5 181 1813
40 6 853 8526
40 7 296 2956
40 8 544 5444
40 9 786 7859
40 10 284 2843
40 11 119 1185
40 12 209 2090
40 13 215 2147
40 14 620 6200
40 15 582 5816
40 16 638 6382
40 17 411 4107
40 18 760 7598
40 19 91 906
40 20 293 2935
40 21 361 3608
40 22 815 8153
40 23 438 4375
40 24 234 2337
40 25 196 1963
40 26 696 6963
40 27 525 5254
40 28 1043 10426
40 29 855 8546
40 30 312 3121
40 31 868 8683
40 32 873 8731
40 33 164 1645
40 34 714 7137
40 35 678 6779
40 36 310 3104
40 37 190 1901
40 38 587 5874
40 39 697 6973
