30
906
222
24
5
8
13
4
17
18
14
24
15
11
16
28
22
29
9
1
7
12
21
26
2
3
25
23
0
1 2 498 4983
1 3 777 7766
1 4 291 2915
1 5 260 2597
1 6 648 6481
1 7 670 6704
1 8 686 6855
1 9 699 6986
1 10 302 3023
1 11 451 4514
1 12 368 3676
1 13 685 6849
1 14 536 5362
1 15 206 2055
1 16 296 2960
1 17 176 1763
1 18 91 910
1 19 366 3660
1 20 604 6042
1 21 841 8411
1 22 814 8135
1 23 416 4155
1 24 245 2455
1 25 475 4749
1 26 847 8467
1 27 164 1636
1 28 761 7608
1 29 788 7882
1 30 258 2583
2 1 498 4983
2 3 471 4714
2 4 634 6335
2 5 461 4607
2 6 229 2294
2 7 518 5175
2 8 791 7909
2 9 324 3241
2 10 657 6574
2 11 607 6073
2 12 347 3474
2 13 301 3011
2 14 287 2867
2 15 566 5662
2 16 520 5196
2 17 580 5796
2 18 575 5749
2 19 564 5639
2 20 696 6960
2 21 354 3542
2 22 395 3949
2 23 199 1985
2 24 675 6749
2 25 516 5155
2 26 385 3849
2 27 659 6588
2 28 420 4196
2 29 469 4690
2 30 262 2616
3 1 777 7766
3 2 471 4714
3 4 720 7197
3 5 569 5693
3 6 648 6482
3 7 209 2090
3 8 584 5841
3 9 747 7470
3 10 743 7425
3 11 548 5477
3 12 798 7981
3 13 724 7236
3 14 757 7565
3 15 931 9313
3 16 588 5884
3 17 745 7449
3 18 868 8676
3 19 574 5741
3 20 520 5204
3 21 392 3922
3 22 761 7613
3 23 382 3825
3 24 1013 10134
3 25 423 4233
3 26 306 3058
3 27 893 8933
3 28 843 8425
3 29 22 223
3 30 539 5388
4 1 291 2915
4 2 634 6335
4 3 720 7197
4 5 178 1781
4 6 837 8369
4 7 550 5500
4 8 427 4275
4 9 909 9091
4 10 25 248
4 11 221 2208
4 12 633 6334
4 13 891 8909
4 14 772 7715
4 15 488 4881
4 16 135 1346
4 17 117 1170
4 18 336 3360
4 19 154 1536
4 20 365 3650
4 21 917 9168
4 22 1010 10096
4 23 467 4673
4 24 486 4861
4 25 312 3120
4 26 891 8911
4 27 263 2630
4 28 987 9869
4 29 738 7376
4 30 379 3788
5 1 260 2597
5 2 461 4607
5 3 569 5693
5 4 178 1781
5 6 673 6726
5 7 428 4277
5 8 441 4413
5 9 751 7511
5 10 203 2028
5 11 207 2066
5 12 519 5194
5 13 731 7315
5 14 629 6288
5 15 461 4613
5 16 63 630
5 17 176 1757
5 18 341 3409
5 19 128 1284
5 20 353 3530
5 21 739 7393
5 22 845 8451
5 23 289 2893
5 24 502 5018
5 25 216 2158
5 26 716 7164
5 27 331 3315
5 28 834 8344
5 29 585 5850
5 30 218 2179
6 1 648 6481
6 2 229 2294
6 3 648 6482
6 4 837 8369
6 5 673 6726
6 7 733 7331
6 8 1020 10203
6 9 100 1001
6 10 859 8595
6 11 833 8332
6 12 359 3592
6 13 76 763
6 14 185 1848
6 15 648 6480
6 16 734 7341
6 17 766 7659
6 18 707 7067
6 19 784 7844
6 20 925 9253
6 21 379 3788
6 22 173 1728
6 23 428 4276
6 24 765 7652
6 25 745 7447
6 26 455 4547
6 27 811 8113
6 28 197 1974
6 29 640 6399
6 30 458 4583
7 1 670 6704
7 2 518 5175
7 3 209 2090
7 4 550 5500
7 5 428 4277
7 6 733 7331
7 8 377 3768
7 9 833 8327
7 10 571 5705
7 11 355 3546
7 12 787 7873
7 13 809 8089
7 14 797 7970
7 15 852 8522
7 16 429 4287
7 17 598 5984
7 18 759 7587
7 19 397 3973
7 20 312 3115
7 21 565 5649
7 22 875 8746
7 23 355 3550
7 24 916 9156
7 25 239 2388
7 26 492 4918
7 27 759 7590
7 28 930 9300
7 29 231 2312
7 30 476 4760
8 1 686 6855
8 2 791 7909
8 3 584 5841
8 4 427 4275
8 5 441 4413
8 6 1020 10203
8 7 377 3768
8 9 1114 11137
8 10 433 4333
8 11 236 2357
8 12 951 9507
8 13 1091 10911
8 14 1028 10285
8 15 891 8910
8 16 392 3916
8 17 534 5337
8 18 751 7507
8 19 320 3201
8 20 96 962
8 21 930 9299
8 22 1182 11817
8 23 593 5933
8 24 908 9079
8 25 278 2779
8 26 864 8642
8 27 690 6903
8 28 1207 12070
8 29 606 6064
8 30 624 6244
9 1 699 6986
9 2 324 3241
9 3 747 7470
9 4 909 9091
9 5 751 7511
9 6 100 1001
9 7 833 8327
9 8 1114 11137
9 10 931 9309
9 11 920 9205
9 12 372 3717
9 13 24 238
9 14 179 1786
9 15 670 6698
9 16 814 8135
9 17 830 8303
9 18 748 7478
9 19 867 8675
9 20 1018 10183
9 21 457 4565
9 22 123 1234
9 23 520 5204
9 24 787 7870
9 25 837 8369
9 26 540 5395
9 27 859 8593
9 28 97 973
9 29 738 7381
9 30 534 5338
10 1 302 3023
10 2 657 6574
10 3 743 7425
10 4 25 248
10 5 203 2028
10 6 859 8595
10 7 571 5705
10 8 433 4333
10 9 931 9309
10 11 235 2354
10 12 650 6502
10 13 913 9128
10 14 791 7915
10 15 495 4950
10 16 159 1589
10 17 126 1261
10 18 341 3409
10 19 173 1733
10 20 375 3753
10 21 942 9416
10 22 1032 10322
10 23 492 4921
10 24 487 4871
10 25 332 3320
10 26 916 9158
10 27 260 2598
10 28 1008 10079
10 29 761 7605
10 30 402 4017
11 1 451 4514
11 2 607 6073
11 3 548 5477
11 4 221 2208
11 5 207 2066
11 6 833 8332
11 7 355 3546
11 8 236 2357
11 9 920 9205
11 10 235 2354
11 12 723 7225
11 13 899 8991
11 14 816 8165
11 15 657 6569
11 16 156 1561
11 17 310 3103
11 18 521 5208
11 19 85 855
11 20 154 1535
11 21 818 8179
11 22 1002 10020
11 23 411 4113
11 24 680 6803
11 25 126 1264
11 26 772 7719
11 27 474 4740
11 28 1010 10096
11 29 568 5681
11 30 404 4042
12 1 368 3676
12 2 347 3474
12 3 798 7981
12 4 633 6334
12 5 519 5194
12 6 359 3592
12 7 787 7873
12 8 951 9507
12 9 372 3717
12 10 650 6502
12 11 723 7225
12 13 366 3656
12 14 193 1934
12 15 299 2985
12 16 579 5793
12 17 531 5307
12 18 394 3944
12 19 648 6478
12 20 857 8569
12 21 680 6801
12 22 495 4949
12 23 434 4343
12 24 415 4154
12 25 685 6849
12 26 727 7267
12 27 515 5145
12 28 412 4119
12 29 800 7998
12 30 331 3307
13 1 685 6849
13 2 301 3011
13 3 724 7236
13 4 891 8909
13 5 731 7315
13 6 76 763
13 7 809 8089
13 8 1091 10911
13 9 24 238
13 10 913 9128
13 11 899 8991
13 12 366 3656
13 14 174 1742
13 15 663 6625
13 16 794 7937
13 17 814 8137
13 18 736 7363
13 19 847 8470
13 20 996 9957
13 21 438 4377
13 22 131 1307
13 23 498 4978
13 24 780 7799
13 25 815 8145
13 26 519 5193
13 27 846 8464
13 28 121 1212
13 29 715 7149
13 30 515 5146
14 1 536 5362
14 2 287 2867
14 3 757 7565
14 4 772 7715
14 5 629 6288
14 6 185 1848
14 7 797 7970
14 8 1028 10285
14 9 179 1786
14 10 791 7915
14 11 816 8165
14 12 193 1934
14 13 174 1742
14 15 492 4919
14 16 692 6917
14 17 682 6818
14 18 577 5775
14 19 753 7530
14 20 932 9323
14 21 550 5498
14 22 302 3020
14 23 451 4507
14 24 609 6089
14 25 752 7515
14 26 615 6149
14 27 693 6930
14 28 225 2249
14 29 753 7528
14 30 414 4135
15 1 206 2055
15 2 566 5662
15 3 931 9313
15 4 488 4881
15 5 461 4613
15 6 648 6480
15 7 852 8522
15 8 891 8910
15 9 670 6698
15 10 495 4950
15 11 657 6569
15 12 299 2985
15 13 663 6625
15 14 492 4919
15 16 501 5012
15 17 371 3712
15 18 157 1570
15 19 572 5715
15 20 809 8094
15 21 920 9203
15 22 793 7927
15 23 551 5510
15 24 117 1175
15 25 674 6737
15 26 946 9459
15 27 273 2726
15 28 708 7084
15 29 940 9397
15 30 392 3925
16 1 296 2960
16 2 520 5196
16 3 588 5884
16 4 135 1346
16 5 63 630
16 6 734 7341
16 7 429 4287
16 8 392 3916
16 9 814 8135
16 10 159 1589
16 11 156 1561
16 12 579 5793
16 13 794 7937
16 14 692 6917
16 15 501 5012
16 17 173 1729
16 18 369 3689
16 19 72 718
16 20 308 3082
16 21 786 7860
16 22 906 9064
16 23 341 3412
16 24 530 5298
16 25 199 1985
16 26 758 7576
16 27 338 3381
16 28 897 8972
16 29 606 6056
16 30 281 2807
17 1 176 1763
17 2 580 5796
17 3 745 7449
17 4 117 1170
17 5 176 1757
17 6 766 7659
17 7 598 5984
17 8 534 5337
17 9 830 8303
17 10 126 1261
17 11 310 3103
17 12 531 5307
17 13 814 8137
17 14 682 6818
17 15 371 3712
17 16 173 1729
17 18 220 2202
17 19 228 2283
17 20 462 4624
17 21 891 8912
17 22 937 9373
17 23 440 4396
17 24 374 3743
17 25 371 3714
17 26 878 8777
17 27 166 1658
17 28 902 9023
17 29 760 7604
17 30 318 3180
18 1 91 910
18 2 575 5749
18 3 868 8676
18 4 336 3360
18 5 341 3409
18 6 707 7067
18 7 759 7587
18 8 751 7507
18 9 748 7478
18 10 341 3409
18 11 521 5208
18 12 394 3944
18 13 736 7363
18 14 577 5775
18 15 157 1570
18 16 369 3689
18 17 220 2202
18 19 436 4356
18 20 674 6743
18 21 923 9228
18 22 867 8666
18 23 505 5047
18 24 161 1612
18 25 557 5565
18 26 932 9323
18 27 123 1235
18 28 802 8019
18 29 879 8791
18 30 346 3457
19 1 366 3660
19 2 564 5639
19 3 574 5741
19 4 154 1536
19 5 128 1284
19 6 784 7844
19 7 397 3973
19 8 320 3201
19 9 867 8675
19 10 173 1733
19 11 85 855
19 12 648 6478
19 13 847 8470
19 14 753 7530
19 15 572 5715
19 16 72 718
19 17 228 2283
19 18 436 4356
19 20 239 2388
19 21 806 8064
19 22 956 9556
19 23 375 3753
19 24 596 5956
19 25 159 1587
19 26 770 7698
19 27 394 3936
19 28 954 9536
19 29 593 5930
19 30 340 3396
20 1 604 6042
20 2 696 6960
20 3 520 5204
20 4 365 3650
20 5 353 3530
20 6 925 9253
20 7 312 3115
20 8 96 962
20 9 1018 10183
20 10 375 3753
20 11 154 1535
20 12 857 8569
20 13 996 9957
20 14 932 9323
20 15 809 8094
20 16 308 3082
20 17 462 4624
20 18 674 6743
20 19 239 2388
20 21 848 8485
20 22 1088 10878
20 23 498 4980
20 24 834 8337
20 25 182 1818
20 26 787 7874
20 27 624 6243
20 28 1111 11113
20 29 543 5426
20 30 529 5293
21 1 841 8411
21 2 354 3542
21 3 392 3922
21 4 917 9168
21 5 739 7393
21 6 379 3788
21 7 565 5649
21 8 930 9299
21 9 457 4565
21 10 942 9416
21 11 818 8179
21 12 680 6801
21 13 438 4377
21 14 550 5498
21 15 920 9203
21 16 786 7860
21 17 891 8912
21 18 923 9228
21 19 806 8064
21 20 848 8485
21 22 421 4215
21 23 452 4525
21 24 1029 10290
21 25 697 6972
21 26 97 966
21 27 996 9956
21 28 537 5369
21 29 374 3742
21 30 587 5871
22 1 814 8135
22 2 395 3949
22 3 761 7613
22 4 1010 10096
22 5 845 8451
22 6 173 1728
22 7 875 8746
22 8 1182 11817
22 9 123 1234
22 10 1032 10322
22 11 1002 10020
22 12 495 4949
22 13 131 1307
22 14 302 3020
22 15 793 7927
22 16 906 9064
22 17 937 9373
22 18 867 8666
22 19 956 9556
22 20 1088 10878
22 21 421 4215
22 23 593 5928
22 24 910 9100
22 25 909 9089
22 26 514 5141
22 27 976 9756
22 28 138 1380
22 29 749 7492
22 30 631 6311
23 1 416 4155
23 2 199 1985
23 3 382 3825
23 4 467 4673
23 5 289 2893
23 6 428 4276
23 7 355 3550
23 8 593 5933
23 9 520 5204
23 10 492 4921
23 11 411 4113
23 12 434 4343
23 13 498 4978
23 14 451 4507
23 15 551 5510
23 16 341 3412
23 17 440 4396
23 18 505 5047
23 19 375 3753
23 20 498 4980
23 21 452 4525
23 22 593 5928
23 24 640 6397
23 25 317 3171
23 26 440 4399
23 27 556 5565
23 28 614 6141
23 29 389 3895
23 30 161 1611
24 1 245 2455
24 2 675 6749
24 3 1013 10134
24 4 486 4861
24 5 502 5018
24 6 765 7652
24 7 916 9156
24 8 908 9079
24 9 787 7870
24 10 487 4871
24 11 680 6803
24 12 415 4154
24 13 780 7799
24 14 609 6089
24 15 117 1175
24 16 530 5298
24 17 374 3743
24 18 161 1612
24 19 596 5956
24 20 834 8337
24 21 1029 10290
24 22 910 9100
24 23 640 6397
24 25 718 7175
24 26 1050 10498
24 27 233 2333
24 28 824 8238
24 29 1024 10235
24 30 479 4786
25 1 475 4749
25 2 516 5155
25 3 423 4233
25 4 312 3120
25 5 216 2158
25 6 745 7447
25 7 239 2388
25 8 278 2779
25 9 837 8369
25 10 332 3320
25 11 126 1264
25 12 685 6849
25 13 815 8145
25 14 752 7515
25 15 674 6737
25 16 199 1985
25 17 371 3714
25 18 557 5565
25 19 159 1587
25 20 182 1818
25 21 697 6972
25 22 909 9089
25 23 317 3171
25 24 718 7175
25 26 648 6477
25 27 536 5363
25 28 930 9296
25 29 443 4432
25 30 355 3545
26 1 847 8467
26 2 385 3849
26 3 306 3058
26 4 891 8911
26 5 716 7164
26 6 455 4547
26 7 492 4918
26 8 864 8642
26 9 540 5395
26 10 916 9158
26 11 772 7719
26 12 727 7267
26 13 519 5193
26 14 615 6149
26 15 946 9459
26 16 758 7576
26 17 878 8777
26 18 932 9323
26 19 770 7698
26 20 787 7874
26 21 97 966
26 22 514 5141
26 23 440 4399
26 24 1050 10498
26 25 648 6477
26 27 995 9948
26 28 624 6242
26 29 286 2862
26 30 589 5887
27 1 164 1636
27 2 659 6588
27 3 893 8933
27 4 263 2630
27 5 331 3315
27 6 811 8113
27 7 759 7590
27 8 690 6903
27 9 859 8593
27 10 260 2598
27 11 474 4740
27 12 515 5145
27 13 846 8464
27 14 693 6930
27 15 273 2726
27 16 338 3381
27 17 166 1658
27 18 123 1235
27 19 394 3936
27 20 624 6243
27 21 996 9956
27 22 976 9756
27 23 556 5565
27 24 233 2333
27 25 536 5363
27 26 995 9948
27 28 918 9179
27 29 907 9073
27 30 409 4086
28 1 761 7608
28 2 420 4196
28 3 843 8425
28 4 987 9869
28 5 834 8344
28 6 197 1974
28 7 930 9300
28 8 1207 12070
28 9 97 973
28 10 1008 10079
28 11 1010 10096
28 12 412 4119
28 13 121 1212
28 14 225 2249
28 15 708 7084
28 16 897 8972
28 17 902 9023
28 18 802 8019
28 19 954 9536
28 20 1111 11113
28 21 537 5369
28 22 138 1380
28 23 614 6141
28 24 824 8238
28 25 930 9296
28 26 624 6242
28 27 918 9179
28 29 833 8332
28 30 616 6165
29 1 788 7882
29 2 469 4690
29 3 22 223
29 4 738 7376
29 5 585 5850
29 6 640 6399
29 7 231 2312
29 8 606 6064
29 9 738 7381
29 10 761 7605
29 11 568 5681
29 12 800 7998
29 13 715 7149
29 14 753 7528
29 15 940 9397
29 16 606 6056
29 17 760 7604
29 18 879 8791
29 19 593 5930
29 20 543 5426
29 21 374 3742
29 22 749 7492
29 23 389 3895
29 24 1024 10235
29 25 443 4432
29 26 286 2862
29 27 907 9073
29 28 833 8332
29 30 547 5474
30 1 258 2583
30 2 262 2616
30 3 539 5388
30 4 379 3788
30 5 218 2179
30 6 458 4583
30 7 476 4760
30 8 624 6244
30 9 534 5338
30 10 402 4017
30 11 404 4042
30 12 331 3307
30 13 515 5146
30 14 414 4135
30 15 392 3925
30 16 281 2807
30 17 318 3180
30 18 346 3457
30 19 340 3396
30 20 529 5293
30 21 587 5871
30 22 631 6311
30 23 161 1611
30 24 479 4786
30 25 355 3545
30 26 589 5887
30 27 409 4086
30 28 616 6165
30 29 547 5474
