30
340
603
5
12
9
28
4
17
25
21
22
13
30
15
20
12
7
6
19
11
4
17
3
2
5
24
10
18
25
8
16
1
14
29
1 2 593 5925
1 3 260 2602
1 4 370 3701
1 5 719 7191
1 6 752 7519
1 7 619 6186
1 8 1118 11185
1 9 201 2011
1 10 1040 10396
1 11 556 5557
1 12 841 8410
1 13 940 9405
1 14 732 7318
1 15 228 2276
1 16 280 2798
1 17 568 5680
1 18 825 8250
1 19 685 6850
1 20 584 5845
1 21 745 7453
1 22 152 1516
1 23 992 9924
1 24 150 1501
1 25 804 8036
1 26 425 4254
1 27 97 967
1 28 950 9499
1 29 792 7921
1 30 308 3082
2 1 593 5925
2 3 393 3930
2 4 391 3906
2 5 467 4667
2 6 704 7037
2 7 38 378
2 8 638 6384
2 9 471 4712
2 10 559 5589
2 11 325 3249
2 12 665 6647
2 13 474 4738
2 14 431 4307
2 15 390 3897
2 16 321 3210
2 17 468 4678
2 18 325 3245
2 19 272 2724
2 20 231 2310
2 21 318 3178
2 22 492 4922
2 23 571 5709
2 24 515 5151
2 25 346 3457
2 26 446 4459
2 27 623 6233
2 28 563 5628
2 29 301 3008
2 30 465 4649
3 1 260 2602
3 2 393 3930
3 4 377 3771
3 5 681 6814
3 6 807 8074
3 7 409 4089
3 8 999 9994
3 9 80 804
3 10 918 9183
3 11 498 4981
3 12 848 8485
3 13 823 8231
3 14 674 6743
3 15 217 2173
3 16 99 994
3 17 576 5755
3 18 573 5735
3 19 573 5730
3 20 478 4783
3 21 634 6338
3 22 262 2620
3 23 899 8991
3 24 133 1326
3 25 683 6833
3 26 457 4568
3 27 250 2500
3 28 871 8709
3 29 540 5403
3 30 374 3744
4 1 370 3701
4 2 391 3906
4 3 377 3771
4 5 349 3489
4 6 430 4302
4 7 428 4279
4 8 766 7656
4 9 405 4047
4 10 690 6898
4 11 195 1947
4 12 484 4844
4 13 591 5914
4 14 364 3636
4 15 171 1709
4 16 288 2879
4 17 207 2065
4 18 708 7076
4 19 348 3479
4 20 257 2568
4 21 402 4023
4 22 219 2188
4 23 630 6299
4 24 406 4057
4 25 463 4632
4 26 81 808
4 27 452 4522
4 28 584 5835
4 29 680 6801
4 30 89 891
5 1 719 7191
5 2 467 4667
5 3 681 6814
5 4 349 3489
5 6 277 2767
5 7 497 4974
5 8 460 4597
5 9 729 7292
5 10 397 3970
5 11 183 1835
5 12 198 1982
5 13 312 3122
5 14 55 547
5 15 509 5090
5 16 582 5822
5 17 171 1712
5 18 765 7647
5 19 211 2109
5 20 240 2400
5 21 206 2060
5 22 568 5677
5 23 307 3066
5 24 742 7416
5 25 245 2446
5 26 304 3045
5 27 800 7997
5 28 249 2494
5 29 749 7487
5 30 420 4202
6 1 752 7519
6 2 704 7037
6 3 807 8074
6 4 430 4302
6 5 277 2767
6 7 739 7387
6 8 676 6764
6 9 831 8314
6 10 632 6319
6 11 380 3796
6 12 165 1649
6 13 565 5649
6 14 331 3311
6 15 597 5970
6 16 716 7164
6 17 246 2455
6 18 1020 10196
6 19 479 4790
6 20 475 4749
6 21 482 4823
6 22 611 6105
6 23 520 5201
6 24 825 8250
6 25 520 5202
6 26 351 3512
6 27 846 8460
6 28 456 4555
6 29 1000 10001
6 30 453 4529
7 1 619 6186
7 2 38 378
7 3 409 4089
7 4 428 4279
7 5 497 4974
7 6 739 7387
7 8 644 6441
7 9 488 4883
7 10 566 5658
7 11 361 3607
7 12 696 6956
7 13 484 4845
7 14 459 4594
7 15 421 4210
7 16 343 3433
7 17 504 5043
7 18 287 2870
7 19 298 2980
7 20 265 2647
7 21 339 3393
7 22 523 5234
7 23 585 5853
7 24 534 5345
7 25 362 3618
7 26 484 4837
7 27 645 6450
7 28 581 5810
7 29 264 2638
7 30 501 5012
8 1 1118 11185
8 2 638 6384
8 3 999 9994
8 4 766 7656
8 5 460 4597
8 6 676 6764
8 7 644 6441
8 9 1068 10677
8 10 81 811
8 11 571 5709
8 12 519 5185
8 13 179 1786
8 14 420 4198
8 15 892 8917
8 16 907 9066
8 17 628 6276
8 18 782 7819
8 19 435 4351
8 20 536 5357
8 21 374 3739
8 22 975 9746
8 23 158 1576
8 24 1098 10976
8 25 318 3182
8 26 745 7453
8 27 1183 11827
8 28 222 2217
8 29 785 7853
8 30 850 8501
9 1 201 2011
9 2 471 4712
9 3 80 804
9 4 405 4047
9 5 729 7292
9 6 831 8314
9 7 488 4883
9 8 1068 10677
9 10 987 9867
9 11 548 5479
9 12 886 8864
9 13 890 8903
9 14 727 7270
9 15 235 2347
9 16 161 1612
9 17 610 6096
9 18 650 6503
9 19 637 6370
9 20 540 5397
9 21 698 6985
9 22 246 2463
9 23 962 9618
9 24 56 562
9 25 750 7502
9 26 481 4808
9 27 173 1733
9 28 930 9303
9 29 617 6172
9 30 384 3841
10 1 1040 10396
10 2 559 5589
10 3 918 9183
10 4 690 6898
10 5 397 3970
10 6 632 6319
10 7 566 5658
10 8 81 811
10 9 987 9867
10 11 495 4953
10 12 481 4810
10 13 99 992
10 14 353 3529
10 15 812 8125
10 16 826 8256
10 17 561 5609
10 18 717 7166
10 19 355 3553
10 20 456 4560
10 21 294 2943
10 22 897 8968
10 23 119 1186
10 24 1017 10169
10 25 238 2377
10 26 673 6732
10 27 1103 11028
10 28 180 1800
10 29 718 7180
10 30 775 7754
11 1 556 5557
11 2 325 3249
11 3 498 4981
11 4 195 1947
11 5 183 1835
11 6 380 3796
11 7 361 3607
11 8 571 5709
11 9 548 5479
11 10 495 4953
11 12 365 3646
11 13 397 3971
11 14 180 1801
11 15 335 3355
11 16 399 3988
11 17 145 1454
11 18 645 6452
11 19 165 1646
11 20 104 1039
11 21 212 2120
11 22 407 4074
11 23 437 4373
11 24 563 5633
11 25 273 2728
11 26 188 1876
11 27 630 6297
11 28 394 3943
11 29 624 6238
11 30 280 2804
12 1 841 8410
12 2 665 6647
12 3 848 8485
12 4 484 4844
12 5 198 1982
12 6 165 1649
12 7 696 6956
12 8 519 5185
12 9 886 8864
12 10 481 4810
12 11 365 3646
12 13 426 4256
12 14 241 2410
12 15 655 6549
12 16 751 7512
12 17 278 2779
12 18 961 9608
12 19 406 4059
12 20 436 4364
12 21 389 3893
12 22 692 6917
12 23 365 3652
12 24 890 8901
12 25 412 4119
12 26 417 4169
12 27 930 9302
12 28 301 3014
12 29 946 9457
12 30 533 5329
13 1 940 9405
13 2 474 4738
13 3 823 8231
13 4 591 5914
13 5 312 3122
13 6 565 5649
13 7 484 4845
13 8 179 1786
13 9 890 8903
13 10 99 992
13 11 397 3971
13 12 426 4256
13 14 264 2639
13 15 713 7135
13 16 729 7293
13 17 470 4699
13 18 663 6632
13 19 257 2566
13 20 357 3572
13 21 195 1954
13 22 798 7976
13 23 113 1129
13 24 919 9194
13 25 140 1401
13 26 577 5771
13 27 1004 10042
13 28 146 1456
13 29 661 6606
13 30 677 6774
14 1 732 7318
14 2 431 4307
14 3 674 6743
14 4 364 3636
14 5 55 547
14 6 331 3311
14 7 459 4594
14 8 420 4198
14 9 727 7270
14 10 353 3529
14 11 180 1801
14 12 241 2410
14 13 264 2639
14 15 515 5149
14 16 575 5749
14 17 208 2082
14 18 720 7199
14 19 165 1652
14 20 212 2124
14 21 153 1529
14 22 582 5816
14 23 272 2719
14 24 743 7434
14 25 190 1898
14 26 330 3299
14 27 809 8085
14 28 221 2207
14 29 705 7052
14 30 441 4413
15 1 228 2276
15 2 390 3897
15 3 217 2173
15 4 171 1709
15 5 509 5090
15 6 597 5970
15 7 421 4210
15 8 892 8917
15 9 235 2347
15 10 812 8125
15 11 335 3355
15 12 655 6549
15 13 713 7135
15 14 515 5149
15 16 147 1469
15 17 377 3771
15 18 667 6671
15 19 458 4576
15 20 357 3570
15 21 518 5181
15 22 103 1026
15 23 769 7687
15 24 235 2354
15 25 576 5761
15 26 246 2461
15 27 295 2945
15 28 729 7291
15 29 636 6359
15 30 157 1573
16 1 280 2798
16 2 321 3210
16 3 99 994
16 4 288 2879
16 5 582 5822
16 6 716 7164
16 7 343 3433
16 8 907 9066
16 9 161 1612
16 10 826 8256
16 11 399 3988
16 12 751 7512
16 13 729 7293
16 14 575 5749
16 15 147 1469
16 17 480 4805
16 18 550 5498
16 19 477 4768
16 20 381 3807
16 21 538 5381
16 22 224 2240
16 23 802 8024
16 24 197 1968
16 25 589 5892
16 26 369 3686
16 27 302 3023
16 28 773 7728
16 29 517 5173
16 30 300 3000
17 1 568 5680
17 2 468 4678
17 3 576 5755
17 4 207 2065
17 5 171 1712
17 6 246 2455
17 7 504 5043
17 8 628 6276
17 9 610 6096
17 10 561 5609
17 11 145 1454
17 12 278 2779
17 13 470 4699
17 14 208 2082
17 15 377 3771
17 16 480 4805
17 18 790 7899
17 19 287 2873
17 20 249 2486
17 21 317 3167
17 22 417 4172
17 23 477 4768
17 24 612 6122
17 25 372 3719
17 26 143 1429
17 27 655 6547
17 28 421 4206
17 29 768 7679
17 30 261 2611
18 1 825 8250
18 2 325 3245
18 3 573 5735
18 4 708 7076
18 5 765 7647
18 6 1020 10196
18 7 287 2870
18 8 782 7819
18 9 650 6503
18 10 717 7166
18 11 645 6452
18 12 961 9608
18 13 663 6632
18 14 720 7199
18 15 667 6671
18 16 550 5498
18 17 790 7899
18 19 555 5548
18 20 545 5453
18 21 578 5784
18 22 764 7642
18 23 775 7754
18 24 705 7053
18 25 578 5778
18 26 768 7683
18 27 823 8231
18 28 791 7907
18 29 33 332
18 30 774 7736
19 1 685 6850
19 2 272 2724
19 3 573 5730
19 4 348 3479
19 5 211 2109
19 6 479 4790
19 7 298 2980
19 8 435 4351
19 9 637 6370
19 10 355 3553
19 11 165 1646
19 12 406 4059
19 13 257 2566
19 14 165 1652
19 15 458 4576
19 16 477 4768
19 17 287 2873
19 18 555 5548
19 20 101 1007
19 21 62 616
19 22 545 5446
19 23 326 3263
19 24 664 6641
19 25 119 1187
19 26 352 3519
19 27 748 7476
19 28 303 3032
19 29 540 5400
19 30 437 4366
20 1 584 5845
20 2 231 2310
20 3 478 4783
20 4 257 2568
20 5 240 2400
20 6 475 4749
20 7 265 2647
20 8 536 5357
20 9 540 5397
20 10 456 4560
20 11 104 1039
20 12 436 4364
20 13 357 3572
20 14 212 2124
20 15 357 3570
20 16 381 3807
20 17 249 2486
20 18 545 5453
20 19 101 1007
20 21 162 1619
20 22 445 4453
20 23 422 4222
20 24 565 5649
20 25 219 2192
20 26 275 2750
20 27 647 6470
20 28 393 3926
20 29 525 5253
20 30 346 3458
21 1 745 7453
21 2 318 3178
21 3 634 6338
21 4 402 4023
21 5 206 2060
21 6 482 4823
21 7 339 3393
21 8 374 3739
21 9 698 6985
21 10 294 2943
21 11 212 2120
21 12 389 3893
21 13 195 1954
21 14 153 1529
21 15 518 5181
21 16 538 5381
21 17 317 3167
21 18 578 5784
21 19 62 616
21 20 162 1619
21 22 604 6036
21 23 266 2662
21 24 726 7257
21 25 61 609
21 26 399 3988
21 27 809 8089
21 28 247 2473
21 29 567 5667
21 30 490 4902
22 1 152 1516
22 2 492 4922
22 3 262 2620
22 4 219 2188
22 5 568 5677
22 6 611 6105
22 7 523 5234
22 8 975 9746
22 9 246 2463
22 10 897 8968
22 11 407 4074
22 12 692 6917
22 13 798 7976
22 14 582 5816
22 15 103 1026
22 16 224 2240
22 17 417 4172
22 18 764 7642
22 19 545 5446
22 20 445 4453
22 21 604 6036
22 23 845 8447
22 24 223 2230
22 25 663 6631
22 26 275 2751
22 27 239 2385
22 28 801 8005
22 29 732 7325
22 30 160 1596
23 1 992 9924
23 2 571 5709
23 3 899 8991
23 4 630 6299
23 5 307 3066
23 6 520 5201
23 7 585 5853
23 8 158 1576
23 9 962 9618
23 10 119 1186
23 11 437 4373
23 12 365 3652
23 13 113 1129
23 14 272 2719
23 15 769 7687
23 16 802 8024
23 17 477 4768
23 18 775 7754
23 19 326 3263
23 20 422 4222
23 21 266 2662
23 22 845 8447
23 24 986 9863
23 25 226 2256
23 26 601 6015
23 27 1063 10629
23 28 65 646
23 29 772 7721
23 30 711 7110
24 1 150 1501
24 2 515 5151
24 3 133 1326
24 4 406 4057
24 5 742 7416
24 6 825 8250
24 7 534 5345
24 8 1098 10976
24 9 56 562
24 10 1017 10169
24 11 563 5633
24 12 890 8901
24 13 919 9194
24 14 743 7434
24 15 235 2354
24 16 197 1968
24 17 612 6122
24 18 705 7053
24 19 664 6641
24 20 565 5649
24 21 726 7257
24 22 223 2230
24 23 986 9863
24 25 779 7794
24 26 478 4777
24 27 118 1178
24 28 952 9518
24 29 672 6722
24 30 373 3729
25 1 804 8036
25 2 346 3457
25 3 683 6833
25 4 463 4632
25 5 245 2446
25 6 520 5202
25 7 362 3618
25 8 318 3182
25 9 750 7502
25 10 238 2377
25 11 273 2728
25 12 412 4119
25 13 140 1401
25 14 190 1898
25 15 576 5761
25 16 589 5892
25 17 372 3719
25 18 578 5778
25 19 119 1187
25 20 219 2192
25 21 61 609
25 22 663 6631
25 23 226 2256
25 24 779 7794
25 26 459 4591
25 27 865 8653
25 28 220 2201
25 29 569 5694
25 30 551 5512
26 1 425 4254
26 2 446 4459
26 3 457 4568
26 4 81 808
26 5 304 3045
26 6 351 3512
26 7 484 4837
26 8 745 7453
26 9 481 4808
26 10 673 6732
26 11 188 1876
26 12 417 4169
26 13 577 5771
26 14 330 3299
26 15 246 2461
26 16 369 3686
26 17 143 1429
26 18 768 7683
26 19 352 3519
26 20 275 2750
26 21 399 3988
26 22 275 2751
26 23 601 6015
26 24 478 4777
26 25 459 4591
26 27 513 5133
26 28 550 5498
26 29 742 7422
26 30 118 1182
27 1 97 967
27 2 623 6233
27 3 250 2500
27 4 452 4522
27 5 800 7997
27 6 846 8460
27 7 645 6450
27 8 1183 11827
27 9 173 1733
27 10 1103 11028
27 11 630 6297
27 12 930 9302
27 13 1004 10042
27 14 809 8085
27 15 295 2945
27 16 302 3023
27 17 655 6547
27 18 823 8231
27 19 748 7476
27 20 647 6470
27 21 809 8089
27 22 239 2385
27 23 1063 10629
27 24 118 1178
27 25 865 8653
27 26 513 5133
27 28 1024 10236
27 29 790 7899
27 30 398 3980
28 1 950 9499
28 2 563 5628
28 3 871 8709
28 4 584 5835
28 5 249 2494
28 6 456 4555
28 7 581 5810
28 8 222 2217
28 9 930 9303
28 10 180 1800
28 11 394 3943
28 12 301 3014
28 13 146 1456
28 14 221 2207
28 15 729 7291
28 16 773 7728
28 17 421 4206
28 18 791 7907
28 19 303 3032
28 20 393 3926
28 21 247 2473
28 22 801 8005
28 23 65 646
28 24 952 9518
28 25 220 2201
28 26 550 5498
28 27 1024 10236
28 29 785 7847
28 30 662 6620
29 1 792 7921
29 2 301 3008
29 3 540 5403
29 4 680 6801
29 5 749 7487
29 6 1000 10001
29 7 264 2638
29 8 785 7853
29 9 617 6172
29 10 718 7180
29 11 624 6238
29 12 946 9457
29 13 661 6606
29 14 705 7052
29 15 636 6359
29 16 517 5173
29 17 768 7679
29 18 33 332
29 19 540 5400
29 20 525 5253
29 21 567 5667
29 22 732 7325
29 23 772 7721
29 24 672 6722
29 25 569 5694
29 26 742 7422
29 27 790 7899
29 28 785 7847
29 30 745 7446
30 1 308 3082
30 2 465 4649
30 3 374 3744
30 4 89 891
30 5 420 4202
30 6 453 4529
30 7 501 5012
30 8 850 8501
30 9 384 3841
30 10 775 7754
30 11 280 2804
30 12 533 5329
30 13 677 6774
30 14 441 4413
30 15 157 1573
30 16 300 3000
30 17 261 2611
30 18 774 7736
30 19 437 4366
30 20 346 3458
30 21 490 4902
30 22 160 1596
30 23 711 7110
30 24 373 3729
30 25 551 5512
30 26 118 1182
30 27 398 3980
30 28 662 6620
30 29 745 7446
