40
661
435
13
21
31
20
8
26
11
4
9
1
6
12
35
29
11
11
36
12
3
16
26
29
8
19
10
35
1 2 765 7647
1 3 371 3710
1 4 614 6142
1 5 575 5746
1 6 363 3627
1 7 333 3330
1 8 376 3756
1 9 472 4722
1 10 178 1783
1 11 291 2914
1 12 657 6575
1 13 642 6424
1 14 295 2949
1 15 311 3106
1 16 459 4594
1 17 786 7861
1 18 380 3803
1 19 272 2723
1 20 340 3399
1 21 605 6050
1 22 241 2415
1 23 457 4574
1 24 477 4768
1 25 180 1804
1 26 354 3543
1 27 450 4503
1 28 413 4131
1 29 236 2358
1 30 235 2346
1 31 102 1018
1 32 592 5915
1 33 312 3120
1 34 263 2634
1 35 542 5416
1 36 343 3429
1 37 646 6460
1 38 326 3260
1 39 409 4091
1 40 320 3204
2 1 765 7647
2 3 700 6998
2 4 188 1882
2 5 625 6249
2 6 684 6843
2 7 1043 10426
2 8 871 8706
2 9 367 3667
2 10 610 6103
2 11 491 4912
2 12 170 1696
2 13 125 1251
2 14 1059 10586
2 15 885 8847
2 16 844 8440
2 17 72 715
2 18 461 4608
2 19 594 5943
2 20 1006 10056
2 21 719 7189
2 22 524 5242
2 23 434 4336
2 24 478 4777
2 25 584 5844
2 26 777 7774
2 27 609 6094
2 28 687 6869
2 29 570 5695
2 30 991 9914
2 31 664 6640
2 32 215 2150
2 33 463 4634
2 34 501 5013
2 35 354 3539
2 36 1006 10062
2 37 905 9053
2 38 451 4510
2 39 1135 11350
2 40 852 8519
3 1 371 3710
3 2 700 6998
3 4 512 5121
3 5 822 8219
3 6 17 172
3 7 427 4269
3 8 177 1769
3 9 333 3333
3 10 259 2591
3 11 288 2881
3 12 675 6748
3 13 609 6093
3 14 542 5424
3 15 678 6780
3 16 153 1529
3 17 686 6860
3 18 545 5453
3 19 161 1607
3 20 707 7067
3 21 883 8825
3 22 333 3327
3 23 268 2676
3 24 236 2356
3 25 343 3434
3 26 83 834
3 27 707 7075
3 28 45 453
3 29 231 2313
3 30 555 5546
3 31 328 3283
3 32 621 6215
3 33 430 4295
3 34 354 3543
3 35 358 3583
3 36 360 3603
3 37 298 2983
3 38 439 4391
3 39 745 7446
3 40 681 6813
4 1 614 6142
4 2 188 1882
4 3 512 5121
4 5 620 6204
4 6 497 4967
4 7 869 8690
4 8 684 6841
4 9 180 1797
4 10 447 4467
4 11 326 3264
4 12 226 2259
4 13 130 1301
4 14 902 9021
4 15 784 7844
4 16 656 6557
4 17 180 1801
4 18 384 3839
4 19 415 4146
4 20 891 8911
4 21 712 7122
4 22 374 3744
4 23 245 2454
4 24 290 2904
4 25 438 4382
4 26 591 5905
4 27 568 5681
4 28 499 4986
4 29 399 3994
4 30 847 8473
4 31 512 5124
4 32 214 2139
4 33 342 3420
4 34 356 3564
4 35 169 1688
4 36 827 8275
4 37 722 7223
4 38 333 3329
4 39 1006 10059
4 40 758 7581
5 1 575 5746
5 2 625 6249
5 3 822 8219
5 4 620 6204
5 6 806 8060
5 7 902 9017
5 8 912 9118
5 9 639 6393
5 10 571 5707
5 11 545 5450
5 12 455 4554
5 13 529 5295
5 14 803 8033
5 15 439 4385
5 16 961 9615
5 17 689 6890
5 18 287 2869
5 19 662 6617
5 20 578 5779
5 21 94 942
5 22 490 4896
5 23 692 6916
5 24 748 7477
5 25 485 4852
5 26 854 8536
5 27 124 1244
5 28 845 8450
5 29 591 5906
5 30 690 6896
5 31 533 5333
5 32 423 4229
5 33 400 4000
5 34 470 4699
5 35 703 7029
5 36 918 9175
5 37 1119 11185
5 38 394 3940
5 39 737 7372
5 40 394 3942
6 1 363 3627
6 2 684 6843
6 3 17 172
6 4 497 4967
6 5 806 8060
6 7 433 4327
6 8 190 1900
6 9 318 3176
6 10 245 2450
6 11 271 2711
6 12 658 6579
6 13 593 5929
6 14 543 5429
6 15 668 6681
6 16 170 1701
6 17 671 6713
6 18 529 5287
6 19 144 1444
6 20 700 6998
6 21 867 8672
6 22 317 3166
6 23 253 2529
6 24 223 2230
6 25 329 3288
6 26 96 958
6 27 692 6920
6 28 50 504
6 29 215 2154
6 30 551 5514
6 31 316 3163
6 32 604 6044
6 33 413 4129
6 34 338 3379
6 35 344 3445
6 36 368 3681
6 37 313 3134
6 38 422 4223
6 39 741 7413
6 40 671 6705
7 1 333 3330
7 2 1043 10426
7 3 427 4269
7 4 869 8690
7 5 902 9017
7 6 433 4327
7 8 285 2854
7 9 697 6974
7 10 436 4365
7 11 552 5522
7 12 962 9620
7 13 929 9286
7 14 188 1877
7 15 550 5502
7 16 394 3944
7 17 1049 10489
7 18 709 7090
7 19 457 4566
7 20 488 4883
7 21 922 9218
7 22 534 5337
7 23 652 6523
7 24 642 6418
7 25 487 4872
7 26 352 3518
7 27 778 7783
7 28 468 4681
7 29 473 4731
7 30 284 2837
7 31 408 4084
7 32 898 8975
7 33 626 6255
7 34 561 5605
7 35 748 7483
7 36 83 828
7 37 565 5646
7 38 640 6397
7 39 434 4344
7 40 580 5804
8 1 376 3756
8 2 871 8706
8 3 177 1769
8 4 684 6841
8 5 912 9118
8 6 190 1900
8 7 285 2854
8 9 504 5043
8 10 346 3464
8 11 421 4213
8 12 831 8315
8 13 774 7737
8 14 440 4403
8 15 680 6800
8 16 111 1109
8 17 860 8602
8 18 656 6561
8 19 291 2913
8 20 673 6726
8 21 959 9590
8 22 443 4428
8 23 442 4421
8 24 412 4125
8 25 429 4290
8 26 94 943
8 27 790 7902
8 28 206 2065
8 29 347 3465
8 30 488 4882
8 31 381 3808
8 32 774 7739
8 33 546 5461
8 34 469 4690
8 35 534 5344
8 36 207 2068
8 37 295 2953
8 38 558 5581
8 39 672 6723
8 40 694 6945
9 1 472 4722
9 2 367 3667
9 3 333 3333
9 4 180 1797
9 5 639 6393
9 6 318 3176
9 7 697 6974
9 8 504 5043
9 10 295 2951
9 11 184 1839
9 12 357 3574
9 13 280 2805
9 14 747 7472
9 15 694 6938
9 16 480 4797
9 17 358 3576
9 18 360 3597
9 19 241 2407
9 20 781 7813
9 21 722 7222
9 22 251 2513
9 23 73 726
9 24 129 1289
9 25 313 3131
9 26 411 4109
9 27 556 5556
9 28 323 3228
9 29 240 2405
9 30 706 7064
9 31 374 3738
9 32 315 3154
9 33 270 2696
9 34 244 2444
9 35 76 758
9 36 652 6516
9 37 564 5642
9 38 268 2677
9 39 878 8780
9 40 676 6758
10 1 178 1783
10 2 610 6103
10 3 259 2591
10 4 447 4467
10 5 571 5707
10 6 245 2450
10 7 436 4365
10 8 346 3464
10 9 295 2951
10 11 120 1205
10 12 526 5263
10 13 493 4933
10 14 456 4559
10 15 445 4445
10 16 391 3911
10 17 624 6235
10 18 310 3101
10 19 113 1130
10 20 505 5054
10 21 626 6261
10 22 102 1019
10 23 280 2796
10 24 303 3031
10 25 86 858
10 26 283 2829
10 27 452 4524
10 28 291 2909
10 29 58 581
10 30 412 4116
10 31 88 878
10 32 463 4625
10 33 204 2038
10 34 129 1295
10 35 363 3634
10 36 413 4126
10 37 557 5569
10 38 217 2168
10 39 587 5870
10 40 440 4395
11 1 291 2914
11 2 491 4912
11 3 288 2881
11 4 326 3264
11 5 545 5450
11 6 271 2711
11 7 552 5522
11 8 421 4213
11 9 184 1839
11 10 120 1205
11 12 418 4179
11 13 377 3766
11 14 576 5758
11 15 517 5170
11 16 438 4383
11 17 503 5031
11 18 261 2610
11 19 132 1319
11 20 598 5984
11 21 615 6146
11 22 74 739
11 23 188 1883
11 24 229 2291
11 25 131 1305
11 26 340 3403
11 27 439 4392
11 28 304 3039
11 29 81 807
11 30 526 5260
11 31 191 1911
11 32 357 3567
11 33 145 1453
11 34 80 800
11 35 257 2573
11 36 521 5212
11 37 577 5774
11 38 153 1531
11 39 695 6946
11 40 503 5029
12 1 657 6575
12 2 170 1696
12 3 675 6748
12 4 226 2259
12 5 455 4554
12 6 658 6579
12 7 962 9620
12 8 831 8315
12 9 357 3574
12 10 526 5263
12 11 418 4179
12 13 97 973
12 14 952 9516
12 15 735 7354
12 16 827 8266
12 17 234 2345
12 18 313 3126
12 19 541 5413
12 20 863 8628
12 21 550 5495
12 22 429 4286
12 23 430 4299
12 24 485 4853
12 25 480 4804
12 26 743 7433
12 27 443 4431
12 28 673 6728
12 29 498 4984
12 30 872 8721
12 31 562 5619
12 32 66 660
12 33 346 3456
12 34 402 4021
12 35 380 3797
12 36 938 9375
12 37 922 9216
12 38 332 3317
12 39 1001 10007
12 40 700 6998
13 1 642 6424
13 2 125 1251
13 3 609 6093
13 4 130 1301
13 5 529 5295
13 6 593 5929
13 7 929 9286
13 8 774 7737
13 9 280 2805
13 10 493 4933
13 11 377 3766
13 12 97 973
13 14 937 9369
13 15 761 7613
13 16 759 7586
13 17 169 1691
13 18 339 3389
13 19 489 4890
13 20 881 8810
13 21 623 6234
13 22 403 4033
13 23 352 3524
13 24 404 4045
13 25 462 4621
13 26 683 6826
13 27 499 4988
13 28 602 6025
13 29 457 4566
13 30 867 8674
13 31 542 5425
13 32 107 1066
13 33 339 3386
13 34 379 3794
13 35 291 2913
13 36 897 8966
13 37 841 8410
13 38 326 3260
13 39 1010 10099
13 40 729 7294
14 1 295 2949
14 2 1059 10586
14 3 542 5424
14 4 902 9021
14 5 803 8033
14 6 543 5429
14 7 188 1877
14 8 440 4403
14 9 747 7472
14 10 456 4559
14 11 576 5758
14 12 952 9516
14 13 937 9369
14 15 403 4028
14 16 551 5509
14 17 1077 10772
14 18 663 6635
14 19 517 5173
14 20 315 3147
14 21 807 8066
14 22 534 5344
14 23 718 7179
14 24 722 7223
14 25 475 4749
14 26 483 4825
14 27 686 6859
14 28 587 5873
14 29 507 5071
14 30 120 1200
14 31 395 3946
14 32 886 8856
14 33 606 6060
14 34 558 5575
14 35 810 8099
14 36 263 2634
14 37 733 7330
14 38 620 6199
14 39 247 2468
14 40 440 4400
15 1 311 3106
15 2 885 8847
15 3 678 6780
15 4 784 7844
15 5 439 4385
15 6 668 6681
15 7 550 5502
15 8 680 6800
15 9 694 6938
15 10 445 4445
15 11 517 5170
15 12 735 7354
15 13 761 7613
15 14 403 4028
15 16 769 7692
15 17 927 9275
15 18 425 4245
15 19 556 5562
15 20 140 1405
15 21 419 4193
15 22 444 4444
15 23 705 7049
15 24 740 7401
15 25 388 3880
15 26 665 6648
15 27 343 3429
15 28 718 7181
15 29 498 4984
15 30 283 2828
15 31 359 3589
15 32 675 6751
15 33 443 4429
15 34 449 4495
15 35 769 7695
15 36 596 5958
15 37 957 9565
15 38 452 4515
15 39 299 2989
15 40 44 443
16 1 459 4594
16 2 844 8440
16 3 153 1529
16 4 656 6557
16 5 961 9615
16 6 170 1701
16 7 394 3944
16 8 111 1109
16 9 480 4797
16 10 391 3911
16 11 438 4383
16 12 827 8266
16 13 759 7586
16 14 551 5509
16 15 769 7692
16 17 825 8248
16 18 691 6911
16 19 308 3076
16 20 773 7729
16 21 1017 10166
16 22 476 4763
16 23 410 4104
16 24 369 3689
16 25 477 4769
16 26 110 1097
16 27 843 8435
16 28 157 1571
16 29 375 3747
16 30 595 5945
16 31 444 4444
16 32 774 7741
16 33 576 5764
16 34 500 4998
16 35 495 4945
16 36 314 3139
16 37 190 1900
16 38 587 5868
16 39 781 7805
16 40 780 7797
17 1 786 7861
17 2 72 715
17 3 686 6860
17 4 180 1801
17 5 689 6890
17 6 671 6713
17 7 1049 10489
17 8 860 8602
17 9 358 3576
17 10 624 6235
17 11 503 5031
17 12 234 2345
17 13 169 1691
17 14 1077 10772
17 15 927 9275
17 16 825 8248
17 18 507 5071
17 19 595 5946
17 20 1044 10438
17 21 783 7832
17 22 545 5447
17 23 418 4184
17 24 456 4560
17 25 607 6071
17 26 766 7662
17 27 666 6664
17 28 669 6687
17 29 578 5782
17 30 1017 10167
17 31 684 6844
17 32 271 2711
17 33 495 4954
17 34 524 5239
17 35 330 3303
17 36 1007 10074
17 37 872 8721
17 38 484 4840
17 39 1168 11677
17 40 897 8966
18 1 380 3803
18 2 461 4608
18 3 545 5453
18 4 384 3839
18 5 287 2869
18 6 529 5287
18 7 709 7090
18 8 656 6561
18 9 360 3597
18 10 310 3101
18 11 261 2610
18 12 313 3126
18 13 339 3389
18 14 663 6635
18 15 425 4245
18 16 691 6911
18 17 507 5071
18 19 385 3848
18 20 550 5502
18 21 364 3642
18 22 215 2152
18 23 407 4069
18 24 462 4619
18 25 232 2322
18 26 587 5868
18 27 196 1961
18 28 564 5643
18 29 316 3164
18 30 572 5722
18 31 303 3029
18 32 251 2508
18 33 116 1160
18 34 191 1914
18 35 429 4287
18 36 704 7040
18 37 838 8381
18 38 108 1081
18 39 690 6896
18 40 391 3911
19 1 272 2723
19 2 594 5943
19 3 161 1607
19 4 415 4146
19 5 662 6617
19 6 144 1444
19 7 457 4566
19 8 291 2913
19 9 241 2407
19 10 113 1130
19 11 132 1319
19 12 541 5413
19 13 489 4890
19 14 517 5173
19 15 556 5562
19 16 308 3076
19 17 595 5946
19 18 385 3848
19 20 610 6097
19 21 724 7241
19 22 172 1721
19 23 201 2011
19 24 208 2079
19 25 190 1898
19 26 208 2085
19 27 549 5485
19 28 185 1847
19 29 72 717
19 30 494 4943
19 31 197 1975
19 32 483 4828
19 33 269 2694
19 34 194 1937
19 35 295 2952
19 36 413 4129
19 37 457 4571
19 38 279 2794
19 39 678 6780
19 40 552 5523
20 1 340 3399
20 2 1006 10056
20 3 707 7067
20 4 891 8911
20 5 578 5779
20 6 700 6998
20 7 488 4883
20 8 673 6726
20 9 781 7813
20 10 505 5054
20 11 598 5984
20 12 863 8628
20 13 881 8810
20 14 315 3147
20 15 140 1405
20 16 773 7729
20 17 1044 10438
20 18 550 5502
20 19 610 6097
20 21 553 5530
20 22 530 5305
20 23 781 7812
20 24 809 8085
20 25 468 4683
20 26 677 6771
20 27 483 4832
20 28 750 7501
20 29 563 5631
20 30 205 2046
20 31 418 4179
20 32 801 8006
20 33 550 5504
20 34 541 5414
20 35 856 8556
20 36 549 5489
20 37 963 9629
20 38 561 5608
20 39 159 1595
20 40 184 1844
21 1 605 6050
21 2 719 7189
21 3 883 8825
21 4 712 7122
21 5 94 942
21 6 867 8672
21 7 922 9218
21 8 959 9590
21 9 722 7222
21 10 626 6261
21 11 615 6146
21 12 550 5495
21 13 623 6234
21 14 807 8066
21 15 419 4193
21 16 1017 10166
21 17 783 7832
21 18 364 3642
21 19 724 7241
21 20 553 5530
21 22 554 5537
21 23 771 7710
21 24 826 8257
21 25 540 5404
21 26 907 9074
21 27 176 1759
21 28 909 9087
21 29 652 6525
21 30 689 6890
21 31 578 5781
21 32 517 5168
21 33 472 4720
21 34 537 5367
21 35 788 7882
21 36 946 9456
21 37 1181 11807
21 38 468 4678
21 39 712 7119
21 40 376 3761
22 1 241 2415
22 2 524 5242
22 3 333 3327
22 4 374 3744
22 5 490 4896
22 6 317 3166
22 7 534 5337
22 8 443 4428
22 9 251 2513
22 10 102 1019
22 11 74 739
22 12 429 4286
22 13 403 4033
22 14 534 5344
22 15 444 4444
22 16 476 4763
22 17 545 5447
22 18 215 2152
22 19 172 1721
22 20 530 5305
22 21 554 5537
22 23 262 2618
22 24 303 3027
22 25 64 642
22 26 372 3716
22 27 378 3779
22 28 356 3557
22 29 102 1018
22 30 473 4731
22 31 140 1400
22 32 364 3639
22 33 103 1034
22 34 28 276
22 35 326 3264
22 36 514 5135
22 37 629 6290
22 38 116 1158
22 39 634 6340
22 40 429 4294
23 1 457 4574
23 2 434 4336
23 3 268 2676
23 4 245 2454
23 5 692 6916
23 6 253 2529
23 7 652 6523
23 8 442 4421
23 9 73 726
23 10 280 2796
23 11 188 1883
23 12 430 4299
23 13 352 3524
23 14 718 7179
23 15 705 7049
23 16 410 4104
23 17 418 4184
23 18 407 4069
23 19 201 2011
23 20 781 7812
23 21 771 7710
23 22 262 2618
23 24 59 589
23 25 317 3172
23 26 348 3479
23 27 600 6003
23 28 253 2533
23 29 222 2217
23 30 688 6881
23 31 365 3650
23 32 387 3869
23 33 305 3051
23 34 263 2625
23 35 96 961
23 36 601 6009
23 37 492 4917
23 38 306 3062
23 39 866 8664
23 40 691 6911
24 1 477 4768
24 2 478 4777
24 3 236 2356
24 4 290 2904
24 5 748 7477
24 6 223 2230
24 7 642 6418
24 8 412 4125
24 9 129 1289
24 10 303 3031
24 11 229 2291
24 12 485 4853
24 13 404 4045
24 14 722 7223
24 15 740 7401
24 16 369 3689
24 17 456 4560
24 18 462 4619
24 19 208 2079
24 20 809 8085
24 21 826 8257
24 22 303 3027
24 23 59 589
24 25 353 3527
24 26 319 3186
24 27 654 6537
24 28 213 2133
24 29 245 2455
24 30 702 7021
24 31 391 3907
24 32 444 4443
24 33 357 3566
24 34 307 3073
24 35 126 1257
24 36 585 5846
24 37 437 4369
24 38 359 3590
24 39 885 8848
24 40 729 7291
25 1 180 1804
25 2 584 5844
25 3 343 3434
25 4 438 4382
25 5 485 4852
25 6 329 3288
25 7 487 4872
25 8 429 4290
25 9 313 3131
25 10 86 858
25 11 131 1305
25 12 480 4804
25 13 462 4621
25 14 475 4749
25 15 388 3880
25 16 477 4769
25 17 607 6071
25 18 232 2322
25 19 190 1898
25 20 468 4683
25 21 540 5404
25 22 64 642
25 23 317 3172
25 24 353 3527
25 26 368 3684
25 27 367 3666
25 28 373 3730
25 29 120 1204
25 30 410 4098
25 31 82 815
25 32 415 4148
25 33 138 1384
25 34 83 833
25 35 387 3874
25 36 475 4747
25 37 642 6417
25 38 153 1526
25 39 570 5698
25 40 376 3765
26 1 354 3543
26 2 777 7774
26 3 83 834
26 4 591 5905
26 5 854 8536
26 6 96 958
26 7 352 3518
26 8 94 943
26 9 411 4109
26 10 283 2829
26 11 340 3403
26 12 743 7433
26 13 683 6826
26 14 483 4825
26 15 665 6648
26 16 110 1097
26 17 766 7662
26 18 587 5868
26 19 208 2085
26 20 677 6771
26 21 907 9074
26 22 372 3716
26 23 348 3479
26 24 319 3186
26 25 368 3684
26 27 735 7348
26 28 118 1182
26 29 271 2712
26 30 509 5094
26 31 335 3348
26 32 687 6873
26 33 473 4734
26 34 396 3963
26 35 440 4402
26 36 281 2811
26 37 292 2918
26 38 484 4845
26 39 699 6986
26 40 674 6735
27 1 450 4503
27 2 609 6094
27 3 707 7075
27 4 568 5681
27 5 124 1244
27 6 692 6920
27 7 778 7783
27 8 790 7902
27 9 556 5556
27 10 452 4524
27 11 439 4392
27 12 443 4431
27 13 499 4988
27 14 686 6859
27 15 343 3429
27 16 843 8435
27 17 666 6664
27 18 196 1961
27 19 549 5485
27 20 483 4832
27 21 176 1759
27 22 378 3779
27 23 600 6003
27 24 654 6537
27 25 367 3666
27 26 735 7348
27 28 733 7330
27 29 477 4769
27 30 575 5749
27 31 410 4104
27 32 396 3956
27 33 298 2979
27 34 361 3609
27 35 625 6247
27 36 793 7932
27 37 1005 10054
27 38 295 2947
27 39 640 6400
27 40 300 2997
28 1 413 4131
28 2 687 6869
28 3 45 453
28 4 499 4986
28 5 845 8450
28 6 50 504
28 7 468 4681
28 8 206 2065
28 9 323 3228
28 10 291 2909
28 11 304 3039
28 12 673 6728
28 13 602 6025
28 14 587 5873
28 15 718 7181
28 16 157 1571
28 17 669 6687
28 18 564 5643
28 19 185 1847
28 20 750 7501
28 21 909 9087
28 22 356 3557
28 23 253 2533
28 24 213 2133
28 25 373 3730
28 26 118 1182
28 27 733 7330
28 29 256 2563
28 30 600 5998
28 31 365 3649
28 32 622 6224
28 33 448 4483
28 34 375 3753
28 35 339 3386
28 36 399 3991
28 37 274 2739
28 38 457 4568
28 39 790 7898
28 40 720 7200
29 1 236 2358
29 2 570 5695
29 3 231 2313
29 4 399 3994
29 5 591 5906
29 6 215 2154
29 7 473 4731
29 8 347 3465
29 9 240 2405
29 10 58 581
29 11 81 807
29 12 498 4984
29 13 457 4566
29 14 507 5071
29 15 498 4984
29 16 375 3747
29 17 578 5782
29 18 316 3164
29 19 72 717
29 20 563 5631
29 21 652 6525
29 22 102 1018
29 23 222 2217
29 24 245 2455
29 25 120 1204
29 26 271 2712
29 27 477 4769
29 28 256 2563
29 30 468 4680
29 31 145 1452
29 32 437 4368
29 33 202 2023
29 34 125 1252
29 35 307 3069
29 36 441 4406
29 37 529 5285
29 38 213 2133
29 39 645 6448
29 40 491 4911
30 1 235 2346
30 2 991 9914
30 3 555 5546
30 4 847 8473
30 5 690 6896
30 6 551 5514
30 7 284 2837
30 8 488 4882
30 9 706 7064
30 10 412 4116
30 11 526 5260
30 12 872 8721
30 13 867 8674
30 14 120 1200
30 15 283 2828
30 16 595 5945
30 17 1017 10167
30 18 572 5722
30 19 494 4943
30 20 205 2046
30 21 689 6890
30 22 473 4731
30 23 688 6881
30 24 702 7021
30 25 410 4098
30 26 509 5094
30 27 575 5749
30 28 600 5998
30 29 468 4680
30 31 336 3355
30 32 806 8063
30 33 530 5299
30 34 493 4929
30 35 775 7748
30 36 346 3460
30 37 783 7831
30 38 543 5431
30 39 190 1901
30 40 320 3202
31 1 102 1018
31 2 664 6640
31 3 328 3283
31 4 512 5124
31 5 533 5333
31 6 316 3163
31 7 408 4084
31 8 381 3808
31 9 374 3738
31 10 88 878
31 11 191 1911
31 12 562 5619
31 13 542 5425
31 14 395 3946
31 15 359 3589
31 16 444 4444
31 17 684 6844
31 18 303 3029
31 19 197 1975
31 20 418 4179
31 21 578 5781
31 22 140 1400
31 23 365 3650
31 24 391 3907
31 25 82 815
31 26 335 3348
31 27 410 4104
31 28 365 3649
31 29 145 1452
31 30 336 3355
31 32 496 4963
31 33 219 2187
31 34 163 1631
31 35 445 4450
31 36 401 4013
31 37 621 6210
31 38 233 2329
31 39 504 5044
31 40 357 3565
32 1 592 5915
32 2 215 2150
32 3 621 6215
32 4 214 2139
32 5 423 4229
32 6 604 6044
32 7 898 8975
32 8 774 7739
32 9 315 3154
32 10 463 4625
32 11 357 3567
32 12 66 660
32 13 107 1066
32 14 886 8856
32 15 675 6751
32 16 774 7741
32 17 271 2711
32 18 251 2508
32 19 483 4828
32 20 801 8006
32 21 517 5168
32 22 364 3639
32 23 387 3869
32 24 444 4443
32 25 415 4148
32 26 687 6873
32 27 396 3956
32 28 622 6224
32 29 437 4368
32 30 806 8063
32 31 496 4963
32 33 280 2796
32 34 337 3372
32 35 349 3487
32 36 874 8745
32 37 878 8776
32 38 266 2657
32 39 937 9367
32 40 641 6406
33 1 312 3120
33 2 463 4634
33 3 430 4295
33 4 342 3420
33 5 400 4000
33 6 413 4129
33 7 626 6255
33 8 546 5461
33 9 270 2696
33 10 204 2038
33 11 145 1453
33 12 346 3456
33 13 339 3386
33 14 606 6060
33 15 443 4429
33 16 576 5764
33 17 495 4954
33 18 116 1160
33 19 269 2694
33 20 550 5504
33 21 472 4720
33 22 103 1034
33 23 305 3051
33 24 357 3566
33 25 138 1384
33 26 473 4734
33 27 298 2979
33 28 448 4483
33 29 202 2023
33 30 530 5299
33 31 219 2187
33 32 280 2796
33 34 77 773
33 35 344 3437
33 36 611 6112
33 37 722 7221
33 38 14 142
33 39 673 6726
33 40 418 4185
34 1 263 2634
34 2 501 5013
34 3 354 3543
34 4 356 3564
34 5 470 4699
34 6 338 3379
34 7 561 5605
34 8 469 4690
34 9 244 2444
34 10 129 1295
34 11 80 800
34 12 402 4021
34 13 379 3794
34 14 558 5575
34 15 449 4495
34 16 500 4998
34 17 524 5239
34 18 191 1914
34 19 194 1937
34 20 541 5414
34 21 537 5367
34 22 28 276
34 23 263 2625
34 24 307 3073
34 25 83 833
34 26 396 3963
34 27 361 3609
34 28 375 3753
34 29 125 1252
34 30 493 4929
34 31 163 1631
34 32 337 3372
34 33 77 773
34 35 320 3201
34 36 541 5410
34 37 649 6491
34 38 89 891
34 39 650 6498
34 40 432 4319
35 1 542 5416
35 2 354 3539
35 3 358 3583
35 4 169 1688
35 5 703 7029
35 6 344 3445
35 7 748 7483
35 8 534 5344
35 9 76 758
35 10 363 3634
35 11 257 2573
35 12 380 3797
35 13 291 2913
35 14 810 8099
35 15 769 7695
35 16 495 4945
35 17 330 3303
35 18 429 4287
35 19 295 2952
35 20 856 8556
35 21 788 7882
35 22 326 3264
35 23 96 961
35 24 126 1257
35 25 387 3874
35 26 440 4402
35 27 625 6247
35 28 339 3386
35 29 307 3069
35 30 775 7748
35 31 445 4450
35 32 349 3487
35 33 344 3437
35 34 320 3201
35 36 697 6969
35 37 554 5536
35 38 341 3410
35 39 949 9492
35 40 752 7516
36 1 343 3429
36 2 1006 10062
36 3 360 3603
36 4 827 8275
36 5 918 9175
36 6 368 3681
36 7 83 828
36 8 207 2068
36 9 652 6516
36 10 413 4126
36 11 521 5212
36 12 938 9375
36 13 897 8966
36 14 263 2634
36 15 596 5958
36 16 314 3139
36 17 1007 10074
36 18 704 7040
36 19 413 4129
36 20 549 5489
36 21 946 9456
36 22 514 5135
36 23 601 6009
36 24 585 5846
36 25 475 4747
36 26 281 2811
36 27 793 7932
36 28 399 3991
36 29 441 4406
36 30 346 3460
36 31 401 4013
36 32 874 8745
36 33 611 6112
36 34 541 5410
36 35 697 6969
36 37 482 4818
36 38 625 6250
36 39 509 5094
36 40 622 6219
37 1 646 6460
37 2 905 9053
37 3 298 2983
37 4 722 7223
37 5 1119 11185
37 6 313 3134
37 7 565 5646
37 8 295 2953
37 9 564 5642
37 10 557 5569
37 11 577 5774
37 12 922 9216
37 13 841 8410
37 14 733 7330
37 15 957 9565
37 16 190 1900
37 17 872 8721
37 18 838 8381
37 19 457 4571
37 20 963 9629
37 21 1181 11807
37 22 629 6290
37 23 492 4917
37 24 437 4369
37 25 642 6417
37 26 292 2918
37 27 1005 10054
37 28 274 2739
37 29 529 5285
37 30 783 7831
37 31 621 6210
37 32 878 8776
37 33 722 7221
37 34 649 6491
37 35 554 5536
37 36 482 4818
37 38 730 7305
37 39 968 9676
37 40 965 9652
38 1 326 3260
38 2 451 4510
38 3 439 4391
38 4 333 3329
38 5 394 3940
38 6 422 4223
38 7 640 6397
38 8 558 5581
38 9 268 2677
38 10 217 2168
38 11 153 1531
38 12 332 3317
38 13 326 3260
38 14 620 6199
38 15 452 4515
38 16 587 5868
38 17 484 4840
38 18 108 1081
38 19 279 2794
38 20 561 5608
38 21 468 4678
38 22 116 1158
38 23 306 3062
38 24 359 3590
38 25 153 1526
38 26 484 4845
38 27 295 2947
38 28 457 4568
38 29 213 2133
38 30 543 5431
38 31 233 2329
38 32 266 2657
38 33 14 142
38 34 89 891
38 35 341 3410
38 36 625 6250
38 37 730 7305
38 39 684 6845
38 40 426 4261
39 1 409 4091
39 2 1135 11350
39 3 745 7446
39 4 1006 10059
39 5 737 7372
39 6 741 7413
39 7 434 4344
39 8 672 6723
39 9 878 8780
39 10 587 5870
39 11 695 6946
39 12 1001 10007
39 13 1010 10099
39 14 247 2468
39 15 299 2989
39 16 781 7805
39 17 1168 11677
39 18 690 6896
39 19 678 6780
39 20 159 1595
39 21 712 7119
39 22 634 6340
39 23 866 8664
39 24 885 8848
39 25 570 5698
39 26 699 6986
39 27 640 6400
39 28 790 7898
39 29 645 6448
39 30 190 1901
39 31 504 5044
39 32 937 9367
39 33 673 6726
39 34 650 6498
39 35 949 9492
39 36 509 5094
39 37 968 9676
39 38 684 6845
39 40 343 3431
40 1 320 3204
40 2 852 8519
40 3 681 6813
40 4 758 7581
40 5 394 3942
40 6 671 6705
40 7 580 5804
40 8 694 6945
40 9 676 6758
40 10 440 4395
40 11 503 5029
40 12 700 6998
40 13 729 7294
40 14 440 4400
40 15 44 443
40 16 780 7797
40 17 897 8966
40 18 391 3911
40 19 552 5523
40 20 184 1844
40 21 376 3761
40 22 429 4294
40 23 691 6911
40 24 729 7291
40 25 376 3765
40 26 674 6735
40 27 300 2997
40 28 720 7200
40 29 491 4911
40 30 320 3202
40 31 357 3565
40 32 641 6406
40 33 418 4185
40 34 432 4319
40 35 752 7516
40 36 622 6219
40 37 965 9652
40 38 426 4261
40 39 343 3431
